0.917073170731707
2454887.7398140048608184 17.0298405 0.0200063 0
2454887.7406988427974284 17.0136890 0.0200080 0
2454887.7416172455996275 17.0243759 0.0220128 0
2454887.7425315971486270 17.0374832 0.0220103 0
2454887.7434355323202908 17.0046387 0.0200083 0
2454887.7444280092604458 17.0545597 0.0220098 0
2454887.7453365740366280 17.0117416 0.0210084 0
2454887.7462584492750466 17.0131874 0.0210084 0
2454887.7471716436557472 17.0195446 0.0200076 0
2454887.7480946760624647 17.0095444 0.0210049 0
2454887.7490032408386469 17.0132618 0.0210056 0
2454887.7499204860068858 17.0235958 0.0210112 0
2454887.7508365740068257 17.0364113 0.0210057 0
2454887.7517543979920447 17.0255604 0.0220053 0
2454887.7526531252078712 17.0132484 0.0210059 0
2454887.7535726851783693 17.0265293 0.0210039 0
2454887.7544905091635883 17.0172729 0.0210063 0
2454887.7554083331488073 17.0209541 0.0240063 0
2454887.7563325231894851 17.0164680 0.0220114 0
2454887.7572474535554647 17.0447330 0.0240118 0
2454887.7581785880029202 17.0090446 0.0230059 0
2454887.7590917823836207 17.0327835 0.0240086 0
2454887.7600171295925975 16.9903221 0.0220056 0
2454887.7618961804546416 17.0385666 0.0230049 0
2454887.7627902776002884 16.9942360 0.0220198 0
2454887.7637017359957099 17.0538101 0.0230050 0
2454887.7646328704431653 17.0195446 0.0220090 0
2454887.7655541668646038 17.0275574 0.0240061 0
2454887.7664656247943640 17.0158215 0.0250051 0
2454887.7674204860813916 17.0442829 0.0240055 0
2454887.7683498840779066 16.9825268 0.0240041 0
2454887.7693741898983717 17.0315380 0.0270043 0
2454887.7705530091188848 17.0142918 0.0260063 0
2454887.7714465279132128 17.0345535 0.0250069 0
2454887.7723736111074686 17.0022545 0.0270039 0
2454887.7732908562757075 16.9970837 0.0240060 0
2454887.7742555555887520 17.0256805 0.0260041 0
2454887.7751803239807487 16.9836197 0.0250045 0
2454887.7761074071750045 17.0123444 0.0250049 0
2454887.7770414352416992 17.0271702 0.0280066 0
2454887.7779604168608785 17.0235729 0.0240058 0
2454887.7788863424211740 17.0707207 0.0260074 0
2454887.7798122684471309 16.9792557 0.0230049 0
2454887.7807370368391275 17.0097466 0.0250077 0
2454887.7817167825996876 17.0264301 0.0260056 0
2454887.7835888890549541 16.9886284 0.0280126 0
2454887.7844922454096377 17.0002842 0.0310139 0
2454887.7854181714355946 16.9772949 0.0270044 0
2454887.7863481482490897 17.0144138 0.0260047 0
2454887.7872862266376615 17.0239983 0.0280059 0
2454887.7882127314805984 16.9406643 0.0270050 0
2454887.7891357638873160 16.9479332 0.0370045 0
2454887.7900576386600733 16.8759098 0.0390073 0
2454887.7909748842939734 16.9958611 0.0300068 0
2454887.7919089118950069 17.1174526 0.0320072 0
2454887.7928527779877186 17.0153904 0.0310061 0
2454887.7937896992079914 17.0324554 0.0300056 0
2454887.7947162035852671 17.0142879 0.0310051 0
2454887.7956571760587394 17.0231190 0.0380040 0
2454887.7965848380699754 17.0474892 0.0320069 0
2454887.7975275460630655 17.0020046 0.0320086 0
2454887.7985703703016043 17.0315151 0.0370055 0
2454887.7997063659131527 16.9949512 0.0340062 0
2454887.8006496527232230 16.9878578 0.0320250 0
2454887.8016322916373610 17.0308895 0.0330058 0
2454887.8026537038385868 16.9932384 0.0330045 0
2454887.8036947916261852 17.0058670 0.0360064 0
2454887.8047144678421319 17.0431671 0.0350072 0
2454887.8056924766860902 16.9735279 0.0360066 0
2454887.8066947916522622 17.0097485 0.0380060 0
2454887.8085750001482666 16.9629021 0.0360065 0
2454887.8095032409764826 16.9886475 0.0330056 0
2454887.8114725695922971 17.0562572 0.0400087 0
2454887.8123961803503335 16.9976082 0.0410056 0
2454887.8133319444023073 17.0293503 0.0360088 0
2454887.8142671296373010 16.9759407 0.0380075 0
2454887.8152069444768131 16.9559269 0.0370086 0
2454887.8161473381333053 16.9413738 0.0400078 0
2454887.8170964121818542 16.9214268 0.0410114 0
2454887.8191074072383344 16.9374199 0.0400062 0
2454887.8200408564880490 17.0076256 0.0500185 0
2454887.8209934029728174 17.0077133 0.0490158 0
2454887.8219609954394400 16.9953651 0.0420072 0
2454887.8229123842902482 16.9574661 0.0440083 0
2454887.8238782407715917 16.9656315 0.0440110 0
2454887.8248504628427327 17.1136684 0.0570149 0
2454887.8258990738540888 16.6249256 0.0450162 0
2454887.8268562499433756 16.8621006 0.0520256 0
2454887.8278082176111639 16.9129028 0.0500088 0
2454887.8287613424472511 16.7923603 0.0580176 0
2454887.8297381945885718 16.8003426 0.0540099 0
2454887.8306537037715316 16.7684460 0.0540352 0
2454887.8315848377533257 16.7704601 0.0560115 0
2454887.8325101854279637 16.9800752904255 99 1
2454887.8334546294063330 16.8688526 0.0600606 0
2454888.6674447916448116 16.9651890 0.0240092 0
2454888.6683608796447515 16.9510536 0.0220145 0
2454888.6692607640288770 17.0174389 0.0220118 0
2454888.6701681711710989 16.9939938 0.0220165 0
2454888.6710802083835006 17.0078716 0.0220201 0
2454888.6719829859212041 17.0098896 0.0220071 0
2454888.6729060183279216 16.9227638 0.0230096 0
2454888.6738012731075287 17.0190697 0.0230140 0
2454888.6747040511108935 16.9956684 0.0220206 0
2454888.6756184026598930 17.0166721 0.0210086 0
2454888.6765431715175509 17.0091991 0.0220097 0
2454888.6774395834654570 16.9967651 0.0210100 0
2454888.6895935186184943 17.0245056 0.0240038 0
2454888.6905084489844739 16.9953041 0.0210049 0
2454888.6914349538274109 16.9825478 0.0220055 0
2454888.6923412038013339 17.0148430 0.0240073 0
2454888.6932462961412966 17.0046577 0.0230049 0
2454888.6941357636824250 16.9874783 0.0270042 0
2454888.6950402776710689 16.9953041 0.0270039 0
2454888.6959453704766929 16.9781590 0.0260047 0
2454888.6968608796596527 17.0217533 0.0240043 0
2454888.7025194442830980 17.0337429 0.0450060 0
2454888.7034413195215166 17.0698643 0.0540042 0
2454888.7043498842976987 17.0460587 0.0540042 0
2454888.7072759261354804 17.0433254 0.0500040 0
2454888.7081872685812414 17.0847454 0.0530055 0
2454888.7090981481596828 17.1715717 0.0640046 0
2454888.7100136573426425 17.0215302 0.0710046 0
2454888.7109413193538785 16.9809380 0.0620057 0
2454888.7118799770250916 17.1489525 0.0730046 0
2454888.7128006946295500 16.9800752904255 99 1
2454888.7137162038125098 17.1370583 0.0790037 0
2454888.7146427081897855 17.0251045 0.0670079 0
2454888.7155553242191672 17.0079594 0.0720123 0
2454888.7165379631333053 17.1675301 0.0780031 0
2454888.7174476850777864 16.9800752904255 99 1
2454888.7183736111037433 17.0667458 0.0910037 0
2454888.7193006942979991 16.9800752904255 99 1
2454888.7211502315476537 16.9800752904255 99 1
2454888.7220478011295199 16.9800752904255 99 1
2454888.7229563659057021 16.9800752904255 99 1
2454888.7238770835101604 16.9800752904255 99 1
2454888.7247787038795650 16.9800752904255 99 1
2454888.7256785877980292 16.9800752904255 99 1
2454888.7266351850703359 16.9800752904255 99 1
2454888.7275616899132729 17.1292477 0.0670033 0
2454888.7284939815290272 17.0588055 0.0540038 0
2454888.7294222223572433 17.0867977 0.0580034 0
2454888.7312717591412365 17.0793076 0.0610053 0
2454888.7321843751706183 17.1089840 0.0610045 0
2454888.7331114583648741 17.1537037 0.0500033 0
2454888.7340130787342787 17.1581726 0.0420031 0
2454888.7349737267941236 17.0855503 0.0380036 0
2454888.7358950232155621 17.0907974 0.0440047 0
2454888.7368302084505558 17.0334015 0.0380099 0
2454888.7377503472380340 17.0859337 0.0370048 0
2454888.7386693288572133 16.9126835 0.0350067 0
2454888.7395883100107312 17.0788269 0.0340075 0
2454888.7405211804434657 17.0191727 0.0350031 0
2454888.7414523148909211 16.9532471 0.0300051 0
2454888.7423770832829177 17.0690861 0.0360053 0
2454888.7433151621371508 17.0255318 0.0340046 0
2454888.7442549769766629 17.0779095 0.0350033 0
2454888.7451936341822147 16.8295422 0.0320061 0
2454888.7461322918534279 16.7611370 0.0320059 0
2454888.7470535878092051 16.9639778 0.0290061 0
2454888.7479812498204410 16.5144997 0.0300106 0
2454888.7489129630848765 16.9131069 0.0290032 0
2454888.7498718751594424 16.7674198 0.0290051 0
2454888.7507966435514390 16.9649105 0.0300043 0
2454888.7517289351671934 16.9697075 0.0320040 0
2454888.7526432871818542 16.5085945 0.0300100 0
2454888.7535784724168479 16.8849468 0.0310046 0
2454888.7545165508054197 16.6628609 0.0300065 0
2454888.7554476852528751 17.0018921 0.0310052 0
2454888.7563805556856096 16.9692440 0.0300056 0
2454888.7573082176968455 17.0284824 0.0330039 0
2454888.7582358797080815 16.9758854 0.0330060 0
2454888.7591681713238358 16.9613686 0.0300039 0
2454888.7600981481373310 16.9441624 0.0330044 0
2454888.7610315973870456 16.9786739 0.0280048 0
2454888.7619598377496004 17.0220833 0.0320056 0
2454888.7628956018015742 16.9770126 0.0350061 0
2454888.7638631942681968 16.9098701 0.0340044 0
2454888.7647983795031905 17.0123158 0.0320066 0
2454888.7657763888128102 17.0133286 0.0360056 0
2454888.7667086804285645 16.9336796 0.0380048 0
2454888.7676403936930001 16.9697495 0.0350146 0
2454888.7685732636600733 16.9760876 0.0300064 0
2454888.7696270835585892 16.8076286 0.0340064 0
2454888.7705732639878988 16.6311169 0.0320061 0
2454888.7715084492228925 16.6466541 0.0310067 0
2454888.7724303239956498 16.6226406 0.0310074 0
2454888.7733620372600853 16.2965221 0.0280128 0
2454888.7743105324916542 16.7260094 0.0330070 0
2454888.7761843749321997 16.9984341 0.0640075 0
2454888.7771444446407259 16.9800752904255 99 1
2454888.7781050927005708 16.9800752904255 99 1
2454888.7790119214914739 16.9800752904255 99 1
2454888.7799465279094875 16.9800752904255 99 1
2454888.7809378472156823 16.9424992 0.0310099 0
2454888.7818875000812113 16.9956913 0.0320163 0
2454888.7828354164958000 16.9800752904255 99 1
2454888.7837873841635883 16.9800752904255 99 1
2454888.7847306714393198 16.9733124 0.0320070 0
2454888.7856895835138857 16.9435425 0.0330053 0
2454888.7866369211114943 16.9860573 0.0320053 0
2454888.7875900464132428 16.9672680 0.0310103 0
2454888.7885396992787719 16.9540138 0.0310069 0
2454888.7894795136526227 17.0197487 0.0340099 0
