0.946341463414634
2454887.7398140048608184 16.7598419 0.0160078 0
2454887.7406988427974284 16.7546902 0.0160100 0
2454887.7416172455996275 16.7633762 0.0170165 0
2454887.7425315971486270 16.7764835 0.0160142 0
2454887.7434355323202908 16.7526379 0.0160104 0
2454887.7444280092604458 16.7675591 0.0170127 0
2454887.7453365740366280 16.7687416 0.0160110 0
2454887.7462584492750466 16.7781868 0.0160110 0
2454887.7471716436557472 16.7545433 0.0160095 0
2454887.7480946760624647 16.7785435 0.0160065 0
2454887.7490032408386469 16.7622604 0.0160073 0
2454887.7499204860068858 16.7675953 0.0170138 0
2454887.7508365740068257 16.7894115 0.0170071 0
2454887.7517543979920447 16.7735596 0.0170069 0
2454887.7526531252078712 16.7522488 0.0160077 0
2454887.7535726851783693 16.7455292 0.0170048 0
2454887.7544905091635883 16.7452717 0.0170078 0
2454887.7554083331488073 16.7599564 0.0180084 0
2454887.7563325231894851 16.7814674 0.0170147 0
2454887.7572474535554647 16.7617321 0.0180158 0
2454887.7581785880029202 16.7630444 0.0180075 0
2454887.7590917823836207 16.7837830 0.0190109 0
2454887.7600171295925975 16.7723217 0.0180069 0
2454887.7618961804546416 16.7605667 0.0180063 0
2454887.7627902776002884 16.7652359 0.0170256 0
2454887.7637017359957099 16.7538090 0.0170068 0
2454887.7646328704431653 16.7665443 0.0170117 0
2454887.7655541668646038 16.7445583 0.0180081 0
2454887.7664656247943640 16.7758217 0.0190067 0
2454887.7674204860813916 16.7322826 0.0190070 0
2454887.7683498840779066 16.7745285 0.0180055 0
2454887.7693741898983717 16.7695389 0.0200058 0
2454887.7705530091188848 16.7682915 0.0190086 0
2454887.7714465279132128 16.7755547 0.0190090 0
2454887.7723736111074686 16.7842541 0.0210050 0
2454887.7732908562757075 16.7520847 0.0190075 0
2454887.7742555555887520 16.7316818 0.0180059 0
2454887.7751803239807487 16.7456207 0.0190059 0
2454887.7761074071750045 16.7803459 0.0200061 0
2454887.7770414352416992 16.7541714 0.0200092 0
2454887.7779604168608785 16.7395725 0.0190073 0
2454887.7788863424211740 16.7527199 0.0190101 0
2454887.7798122684471309 16.7292557 0.0180063 0
2454887.7807370368391275 16.7867470 0.0190102 0
2454887.7817167825996876 16.7954292 0.0200073 0
2454887.7835888890549541 16.7566280 0.0210168 0
2454887.7844922454096377 16.7832851 0.0220196 0
2454887.7854181714355946 16.7292938 0.0200060 0
2454887.7863481482490897 16.7344151 0.0190064 0
2454887.7872862266376615 16.7629986 0.0200083 0
2454887.7882127314805984 16.7756634 0.0230059 0
2454887.7891357638873160 16.7989330 0.0280059 0
2454887.7900576386600733 16.7249088 0.0290098 0
2454887.7909748842939734 16.7758617 0.0230089 0
2454887.7919089118950069 16.7604542 0.0230100 0
2454887.7928527779877186 16.7503910 0.0220086 0
2454887.7937896992079914 16.7754555 0.0230073 0
2454887.7947162035852671 16.7492886 0.0230068 0
2454887.7956571760587394 16.7241173 0.0270057 0
2454887.7965848380699754 16.7114887 0.0230095 0
2454887.7975275460630655 16.7540054 0.0230119 0
2454887.7985703703016043 16.7345161 0.0240084 0
2454887.7997063659131527 16.7499523 0.0260081 0
2454887.8006496527232230 16.7548580 0.0250319 0
2454887.8016322916373610 16.8018894 0.0260074 0
2454887.8026537038385868 16.7522392 0.0250059 0
2454887.8036947916261852 16.7168674 0.0250092 0
2454887.8047144678421319 16.7401676 0.0270093 0
2454887.8056924766860902 16.7495289 0.0270088 0
2454887.8066947916522622 16.7147465 0.0260087 0
2454887.8085750001482666 16.7279034 0.0270086 0
2454887.8095032409764826 16.7276478 0.0250074 0
2454887.8114725695922971 16.7102566 0.0280124 0
2454887.8123961803503335 16.7286072 0.0290079 0
2454887.8133319444023073 16.8173504 0.0280113 0
2454887.8142671296373010 16.7439404 0.0290098 0
2454887.8152069444768131 16.7109261 0.0300106 0
2454887.8161473381333053 16.7483730 0.0310101 0
2454887.8170964121818542 16.7634277 0.0320146 0
2454887.8191074072383344 16.7924194 0.0320078 0
2454887.8200408564880490 16.7306252 0.0340272 0
2454887.8209934029728174 16.7587128 0.0340228 0
2454887.8219609954394400 16.7473640 0.0320094 0
2454887.8229123842902482 16.7414665 0.0320114 0
2454887.8238782407715917 16.7616310 0.0340142 0
2454887.8248504628427327 16.7966690 0.0380224 0
2454887.8258990738540888 16.8159256 0.0480152 0
2454887.8268562499433756 16.8190994 0.0430310 0
2454887.8278082176111639 16.7669029 0.0370118 0
2454887.8287613424472511 16.7933598 0.0490208 0
2454887.8297381945885718 16.7103424 0.0420127 0
2454887.8306537037715316 16.8514462 0.0480395 0
2454887.8315848377533257 16.7514610 0.0460140 0
2454887.8325101854279637 16.8770638 0.0540191 0
2454887.8334546294063330 16.7588539 0.0450807 0
2454888.6674447916448116 16.7701893 0.0180123 0
2454888.6683608796447515 16.7590542 0.0170187 0
2454888.6692607640288770 16.7344379 0.0170153 0
2454888.6701681711710989 16.7719936 0.0180202 0
2454888.6710802083835006 16.7428722 0.0170260 0
2454888.6719829859212041 16.7168903 0.0170092 0
2454888.6729060183279216 16.7467651 0.0180122 0
2454888.6738012731075287 16.7200680 0.0160202 0
2454888.6747040511108935 16.7086678 0.0170267 0
2454888.6756184026598930 16.7196732 0.0160113 0
2454888.6765431715175509 16.7811985 0.0170125 0
2454888.6774395834654570 16.7647648 0.0160132 0
2454888.6895935186184943 16.7475071 0.0180051 0
2454888.6905084489844739 16.7363033 0.0160064 0
2454888.6914349538274109 16.7375469 0.0170072 0
2454888.6923412038013339 16.7428436 0.0180097 0
2454888.6932462961412966 16.7596550 0.0190059 0
2454888.6941357636824250 16.7624798 0.0200056 0
2454888.6950402776710689 16.7643051 0.0200052 0
2454888.6959453704766929 16.7631588 0.0200061 0
2454888.6968608796596527 16.7337532 0.0180058 0
2454888.7025194442830980 16.8387413 0.0340080 0
2454888.7034413195215166 16.7418652 0.0350065 0
2454888.7043498842976987 16.7720604 0.0380060 0
2454888.7072759261354804 16.7873249 0.0350058 0
2454888.7081872685812414 16.7217445 0.0340086 0
2454888.7090981481596828 16.7855701 0.0400073 0
2454888.7100136573426425 16.7205296 0.0470069 0
2454888.7109413193538785 16.7579384 0.0440081 0
2454888.7118799770250916 16.7769527 0.0430078 0
2454888.7128006946295500 16.8543777 0.0570078 0
2454888.7137162038125098 16.7160587 0.0430068 0
2454888.7146427081897855 16.7811050 0.0450117 0
2454888.7155553242191672 16.7399597 0.0470188 0
2454888.7165379631333053 16.7295303 0.0420058 0
2454888.7174476850777864 16.7693176 0.0460094 0
2454888.7183736111037433 16.7857456 0.0550060 0
2454888.7193006942979991 16.7123966 0.0460086 0
2454888.7211502315476537 16.7138519 0.0650122 0
2454888.7220478011295199 16.7573485128866 99 1
2454888.7229563659057021 16.7573485128866 99 1
2454888.7238770835101604 16.7573485128866 99 1
2454888.7247787038795650 16.7573485128866 99 1
2454888.7256785877980292 16.7886276 0.0810112 0
2454888.7266351850703359 16.7619553 0.0470049 0
2454888.7275616899132729 16.6932487 0.0390057 0
2454888.7284939815290272 16.7618046 0.0350059 0
2454888.7294222223572433 16.7547989 0.0360055 0
2454888.7312717591412365 16.7593060 0.0390083 0
2454888.7321843751706183 16.7219830 0.0360076 0
2454888.7331114583648741 16.7237053 0.0290057 0
2454888.7340130787342787 16.7361717 0.0280047 0
2454888.7349737267941236 16.7755508 0.0260052 0
2454888.7358950232155621 16.7527981 0.0290071 0
2454888.7368302084505558 16.7634010 0.0260145 0
2454888.7377503472380340 16.7109337 0.0250071 0
2454888.7386693288572133 16.7496853 0.0270087 0
2454888.7395883100107312 16.7368279 0.0240107 0
2454888.7405211804434657 16.7021732 0.0230047 0
2454888.7414523148909211 16.7342472 0.0230066 0
2454888.7423770832829177 16.7640858 0.0240079 0
2454888.7433151621371508 16.7275314 0.0230068 0
2454888.7442549769766629 16.7599106 0.0240048 0
2454888.7451936341822147 16.7675419 0.0270072 0
2454888.7461322918534279 16.7573485128866 99 1
2454888.7470535878092051 16.7319775 0.0220081 0
2454888.7479812498204410 16.7964993 0.0320099 0
2454888.7489129630848765 16.7641068 0.0230040 0
2454888.7498718751594424 16.7604198 0.0250059 0
2454888.7507966435514390 16.7839108 0.0240054 0
2454888.7517289351671934 16.8137054 0.0240053 0
2454888.7526432871818542 16.7715950 0.0290104 0
2454888.7535784724168479 16.7899456 0.0250058 0
2454888.7545165508054197 16.7348614 0.0270072 0
2454888.7554476852528751 16.7608929 0.0230070 0
2454888.7563805556856096 16.7732449 0.0230073 0
2454888.7573082176968455 16.7634830 0.0240054 0
2454888.7582358797080815 16.7108841 0.0240083 0
2454888.7591681713238358 16.7333698 0.0230051 0
2454888.7600981481373310 16.7811623 0.0240061 0
2454888.7610315973870456 16.7626743 0.0230059 0
2454888.7619598377496004 16.7790833 0.0240074 0
2454888.7628956018015742 16.7760124 0.0250085 0
2454888.7638631942681968 16.7728691 0.0260058 0
2454888.7647983795031905 16.7653160 0.0240088 0
2454888.7657763888128102 16.7713280 0.0250080 0
2454888.7667086804285645 16.7656803 0.0270067 0
2454888.7676403936930001 16.7287483 0.0240212 0
2454888.7685732636600733 16.7300873 0.0230084 0
2454888.7696270835585892 16.7456303 0.0260083 0
2454888.7705732639878988 16.7581177 0.0280070 0
2454888.7715084492228925 16.7516537 0.0280074 0
2454888.7724303239956498 16.7796421 0.0300076 0
2454888.7733620372600853 16.7595215 0.0320112 0
2454888.7743105324916542 16.7400093 0.0270086 0
2454888.7761843749321997 16.7754326 0.0490098 0
2454888.7771444446407259 16.7573485128866 99 1
2454888.7781050927005708 16.7573485128866 99 1
2454888.7790119214914739 16.7573485128866 99 1
2454888.7799465279094875 16.7573485128866 99 1
2454888.7809378472156823 16.6954994 0.0230133 0
2454888.7818875000812113 16.8046913 0.0240218 0
2454888.7828354164958000 16.7573485128866 99 1
2454888.7837873841635883 16.7573485128866 99 1
2454888.7847306714393198 16.7493134 0.0240093 0
2454888.7856895835138857 16.7645416 0.0250070 0
2454888.7866369211114943 16.7220554 0.0230074 0
2454888.7875900464132428 16.7322674 0.0220146 0
2454888.7885396992787719 16.7520142 0.0240089 0
2454888.7894795136526227 16.7527485 0.0230147 0
