0.897560975609756
2454887.7398140048608184 16.9738407 0.0190066 0
2454887.7406988427974284 17.0086899 0.0190084 0
2454887.7416172455996275 16.9583759 0.0190148 0
2454887.7425315971486270 16.9284840 0.0190119 0
2454887.7434355323202908 16.9886379 0.0190087 0
2454887.7444280092604458 16.9615593 0.0200108 0
2454887.7453365740366280 16.9827404 0.0190093 0
2454887.7462584492750466 17.0151863 0.0200088 0
2454887.7471716436557472 16.9765434 0.0190080 0
2454887.7480946760624647 16.9885445 0.0190054 0
2454887.7490032408386469 16.9272614 0.0190061 0
2454887.7499204860068858 16.9605942 0.0190123 0
2454887.7508365740068257 16.9974117 0.0200060 0
2454887.7517543979920447 16.9745598 0.0200058 0
2454887.7526531252078712 17.0002480 0.0200062 0
2454887.7535726851783693 16.9905300 0.0210039 0
2454887.7544905091635883 17.0052719 0.0200066 0
2454887.7554083331488073 16.9859543 0.0220068 0
2454887.7563325231894851 16.9914684 0.0200125 0
2454887.7572474535554647 16.9807339 0.0210135 0
2454887.7581785880029202 16.9920444 0.0220062 0
2454887.7590917823836207 16.9577827 0.0220094 0
2454887.7600171295925975 17.0133228 0.0210059 0
2454887.7618961804546416 16.9545670 0.0200056 0
2454887.7627902776002884 17.0142345 0.0210207 0
2454887.7637017359957099 16.9798088 0.0210055 0
2454887.7646328704431653 16.9615440 0.0200099 0
2454887.7655541668646038 16.9855576 0.0220066 0
2454887.7664656247943640 16.9708214 0.0220058 0
2454887.7674204860813916 16.9402828 0.0230057 0
2454887.7683498840779066 16.9365273 0.0220045 0
2454887.7693741898983717 16.9695377 0.0240048 0
2454887.7705530091188848 16.9982910 0.0240068 0
2454887.7714465279132128 16.9645538 0.0230074 0
2454887.7723736111074686 16.9742546 0.0250042 0
2454887.7732908562757075 16.9800854 0.0220065 0
2454887.7742555555887520 16.9906807 0.0230046 0
2454887.7751803239807487 16.9566193 0.0230048 0
2454887.7761074071750045 16.9843445 0.0240051 0
2454887.7770414352416992 16.9711704 0.0240077 0
2454887.7779604168608785 16.9465733 0.0220063 0
2454887.7788863424211740 16.9377213 0.0210092 0
2454887.7798122684471309 16.9542561 0.0210054 0
2454887.7807370368391275 16.9397469 0.0220088 0
2454887.7817167825996876 17.0014286 0.0230064 0
2454887.7835888890549541 16.9436283 0.0260136 0
2454887.7844922454096377 16.9962845 0.0280154 0
2454887.7854181714355946 16.9762955 0.0250048 0
2454887.7863481482490897 16.9454136 0.0230053 0
2454887.7872862266376615 17.0089989 0.0250067 0
2454887.7882127314805984 16.9856644 0.0270050 0
2454887.7891357638873160 17.0099335 0.0350047 0
2454887.7900576386600733 16.9879093 0.0360079 0
2454887.7909748842939734 16.9718609 0.0270076 0
2454887.7919089118950069 16.9704533 0.0280082 0
2454887.7928527779877186 17.0013905 0.0280068 0
2454887.7937896992079914 16.9854565 0.0280060 0
2454887.7947162035852671 17.0072880 0.0290054 0
2454887.7956571760587394 17.0051174 0.0370042 0
2454887.7965848380699754 16.9804878 0.0300073 0
2454887.7975275460630655 17.0030060 0.0290095 0
2454887.7985703703016043 17.0595150 0.0330061 0
2454887.7997063659131527 16.9939518 0.0310068 0
2454887.8006496527232230 17.0388584 0.0330242 0
2454887.8016322916373610 17.0048904 0.0300064 0
2454887.8026537038385868 17.0172386 0.0320046 0
2454887.8036947916261852 17.0218678 0.0340067 0
2454887.8047144678421319 16.9871674 0.0340074 0
2454887.8056924766860902 17.0005283 0.0340070 0
2454887.8066947916522622 17.0437469 0.0360063 0
2454887.8085750001482666 16.9909039 0.0370063 0
2454887.8095032409764826 16.9436474 0.0300062 0
2454887.8114725695922971 17.0102558 0.0370094 0
2454887.8123961803503335 16.9476089 0.0360064 0
2454887.8133319444023073 16.9763508 0.0330096 0
2454887.8142671296373010 16.9689407 0.0370077 0
2454887.8152069444768131 16.9669266 0.0380084 0
2454887.8161473381333053 16.9613743 0.0380083 0
2454887.8170964121818542 17.0164280 0.0420111 0
2454887.8191074072383344 17.0044193 0.0400062 0
2454887.8200408564880490 16.9976254 0.0450206 0
2454887.8209934029728174 16.9097118 0.0410189 0
2454887.8219609954394400 16.9963646 0.0430070 0
2454887.8229123842902482 16.9524670 0.0400091 0
2454887.8238782407715917 17.0346317 0.0450107 0
2454887.8248504628427327 16.9941487940218 99 1
2454887.8258990738540888 17.1239262 0.0670109 0
2454887.8268562499433756 17.0580997 0.0590226 0
2454887.8278082176111639 16.9941487940218 99 1
2454887.8287613424472511 17.0203609 0.0630162 0
2454887.8297381945885718 17.1053410 0.0620086 0
2454887.8306537037715316 16.9941487940218 99 1
2454887.8315848377533257 16.9714603 0.0600108 0
2454887.8325101854279637 16.9941487940218 99 1
2454887.8334546294063330 17.0738525 0.0650559 0
2454888.6674447916448116 16.9901905 0.0220101 0
2454888.6683608796447515 17.0180550 0.0200159 0
2454888.6692607640288770 17.0144386 0.0210124 0
2454888.6701681711710989 16.9829941 0.0210173 0
2454888.6710802083835006 17.0218716 0.0210211 0
2454888.6719829859212041 17.0038891 0.0210074 0
2454888.6729060183279216 17.0197639 0.0220100 0
2454888.6738012731075287 16.9720688 0.0200161 0
2454888.6747040511108935 17.0046673 0.0210216 0
2454888.6756184026598930 17.0416718 0.0200091 0
2454888.6765431715175509 17.0081997 0.0200106 0
2454888.6774395834654570 16.9987640 0.0200105 0
2454888.6895935186184943 17.0245056 0.0220042 0
2454888.6905084489844739 16.9743042 0.0190054 0
2454888.6914349538274109 16.9845467 0.0210058 0
2454888.6923412038013339 16.9908428 0.0220079 0
2454888.6932462961412966 16.9396553 0.0220051 0
2454888.6941357636824250 16.9824791 0.0240047 0
2454888.6950402776710689 17.0153046 0.0250042 0
2454888.6959453704766929 16.9901581 0.0240051 0
2454888.6968608796596527 16.9967537 0.0230045 0
2454888.7025194442830980 17.0117416 0.0420064 0
2454888.7034413195215166 17.0298653 0.0480047 0
2454888.7043498842976987 17.0470600 0.0490046 0
2454888.7072759261354804 17.0263252 0.0420048 0
2454888.7081872685812414 16.9787445 0.0430068 0
2454888.7090981481596828 17.1205692 0.0540054 0
2454888.7100136573426425 17.1975307 0.0790041 0
2454888.7109413193538785 17.0079384 0.0580061 0
2454888.7118799770250916 17.0269527 0.0560060 0
2454888.7128006946295500 16.9941487940218 99 1
2454888.7137162038125098 16.9941487940218 99 1
2454888.7146427081897855 17.0001049 0.0560094 0
2454888.7155553242191672 16.9109592 0.0560158 0
2454888.7165379631333053 16.9665298 0.0540045 0
2454888.7174476850777864 16.9941487940218 99 1
2454888.7183736111037433 16.9941487940218 99 1
2454888.7193006942979991 17.0153961 0.0610065 0
2454888.7211502315476537 16.9941487940218 99 1
2454888.7220478011295199 16.9941487940218 99 1
2454888.7229563659057021 16.9941487940218 99 1
2454888.7238770835101604 16.9941487940218 99 1
2454888.7247787038795650 16.9941487940218 99 1
2454888.7256785877980292 16.9941487940218 99 1
2454888.7266351850703359 17.0989552 0.0660035 0
2454888.7275616899132729 17.0202484 0.0530042 0
2454888.7284939815290272 16.9348049 0.0420049 0
2454888.7294222223572433 17.0347977 0.0490040 0
2454888.7312717591412365 16.9941487940218 99 1
2454888.7321843751706183 17.0759830 0.0510053 0
2454888.7331114583648741 16.9867039 0.0400041 0
2454888.7340130787342787 17.0121727 0.0370036 0
2454888.7349737267941236 16.9655495 0.0330041 0
2454888.7358950232155621 17.0367985 0.0390053 0
2454888.7368302084505558 16.9644012 0.0340111 0
2454888.7377503472380340 17.0369339 0.0340052 0
2454888.7386693288572133 17.0166836 0.0370064 0
2454888.7395883100107312 17.0118275 0.0320080 0
2454888.7405211804434657 16.9971733 0.0310035 0
2454888.7414523148909211 16.9782467 0.0290052 0
2454888.7423770832829177 16.9800873 0.0300063 0
2454888.7433151621371508 17.0055313 0.0300052 0
2454888.7442549769766629 16.9789104 0.0290040 0
2454888.7451936341822147 16.9835434 0.0340057 0
2454888.7461322918534279 16.9451370 0.0340056 0
2454888.7470535878092051 17.0109768 0.0290061 0
2454888.7479812498204410 17.0485001 0.0430074 0
2454888.7489129630848765 17.0101070 0.0290032 0
2454888.7498718751594424 17.0474205 0.0350042 0
2454888.7507966435514390 16.9919109 0.0310042 0
2454888.7517289351671934 16.9597054 0.0280045 0
2454888.7526432871818542 17.0435944 0.0400075 0
2454888.7535784724168479 17.0319462 0.0330044 0
2454888.7545165508054197 16.9368610 0.0340058 0
2454888.7554476852528751 16.9658928 0.0270060 0
2454888.7563805556856096 16.9692440 0.0270062 0
2454888.7573082176968455 16.9994831 0.0320041 0
2454888.7582358797080815 17.0138855 0.0320062 0
2454888.7591681713238358 17.0073700 0.0310038 0
2454888.7600981481373310 16.9801617 0.0310047 0
2454888.7610315973870456 17.0046749 0.0290047 0
2454888.7619598377496004 16.9830837 0.0290062 0
2454888.7628956018015742 17.0380116 0.0310069 0
2454888.7638631942681968 16.9998703 0.0330046 0
2454888.7647983795031905 16.9513168 0.0300070 0
2454888.7657763888128102 16.9493275 0.0300067 0
2454888.7667086804285645 16.9556808 0.0340053 0
2454888.7676403936930001 17.0137482 0.0330154 0
2454888.7685732636600733 16.9470882 0.0280069 0
2454888.7696270835585892 16.9766293 0.0360060 0
2454888.7705732639878988 17.0461178 0.0390050 0
2454888.7715084492228925 16.9486542 0.0350059 0
2454888.7724303239956498 16.9986420 0.0400057 0
2454888.7733620372600853 17.0255222 0.0420086 0
2454888.7743105324916542 16.9670086 0.0360064 0
2454888.7761843749321997 17.0444336 0.0630076 0
2454888.7771444446407259 16.9941487940218 99 1
2454888.7781050927005708 16.9941487940218 99 1
2454888.7790119214914739 16.9941487940218 99 1
2454888.7799465279094875 16.9941487940218 99 1
2454888.7809378472156823 16.9934998 0.0300102 0
2454888.7818875000812113 17.0116920 0.0300174 0
2454888.7828354164958000 16.9941487940218 99 1
2454888.7837873841635883 16.9941487940218 99 1
2454888.7847306714393198 16.9743137 0.0300074 0
2454888.7856895835138857 16.9445419 0.0300058 0
2454888.7866369211114943 17.0000572 0.0290058 0
2454888.7875900464132428 16.9852676 0.0290111 0
2454888.7885396992787719 16.9140148 0.0280076 0
2454888.7894795136526227 17.0037479 0.0300113 0
