0.765853658536585
2454887.7398140048608184 17.6778412 0.0310040 0
2454887.7406988427974284 17.7026901 0.0320050 0
2454887.7416172455996275 17.6773758 0.0310091 0
2454887.7425315971486270 17.6614838 0.0310073 0
2454887.7434355323202908 17.7076378 0.0330050 0
2454887.7444280092604458 17.6705589 0.0310070 0
2454887.7453365740366280 17.6867409 0.0310057 0
2454887.7462584492750466 17.7251873 0.0320055 0
2454887.7471716436557472 17.6395435 0.0310049 0
2454887.7480946760624647 17.6405449 0.0300035 0
2454887.7490032408386469 17.7102623 0.0320036 0
2454887.7499204860068858 17.6395950 0.0310076 0
2454887.7508365740068257 17.7014122 0.0330037 0
2454887.7517543979920447 17.6675606 0.0310038 0
2454887.7526531252078712 17.6542492 0.0330037 0
2454887.7535726851783693 17.6975288 0.0330025 0
2454887.7544905091635883 17.6412735 0.0320041 0
2454887.7554083331488073 17.7289543 0.0360042 0
2454887.7563325231894851 17.6834679 0.0320078 0
2454887.7572474535554647 17.6147327 0.0340084 0
2454887.7581785880029202 17.6550446 0.0360038 0
2454887.7590917823836207 17.7037830 0.0370056 0
2454887.7600171295925975 17.6593227 0.0340036 0
2454887.7618961804546416 17.6855679 0.0350032 0
2454887.7627902776002884 17.7032356 0.0330132 0
2454887.7637017359957099 17.6688099 0.0340034 0
2454887.7646328704431653 17.6965446 0.0350057 0
2454887.7655541668646038 17.6185589 0.0350042 0
2454887.7664656247943640 17.7308216 0.0390033 0
2454887.7674204860813916 17.6942844 0.0390034 0
2454887.7683498840779066 17.7115269 0.0390025 0
2454887.7693741898983717 17.6415386 0.0390030 0
2454887.7705530091188848 17.7112904 0.0400041 0
2454887.7714465279132128 17.6565552 0.0370046 0
2454887.7723736111074686 17.6912556 0.0410026 0
2454887.7732908562757075 17.6900845 0.0370039 0
2454887.7742555555887520 17.6346817 0.0370029 0
2454887.7751803239807487 17.6656189 0.0390029 0
2454887.7761074071750045 17.6893444 0.0380032 0
2454887.7770414352416992 17.7101688 0.0420044 0
2454887.7779604168608785 17.6855736 0.0370037 0
2454887.7788863424211740 17.6347198 0.0370052 0
2454887.7798122684471309 17.6432552 0.0350032 0
2454887.7807370368391275 17.6317463 0.0360054 0
2454887.7817167825996876 17.6874294 0.0390038 0
2454887.7835888890549541 17.6706295 0.0440080 0
2454887.7844922454096377 17.7912846 0.0520083 0
2454887.7854181714355946 17.7122955 0.0420028 0
2454887.7863481482490897 17.6804142 0.0400031 0
2454887.7872862266376615 17.6649990 0.0410041 0
2454887.7882127314805984 17.6806641 0.0430032 0
2454887.7891357638873160 17.7119331 0.0610027 0
2454887.7900576386600733 17.6849098 0.0630045 0
2454887.7909748842939734 17.6458607 0.0440046 0
2454887.7919089118950069 17.6694527 0.0470049 0
2454887.7928527779877186 17.6003914 0.0450042 0
2454887.7937896992079914 17.6294556 0.0450037 0
2454887.7947162035852671 17.7442875 0.0530030 0
2454887.7956571760587394 17.6851177 0.0600026 0
2454887.7965848380699754 17.6544876 0.0470047 0
2454887.7975275460630655 17.7070045 0.0510054 0
2454887.7985703703016043 17.6955147 0.0530038 0
2454887.7997063659131527 17.6989517 0.0530040 0
2454887.8006496527232230 17.5968571 0.0490163 0
2454887.8016322916373610 17.5828896 0.0480040 0
2454887.8026537038385868 17.6902390 0.0510029 0
2454887.8036947916261852 17.7558670 0.0590039 0
2454887.8047144678421319 17.7571678 0.0620041 0
2454887.8056924766860902 17.7055283 0.0600039 0
2454887.8066947916522622 17.6687469 0.0600038 0
2454887.8085750001482666 17.8549023 0.0720032 0
2454887.8095032409764826 17.6926479 0.0540034 0
2454887.8114725695922971 17.6542568 0.0610057 0
2454887.8123961803503335 17.7706089 0.0680034 0
2454887.8133319444023073 17.6953506 0.0570056 0
2454887.8142671296373010 17.8979416 0.0750038 0
2454887.8152069444768131 17.7459259 0.0720044 0
2454887.8161473381333053 17.6793728 0.0670047 0
2454887.8170964121818542 17.6464272 0.0700067 0
2454887.8191074072383344 17.6980066133758 99 1
2454887.8200408564880490 17.6980066133758 99 1
2454887.8209934029728174 17.6980066133758 99 1
2454887.8219609954394400 17.8303642 0.0820037 0
2454887.8229123842902482 17.6980066133758 99 1
2454887.8238782407715917 17.6980066133758 99 1
2454887.8248504628427327 17.6980066133758 99 1
2454887.8258990738540888 17.6980066133758 99 1
2454887.8268562499433756 17.7390995 0.0980136 0
2454887.8278082176111639 17.6980066133758 99 1
2454887.8287613424472511 17.6980066133758 99 1
2454887.8297381945885718 17.8583412 0.1220044 0
2454887.8306537037715316 17.6980066133758 99 1
2454887.8315848377533257 17.6980066133758 99 1
2454887.8325101854279637 17.6980066133758 99 1
2454887.8334546294063330 17.6980066133758 99 1
2454888.6674447916448116 17.7511902 0.0400055 0
2454888.6683608796447515 17.7310543 0.0340094 0
2454888.6692607640288770 17.6814384 0.0320081 0
2454888.6701681711710989 17.7359924 0.0340107 0
2454888.6710802083835006 17.7748718 0.0350127 0
2454888.6719829859212041 17.7398891 0.0340046 0
2454888.6729060183279216 17.7087650 0.0370059 0
2454888.6738012731075287 17.6920681 0.0330098 0
2454888.6747040511108935 17.7716675 0.0360126 0
2454888.6756184026598930 17.7816715 0.0350052 0
2454888.6765431715175509 17.7381992 0.0340063 0
2454888.6774395834654570 17.6757641 0.0310068 0
2454888.6895935186184943 17.7525063 0.0380024 0
2454888.6905084489844739 17.6733036 0.0320032 0
2454888.6914349538274109 17.6575470 0.0320038 0
2454888.6923412038013339 17.7028427 0.0370047 0
2454888.6932462961412966 17.6646576 0.0360031 0
2454888.6941357636824250 17.6864777 0.0400028 0
2454888.6950402776710689 17.7543049 0.0440024 0
2454888.6959453704766929 17.7461586 0.0410030 0
2454888.6968608796596527 17.6557541 0.0370028 0
2454888.7025194442830980 17.7287426 0.0730037 0
2454888.7034413195215166 17.6368656 0.0780029 0
2454888.7043498842976987 17.6980066133758 99 1
2454888.7072759261354804 17.6980066133758 99 1
2454888.7081872685812414 17.6980066133758 99 1
2454888.7090981481596828 17.6980066133758 99 1
2454888.7100136573426425 17.6980066133758 99 1
2454888.7109413193538785 17.6980066133758 99 1
2454888.7118799770250916 17.6980066133758 99 1
2454888.7128006946295500 17.6980066133758 99 1
2454888.7137162038125098 17.6980066133758 99 1
2454888.7146427081897855 17.6980066133758 99 1
2454888.7155553242191672 17.6980066133758 99 1
2454888.7165379631333053 17.6980066133758 99 1
2454888.7174476850777864 17.6980066133758 99 1
2454888.7183736111037433 17.4797459 0.1040032 0
2454888.7193006942979991 17.6980066133758 99 1
2454888.7211502315476537 17.6980066133758 99 1
2454888.7220478011295199 17.6980066133758 99 1
2454888.7229563659057021 17.6980066133758 99 1
2454888.7238770835101604 17.6980066133758 99 1
2454888.7247787038795650 17.6980066133758 99 1
2454888.7256785877980292 17.6980066133758 99 1
2454888.7266351850703359 17.6980066133758 99 1
2454888.7275616899132729 17.6980066133758 99 1
2454888.7284939815290272 17.6980066133758 99 1
2454888.7294222223572433 17.7547989 0.0840024 0
2454888.7312717591412365 17.6643066 0.0860037 0
2454888.7321843751706183 17.6980066133758 99 1
2454888.7331114583648741 17.6917038 0.0660025 0
2454888.7340130787342787 17.6980066133758 99 1
2454888.7349737267941236 17.7575493 0.0630021 0
2454888.7358950232155621 17.8097973 0.0740028 0
2454888.7368302084505558 17.8414021 0.0670056 0
2454888.7377503472380340 17.6619339 0.0540033 0
2454888.7386693288572133 17.6980066133758 99 1
2454888.7395883100107312 17.6228275 0.0480053 0
2454888.7405211804434657 17.7561741 0.0560020 0
2454888.7414523148909211 17.7352467 0.0510030 0
2454888.7423770832829177 17.6690865 0.0490039 0
2454888.7433151621371508 17.7345314 0.0520030 0
2454888.7442549769766629 17.6849098 0.0480024 0
2454888.7451936341822147 17.7475433 0.0620031 0
2454888.7461322918534279 17.7891369 0.0660029 0
2454888.7470535878092051 17.7509785 0.0490036 0
2454888.7479812498204410 17.6795006 0.0680047 0
2454888.7489129630848765 17.6341057 0.0470020 0
2454888.7498718751594424 17.6774197 0.0550027 0
2454888.7507966435514390 17.6980066133758 99 1
2454888.7517289351671934 17.6167068 0.0460027 0
2454888.7526432871818542 17.6175957 0.0610049 0
2454888.7535784724168479 17.6339455 0.0480030 0
2454888.7545165508054197 17.7708607 0.0620032 0
2454888.7554476852528751 17.7538929 0.0490033 0
2454888.7563805556856096 17.7222443 0.0470036 0
2454888.7573082176968455 17.7064838 0.0520025 0
2454888.7582358797080815 17.6998844 0.0530038 0
2454888.7591681713238358 17.6883698 0.0510023 0
2454888.7600981481373310 17.8061619 0.0550027 0
2454888.7610315973870456 17.7306747 0.0490028 0
2454888.7619598377496004 17.6540833 0.0470038 0
2454888.7628956018015742 17.7410126 0.0550039 0
2454888.7638631942681968 17.8458691 0.0640023 0
2454888.7647983795031905 17.7243156 0.0510041 0
2454888.7657763888128102 17.7133274 0.0530038 0
2454888.7667086804285645 17.6946812 0.0570032 0
2454888.7676403936930001 17.6967487 0.0530096 0
2454888.7685732636600733 17.6630878 0.0500039 0
2454888.7696270835585892 17.6816292 0.0620035 0
2454888.7705732639878988 17.7961178 0.0690028 0
2454888.7715084492228925 17.7436543 0.0660032 0
2454888.7724303239956498 17.6980066133758 99 1
2454888.7733620372600853 17.5845222 0.0660055 0
2454888.7743105324916542 17.7580090 0.0640036 0
2454888.7761843749321997 17.6980066133758 99 1
2454888.7771444446407259 17.6980066133758 99 1
2454888.7781050927005708 17.6980066133758 99 1
2454888.7790119214914739 17.6980066133758 99 1
2454888.7799465279094875 17.6980066133758 99 1
2454888.7809378472156823 17.6184998 0.0480064 0
2454888.7818875000812113 17.6486912 0.0460114 0
2454888.7828354164958000 17.6980066133758 99 1
2454888.7837873841635883 17.6980066133758 99 1
2454888.7847306714393198 17.7383137 0.0550040 0
2454888.7856895835138857 17.5975437 0.0480036 0
2454888.7866369211114943 17.7360573 0.0500034 0
2454888.7875900464132428 17.6552677 0.0470068 0
2454888.7885396992787719 17.7150154 0.0530040 0
2454888.7894795136526227 17.6697483 0.0520065 0
