0.975609756097561
2454887.7398140048608184 15.9128418 0.0100125 0
2454887.7406988427974284 15.9026899 0.0100160 0
2454887.7416172455996275 15.9073753 0.0100280 0
2454887.7425315971486270 15.9064827 0.0100226 0
2454887.7434355323202908 15.9076395 0.0100166 0
2454887.7444280092604458 15.9085579 0.0100216 0
2454887.7453365740366280 15.9017410 0.0100176 0
2454887.7462584492750466 15.9001875 0.0100176 0
2454887.7471716436557472 15.9095430 0.0100152 0
2454887.7480946760624647 15.9295444 0.0100104 0
2454887.7490032408386469 15.9092607 0.0100117 0
2454887.7499204860068858 15.9075937 0.0100234 0
2454887.7508365740068257 15.9054117 0.0100120 0
2454887.7517543979920447 15.9345589 0.0100116 0
2454887.7526531252078712 15.8982477 0.0100123 0
2454887.7535726851783693 15.8975315 0.0100082 0
2454887.7544905091635883 15.8922729 0.0100132 0
2454887.7554083331488073 15.9219551 0.0110137 0
2454887.7563325231894851 15.9214678 0.0100250 0
2454887.7572474535554647 15.8947334 0.0110258 0
2454887.7581785880029202 15.8870449 0.0110123 0
2454887.7590917823836207 15.8977823 0.0110188 0
2454887.7600171295925975 15.9013243 0.0100124 0
2454887.7618961804546416 15.9105673 0.0100112 0
2454887.7627902776002884 15.8962364 0.0100434 0
2454887.7637017359957099 15.9068108 0.0100116 0
2454887.7646328704431653 15.9035435 0.0100198 0
2454887.7655541668646038 15.9305563 0.0110133 0
2454887.7664656247943640 15.9118233 0.0110115 0
2454887.7674204860813916 15.9352837 0.0110120 0
2454887.7683498840779066 15.9005299 0.0100099 0
2454887.7693741898983717 15.9335384 0.0110105 0
2454887.7705530091188848 15.9112911 0.0110149 0
2454887.7714465279132128 15.9195557 0.0110156 0
2454887.7723736111074686 15.9172544 0.0110095 0
2454887.7732908562757075 15.8880835 0.0110130 0
2454887.7742555555887520 15.9316826 0.0110097 0
2454887.7751803239807487 15.9246206 0.0110101 0
2454887.7761074071750045 15.9343452 0.0120101 0
2454887.7770414352416992 15.9311705 0.0110167 0
2454887.7779604168608785 15.9265747 0.0110126 0
2454887.7788863424211740 15.9027205 0.0110175 0
2454887.7798122684471309 15.9072552 0.0110103 0
2454887.7807370368391275 15.9117460 0.0110176 0
2454887.7817167825996876 15.8854294 0.0110133 0
2454887.7835888890549541 15.9146290 0.0120294 0
2454887.7844922454096377 15.9122839 0.0120358 0
2454887.7854181714355946 15.9052944 0.0110109 0
2454887.7863481482490897 15.9114132 0.0110111 0
2454887.7872862266376615 15.9229994 0.0120139 0
2454887.7882127314805984 15.9206629 0.0120113 0
2454887.7891357638873160 15.9289351 0.0150110 0
2454887.7900576386600733 15.9379091 0.0150190 0
2454887.7909748842939734 15.9228611 0.0120170 0
2454887.7919089118950069 15.9234514 0.0130177 0
2454887.7928527779877186 15.9343910 0.0120158 0
2454887.7937896992079914 15.9284544 0.0130129 0
2454887.7947162035852671 15.9312868 0.0130121 0
2454887.7956571760587394 15.9501190 0.0150102 0
2454887.7965848380699754 15.9104881 0.0130169 0
2454887.7975275460630655 15.9040051 0.0130211 0
2454887.7985703703016043 15.9205151 0.0130155 0
2454887.7997063659131527 15.9429512 0.0140151 0
2454887.8006496527232230 15.9158602 0.0130613 0
2454887.8016322916373610 15.9148912 0.0130147 0
2454887.8026537038385868 15.9292383 0.0140106 0
2454887.8036947916261852 15.9298677 0.0140164 0
2454887.8047144678421319 15.9361677 0.0150167 0
2454887.8056924766860902 15.9195290 0.0140169 0
2454887.8066947916522622 15.9307480 0.0140162 0
2454887.8085750001482666 15.9149036 0.0150155 0
2454887.8095032409764826 15.9266491 0.0130142 0
2454887.8114725695922971 15.9172564 0.0150232 0
2454887.8123961803503335 15.9146080 0.0150153 0
2454887.8133319444023073 15.9583492 0.0150212 0
2454887.8142671296373010 15.9219398 0.0160177 0
2454887.8152069444768131 15.9489269 0.0160199 0
2454887.8161473381333053 15.9023724 0.0160196 0
2454887.8170964121818542 15.9204254 0.0170274 0
2454887.8191074072383344 15.9364204 0.0160156 0
2454887.8200408564880490 15.8916235 0.0170544 0
2454887.8209934029728174 15.8877144 0.0170456 0
2454887.8219609954394400 15.9153643 0.0160189 0
2454887.8229123842902482 15.8934669 0.0160228 0
2454887.8238782407715917 15.8556328 0.0170284 0
2454887.8248504628427327 15.8866682 0.0180473 0
2454887.8258990738540888 15.8879232 0.0230317 0
2454887.8268562499433756 15.9811010 0.0210634 0
2454887.8278082176111639 15.9319029 0.0200219 0
2454887.8287613424472511 15.9873600 0.0240425 0
2454887.8297381945885718 15.9373417 0.0220242 0
2454887.8306537037715316 15.9214478 0.0210902 0
2454887.8315848377533257 15.8744621 0.0220293 0
2454887.8325101854279637 15.8920650 0.0240430 0
2454887.8334546294063330 15.8868542 0.0221646 0
2454888.6674447916448116 15.9531889 0.0110201 0
2454888.6683608796447515 15.9410553 0.0100318 0
2454888.6692607640288770 15.9454374 0.0100260 0
2454888.6701681711710989 15.9499931 0.0100362 0
2454888.6710802083835006 15.9578705 0.0100442 0
2454888.6719829859212041 15.9558897 0.0100156 0
2454888.6729060183279216 15.9467649 0.0100220 0
2454888.6738012731075287 15.9500685 0.0100322 0
2454888.6747040511108935 15.9616671 0.0110412 0
2454888.6756184026598930 15.9476728 0.0100181 0
2454888.6765431715175509 15.9522009 0.0100213 0
2454888.6774395834654570 15.9507656 0.0100210 0
2454888.6895935186184943 15.9615068 0.0110083 0
2454888.6905084489844739 15.9343023 0.0100103 0
2454888.6914349538274109 15.9405460 0.0100122 0
2454888.6923412038013339 15.9548445 0.0110158 0
2454888.6932462961412966 15.9276562 0.0110101 0
2454888.6941357636824250 15.9424772 0.0110102 0
2454888.6950402776710689 15.9303045 0.0120087 0
2454888.6959453704766929 15.9481573 0.0120102 0
2454888.6968608796596527 15.9267540 0.0110095 0
2454888.7025194442830980 15.9487419 0.0180150 0
2454888.7034413195215166 15.9108639 0.0180126 0
2454888.7043498842976987 15.9510593 0.0200114 0
2454888.7072759261354804 15.9543228 0.0180112 0
2454888.7081872685812414 15.9427433 0.0190154 0
2454888.7090981481596828 15.9345722 0.0190153 0
2454888.7100136573426425 15.8795300 0.0230142 0
2454888.7109413193538785 15.9379396 0.0230155 0
2454888.7118799770250916 15.9609509 0.0220152 0
2454888.7128006946295500 15.9113779 0.0270165 0
2454888.7137162038125098 15.9230595 0.0230128 0
2454888.7146427081897855 15.9201050 0.0220239 0
2454888.7155553242191672 15.9039602 0.0230384 0
2454888.7165379631333053 15.9105291 0.0220111 0
2454888.7174476850777864 15.9673185 0.0240180 0
2454888.7183736111037433 15.9217443 0.0270123 0
2454888.7193006942979991 15.9553967 0.0240166 0
2454888.7211502315476537 15.9178524 0.0330241 0
2454888.7220478011295199 15.8781147 0.0430216 0
2454888.7229563659057021 15.9620810 0.0600192 0
2454888.7238770835101604 15.925733811 99 1
2454888.7247787038795650 15.8594980 0.0660245 0
2454888.7256785877980292 15.9676304 0.0400228 0
2454888.7266351850703359 15.9129562 0.0240097 0
2454888.7275616899132729 15.9632483 0.0210106 0
2454888.7284939815290272 15.9508047 0.0190109 0
2454888.7294222223572433 15.9137983 0.0190104 0
2454888.7312717591412365 15.9353065 0.0210153 0
2454888.7321843751706183 15.9329844 0.0200136 0
2454888.7331114583648741 15.9067030 0.0170097 0
2454888.7340130787342787 15.9311733 0.0150088 0
2454888.7349737267941236 15.9135504 0.0140097 0
2454888.7358950232155621 15.9407997 0.0160129 0
2454888.7368302084505558 15.9384031 0.0150252 0
2454888.7377503472380340 15.9219341 0.0140126 0
2454888.7386693288572133 15.9166832 0.0140168 0
2454888.7395883100107312 15.9508266 0.0140183 0
2454888.7405211804434657 15.9391747 0.0130084 0
2454888.7414523148909211 15.9432468 0.0130117 0
2454888.7423770832829177 15.9040861 0.0130146 0
2454888.7433151621371508 15.9245319 0.0130120 0
2454888.7442549769766629 15.9389114 0.0130089 0
2454888.7451936341822147 15.9585428 0.0150130 0
2454888.7461322918534279 15.9351387 0.0150126 0
2454888.7470535878092051 15.9449768 0.0130137 0
2454888.7479812498204410 15.9435005 0.0160199 0
2454888.7489129630848765 15.9361038 0.0130071 0
2454888.7498718751594424 15.9264212 0.0130113 0
2454888.7507966435514390 15.9309111 0.0130100 0
2454888.7517289351671934 15.9117069 0.0130097 0
2454888.7526432871818542 15.9395943 0.0150201 0
2454888.7535784724168479 15.9449472 0.0140103 0
2454888.7545165508054197 15.9508610 0.0150130 0
2454888.7554476852528751 15.9268904 0.0120134 0
2454888.7563805556856096 15.9172440 0.0120139 0
2454888.7573082176968455 15.9004841 0.0130100 0
2454888.7582358797080815 15.9338827 0.0130153 0
2454888.7591681713238358 15.9263697 0.0130090 0
2454888.7600981481373310 15.9351606 0.0130112 0
2454888.7610315973870456 15.9366751 0.0120113 0
2454888.7619598377496004 15.9290838 0.0130137 0
2454888.7628956018015742 15.9380112 0.0130164 0
2454888.7638631942681968 15.9108696 0.0140107 0
2454888.7647983795031905 15.9313164 0.0130162 0
2454888.7657763888128102 15.9253292 0.0130154 0
2454888.7667086804285645 15.9366817 0.0150120 0
2454888.7676403936930001 15.9477482 0.0140363 0
2454888.7685732636600733 15.9250870 0.0130148 0
2454888.7696270835585892 15.9366302 0.0150144 0
2454888.7705732639878988 15.9421177 0.0150130 0
2454888.7715084492228925 15.9256554 0.0150139 0
2454888.7724303239956498 15.9356413 0.0150153 0
2454888.7733620372600853 15.9085217 0.0160225 0
2454888.7743105324916542 15.9310083 0.0140165 0
2454888.7761843749321997 15.9294319 0.0240200 0
2454888.7771444446407259 15.9739361 0.0331900 0
2454888.7781050927005708 15.8723755 0.0510930 0
2454888.7790119214914739 15.925733811 99 1
2454888.7799465279094875 15.925733811 99 1
2454888.7809378472156823 15.9555006 0.0140219 0
2454888.7818875000812113 15.9566889 0.0140373 0
2454888.7828354164958000 15.925733811 99 1
2454888.7837873841635883 15.925733811 99 1
2454888.7847306714393198 15.9353132 0.0140159 0
2454888.7856895835138857 15.9415407 0.0130134 0
2454888.7866369211114943 15.9390564 0.0130130 0
2454888.7875900464132428 15.9502678 0.0130247 0
2454888.7885396992787719 15.9610147 0.0130163 0
2454888.7894795136526227 15.9627476 0.0130260 0
