0.892682926829268
2454887.7398140048608184 17.1848412 0.0220057 0
2454887.7406988427974284 17.1986885 0.0220073 0
2454887.7416172455996275 17.1843758 0.0220128 0
2454887.7425315971486270 17.1844826 0.0220103 0
2454887.7434355323202908 17.1616383 0.0210079 0
2454887.7444280092604458 17.1885586 0.0220098 0
2454887.7453365740366280 17.1947422 0.0220080 0
2454887.7462584492750466 17.1891880 0.0220080 0
2454887.7471716436557472 17.1665440 0.0220069 0
2454887.7480946760624647 17.1865444 0.0220047 0
2454887.7490032408386469 17.1832619 0.0220053 0
2454887.7499204860068858 17.1935959 0.0220107 0
2454887.7508365740068257 17.2024117 0.0220055 0
2454887.7517543979920447 17.1785603 0.0220053 0
2454887.7526531252078712 17.2022476 0.0230054 0
2454887.7535726851783693 17.1915283 0.0230036 0
2454887.7544905091635883 17.1642723 0.0220060 0
2454887.7554083331488073 17.1549549 0.0240063 0
2454887.7563325231894851 17.2074680 0.0230109 0
2454887.7572474535554647 17.1827335 0.0240118 0
2454887.7581785880029202 17.1830444 0.0250054 0
2454887.7590917823836207 17.1487827 0.0240086 0
2454887.7600171295925975 17.1833229 0.0230054 0
2454887.7618961804546416 17.1875668 0.0240047 0
2454887.7627902776002884 17.1922359 0.0230189 0
2454887.7637017359957099 17.1958084 0.0230050 0
2454887.7646328704431653 17.1655445 0.0230086 0
2454887.7655541668646038 17.1845589 0.0250058 0
2454887.7664656247943640 17.1838226 0.0260049 0
2454887.7674204860813916 17.1702843 0.0250053 0
2454887.7683498840779066 17.2305279 0.0270037 0
2454887.7693741898983717 17.1475391 0.0270043 0
2454887.7705530091188848 17.1922913 0.0270061 0
2454887.7714465279132128 17.1525536 0.0240071 0
2454887.7723736111074686 17.2032547 0.0290036 0
2454887.7732908562757075 17.1630840 0.0250057 0
2454887.7742555555887520 17.1696815 0.0250043 0
2454887.7751803239807487 17.2096195 0.0270041 0
2454887.7761074071750045 17.1323452 0.0260047 0
2454887.7770414352416992 17.1941700 0.0270068 0
2454887.7779604168608785 17.2165737 0.0260053 0
2454887.7788863424211740 17.1727200 0.0250077 0
2454887.7798122684471309 17.1802559 0.0240047 0
2454887.7807370368391275 17.1617470 0.0250077 0
2454887.7817167825996876 17.1574287 0.0260056 0
2454887.7835888890549541 17.1746292 0.0300118 0
2454887.7844922454096377 17.1782856 0.0310139 0
2454887.7854181714355946 17.1852951 0.0280043 0
2454887.7863481482490897 17.1654148 0.0270045 0
2454887.7872862266376615 17.1629982 0.0280059 0
2454887.7882127314805984 17.1836643 0.0300045 0
2454887.7891357638873160 17.1169338 0.0370045 0
2454887.7900576386600733 17.2109089 0.0420068 0
2454887.7909748842939734 17.1808605 0.0290071 0
2454887.7919089118950069 17.1484528 0.0320072 0
2454887.7928527779877186 17.1933918 0.0300063 0
2454887.7937896992079914 17.1794567 0.0310054 0
2454887.7947162035852671 17.1222878 0.0300052 0
2454887.7956571760587394 17.1851177 0.0380040 0
2454887.7965848380699754 17.2164879 0.0340065 0
2454887.7975275460630655 17.2130051 0.0320086 0
2454887.7985703703016043 17.2625160 0.0370055 0
2454887.7997063659131527 17.1729527 0.0350060 0
2454887.8006496527232230 17.2358570 0.0360222 0
2454887.8016322916373610 17.1718903 0.0340056 0
2454887.8026537038385868 17.1652393 0.0330045 0
2454887.8036947916261852 17.1738682 0.0370062 0
2454887.8047144678421319 17.1981678 0.0380066 0
2454887.8056924766860902 17.2065277 0.0380062 0
2454887.8066947916522622 17.2137470 0.0410055 0
2454887.8085750001482666 17.2069035 0.0420055 0
2454887.8095032409764826 17.1656475 0.0330056 0
2454887.8114725695922971 17.1832561 0.0410085 0
2454887.8123961803503335 17.1006088 0.0390059 0
2454887.8133319444023073 17.1523495 0.0370086 0
2454887.8142671296373010 17.1679401 0.0420068 0
2454887.8152069444768131 17.1539268 0.0420076 0
2454887.8161473381333053 17.1653728 0.0440071 0
2454887.8170964121818542 17.2324276 0.0470099 0
2454887.8191074072383344 17.2654190 0.0480052 0
2454887.8200408564880490 17.2906246 0.0520178 0
2454887.8209934029728174 17.1787890546448 99 1
2454887.8219609954394400 17.1763649 0.0460066 0
2454887.8229123842902482 17.1854668 0.0450081 0
2454887.8238782407715917 17.2196312 0.0510095 0
2454887.8248504628427327 17.1886692 0.0540158 0
2454887.8258990738540888 17.1787890546448 99 1
2454887.8268562499433756 17.2870998 0.0630212 0
2454887.8278082176111639 17.1849041 0.0550080 0
2454887.8287613424472511 17.1373596 0.0660155 0
2454887.8297381945885718 17.1787890546448 99 1
2454887.8306537037715316 17.0984459 0.0610311 0
2454887.8315848377533257 17.1787890546448 99 1
2454887.8325101854279637 17.1787890546448 99 1
2454887.8334546294063330 17.1787890546448 99 1
2454888.6674447916448116 17.1891899 0.0250089 0
2454888.6683608796447515 17.1440544 0.0220145 0
2454888.6692607640288770 17.1594391 0.0220118 0
2454888.6701681711710989 17.1899929 0.0230158 0
2454888.6710802083835006 17.1528721 0.0230193 0
2454888.6719829859212041 17.1448898 0.0220071 0
2454888.6729060183279216 17.1517639 0.0230096 0
2454888.6738012731075287 17.1350689 0.0220147 0
2454888.6747040511108935 17.1276684 0.0220206 0
2454888.6756184026598930 17.1436710 0.0210086 0
2454888.6765431715175509 17.1411991 0.0220097 0
2454888.6774395834654570 17.1507645 0.0210100 0
2454888.6895935186184943 17.1625061 0.0240038 0
2454888.6905084489844739 17.1423035 0.0210049 0
2454888.6914349538274109 17.1235466 0.0220055 0
2454888.6923412038013339 17.1758442 0.0250070 0
2454888.6932462961412966 17.1336555 0.0240046 0
2454888.6941357636824250 17.1684780 0.0260043 0
2454888.6950402776710689 17.1773052 0.0270039 0
2454888.6959453704766929 17.2451591 0.0280044 0
2454888.6968608796596527 17.1717529 0.0250042 0
2454888.7025194442830980 17.1957417 0.0470058 0
2454888.7034413195215166 17.1548653 0.0500046 0
2454888.7043498842976987 17.1410599 0.0530043 0
2454888.7072759261354804 17.1813240 0.0460044 0
2454888.7081872685812414 17.1697445 0.0490060 0
2454888.7090981481596828 17.2045727 0.0540054 0
2454888.7100136573426425 17.1787890546448 99 1
2454888.7109413193538785 17.2159386 0.0670053 0
2454888.7118799770250916 17.1949520 0.0630053 0
2454888.7128006946295500 17.1893768 0.0740060 0
2454888.7137162038125098 17.1860580 0.0650045 0
2454888.7146427081897855 17.2161045 0.0650081 0
2454888.7155553242191672 17.1787890546448 99 1
2454888.7165379631333053 17.2305298 0.0630039 0
2454888.7174476850777864 17.1653175 0.0630068 0
2454888.7183736111037433 17.0897446 0.0750044 0
2454888.7193006942979991 17.1787890546448 99 1
2454888.7211502315476537 17.1787890546448 99 1
2454888.7220478011295199 17.1787890546448 99 1
2454888.7229563659057021 17.1787890546448 99 1
2454888.7238770835101604 17.1787890546448 99 1
2454888.7247787038795650 17.1787890546448 99 1
2454888.7256785877980292 17.1787890546448 99 1
2454888.7266351850703359 17.1639557 0.0660035 0
2454888.7275616899132729 17.1262474 0.0560040 0
2454888.7284939815290272 17.2348061 0.0510041 0
2454888.7294222223572433 17.1427975 0.0490040 0
2454888.7312717591412365 17.1583061 0.0530061 0
2454888.7321843751706183 17.1569843 0.0490056 0
2454888.7331114583648741 17.2267036 0.0440037 0
2454888.7340130787342787 17.2401733 0.0400033 0
2454888.7349737267941236 17.1535492 0.0370037 0
2454888.7358950232155621 17.2287979 0.0430048 0
2454888.7368302084505558 17.1894016 0.0390097 0
2454888.7377503472380340 17.1919327 0.0380046 0
2454888.7386693288572133 17.1616840 0.0380062 0
2454888.7395883100107312 17.1378269 0.0340075 0
2454888.7405211804434657 17.1551743 0.0320034 0
2454888.7414523148909211 17.1432476 0.0310049 0
2454888.7423770832829177 17.1830864 0.0320059 0
2454888.7433151621371508 17.1325321 0.0310050 0
2454888.7442549769766629 17.1599102 0.0320036 0
2454888.7451936341822147 17.2005424 0.0380051 0
2454888.7461322918534279 17.2821369 0.0430044 0
2454888.7470535878092051 17.1509781 0.0300059 0
2454888.7479812498204410 17.0944996 0.0400080 0
2454888.7489129630848765 17.2331066 0.0320029 0
2454888.7498718751594424 17.1884193 0.0360041 0
2454888.7507966435514390 17.1749115 0.0330039 0
2454888.7517289351671934 17.1817055 0.0320040 0
2454888.7526432871818542 17.1725941 0.0410073 0
2454888.7535784724168479 17.1459465 0.0310046 0
2454888.7545165508054197 17.1508617 0.0360054 0
2454888.7554476852528751 17.1748924 0.0310052 0
2454888.7563805556856096 17.2012444 0.0320052 0
2454888.7573082176968455 17.2164841 0.0340038 0
2454888.7582358797080815 17.1578846 0.0330060 0
2454888.7591681713238358 17.1433697 0.0310038 0
2454888.7600981481373310 17.1981621 0.0360041 0
2454888.7610315973870456 17.1746731 0.0310044 0
2454888.7619598377496004 17.1450825 0.0320056 0
2454888.7628956018015742 17.2200127 0.0340063 0
2454888.7638631942681968 17.1808701 0.0350043 0
2454888.7647983795031905 17.1973171 0.0340062 0
2454888.7657763888128102 17.2073269 0.0350057 0
2454888.7667086804285645 17.1916809 0.0370049 0
2454888.7676403936930001 17.1687489 0.0340150 0
2454888.7685732636600733 17.1760883 0.0320060 0
2454888.7696270835585892 17.1787890546448 99 1
2454888.7705732639878988 17.1591187 0.0390050 0
2454888.7715084492228925 17.1856537 0.0390053 0
2454888.7724303239956498 17.2186413 0.0440052 0
2454888.7733620372600853 17.1675224 0.0460078 0
2454888.7743105324916542 17.1720085 0.0370062 0
2454888.7761843749321997 17.2274323 0.0740065 0
2454888.7771444446407259 17.1787890546448 99 1
2454888.7781050927005708 17.1787890546448 99 1
2454888.7790119214914739 17.1787890546448 99 1
2454888.7799465279094875 17.1787890546448 99 1
2454888.7809378472156823 17.1124992 0.0320096 0
2454888.7818875000812113 17.1726913 0.0330158 0
2454888.7828354164958000 17.1787890546448 99 1
2454888.7837873841635883 17.1787890546448 99 1
2454888.7847306714393198 17.1993141 0.0350064 0
2454888.7856895835138857 17.1835423 0.0340051 0
2454888.7866369211114943 17.1860561 0.0320053 0
2454888.7875900464132428 17.1362667 0.0300107 0
2454888.7885396992787719 17.1790142 0.0330064 0
2454888.7894795136526227 17.1757488 0.0330102 0
