0.91219512195122
2454887.7398140048608184 16.9788418 0.0190066 0
2454887.7406988427974284 16.9856892 0.0190084 0
2454887.7416172455996275 17.0193768 0.0200140 0
2454887.7425315971486270 16.9994831 0.0200113 0
2454887.7434355323202908 17.0006390 0.0200083 0
2454887.7444280092604458 16.9765587 0.0200108 0
2454887.7453365740366280 17.0227413 0.0200088 0
2454887.7462584492750466 17.0071869 0.0200088 0
2454887.7471716436557472 16.9845448 0.0200076 0
2454887.7480946760624647 16.9915447 0.0200052 0
2454887.7490032408386469 16.9802608 0.0200058 0
2454887.7499204860068858 17.0175953 0.0210112 0
2454887.7508365740068257 17.0294113 0.0210057 0
2454887.7517543979920447 17.0025597 0.0200058 0
2454887.7526531252078712 17.0262489 0.0210059 0
2454887.7535726851783693 17.0165291 0.0200041 0
2454887.7544905091635883 16.9622726 0.0190070 0
2454887.7554083331488073 17.0179558 0.0220068 0
2454887.7563325231894851 17.0424671 0.0220114 0
2454887.7572474535554647 16.9877338 0.0230123 0
2454887.7581785880029202 17.0000439 0.0220062 0
2454887.7590917823836207 16.9987831 0.0220094 0
2454887.7600171295925975 17.0293236 0.0210059 0
2454887.7618961804546416 17.0145664 0.0210054 0
2454887.7627902776002884 16.9982357 0.0210207 0
2454887.7637017359957099 17.0008087 0.0210055 0
2454887.7646328704431653 16.9695435 0.0200099 0
2454887.7655541668646038 16.9955578 0.0220066 0
2454887.7664656247943640 16.9808216 0.0220058 0
2454887.7674204860813916 16.9972839 0.0230057 0
2454887.7683498840779066 16.9885273 0.0230043 0
2454887.7693741898983717 17.0045395 0.0240048 0
2454887.7705530091188848 17.0352917 0.0240068 0
2454887.7714465279132128 17.0625553 0.0230074 0
2454887.7723736111074686 17.0162544 0.0250042 0
2454887.7732908562757075 17.0000839 0.0230062 0
2454887.7742555555887520 16.9826813 0.0230046 0
2454887.7751803239807487 17.0056190 0.0240046 0
2454887.7761074071750045 16.9893456 0.0240051 0
2454887.7770414352416992 17.0011692 0.0240077 0
2454887.7779604168608785 16.9715729 0.0230060 0
2454887.7788863424211740 17.0077209 0.0230084 0
2454887.7798122684471309 17.0142555 0.0230049 0
2454887.7807370368391275 16.9967480 0.0230084 0
2454887.7817167825996876 16.9844284 0.0240061 0
2454887.7835888890549541 17.0026283 0.0270131 0
2454887.7844922454096377 16.9792843 0.0280154 0
2454887.7854181714355946 17.0092926 0.0250048 0
2454887.7863481482490897 16.9734135 0.0250049 0
2454887.7872862266376615 17.0239983 0.0270062 0
2454887.7882127314805984 16.9846630 0.0270050 0
2454887.7891357638873160 16.9889336 0.0340049 0
2454887.7900576386600733 17.0289097 0.0390073 0
2454887.7909748842939734 17.0218620 0.0280073 0
2454887.7919089118950069 17.0494537 0.0300077 0
2454887.7928527779877186 16.9943905 0.0290065 0
2454887.7937896992079914 17.0504551 0.0300056 0
2454887.7947162035852671 16.9882889 0.0280056 0
2454887.7956571760587394 17.0101185 0.0360043 0
2454887.7965848380699754 17.0144882 0.0310071 0
2454887.7975275460630655 17.0030060 0.0290095 0
2454887.7985703703016043 17.0635147 0.0340059 0
2454887.7997063659131527 16.9669514 0.0320066 0
2454887.8006496527232230 17.0238571 0.0330242 0
2454887.8016322916373610 16.9828911 0.0300064 0
2454887.8026537038385868 17.0402393 0.0320046 0
2454887.8036947916261852 17.0128689 0.0330069 0
2454887.8047144678421319 16.9601669 0.0320079 0
2454887.8056924766860902 16.9725285 0.0330072 0
2454887.8066947916522622 17.0267487 0.0350065 0
2454887.8085750001482666 17.0129032 0.0370063 0
2454887.8095032409764826 17.0126476 0.0320058 0
2454887.8114725695922971 16.9672565 0.0360097 0
2454887.8123961803503335 17.0406075 0.0380060 0
2454887.8133319444023073 17.0373497 0.0360088 0
2454887.8142671296373010 17.0569401 0.0400071 0
2454887.8152069444768131 17.0029259 0.0380084 0
2454887.8161473381333053 17.0523739 0.0400078 0
2454887.8170964121818542 17.0304279 0.0410114 0
2454887.8191074072383344 16.9694195 0.0380066 0
2454887.8200408564880490 17.0249892764706 99 1
2454887.8209934029728174 17.0627117 0.0450172 0
2454887.8219609954394400 17.0083637 0.0420072 0
2454887.8229123842902482 16.9604664 0.0390094 0
2454887.8238782407715917 17.1576309 0.0510095 0
2454887.8248504628427327 16.9936695 0.0480178 0
2454887.8258990738540888 17.0249892764706 99 1
2454887.8268562499433756 17.0401001 0.0560238 0
2454887.8278082176111639 17.0429039 0.0500088 0
2454887.8287613424472511 17.0743599 0.0650157 0
2454887.8297381945885718 17.1243420 0.0630084 0
2454887.8306537037715316 17.0249892764706 99 1
2454887.8315848377533257 17.0249892764706 99 1
2454887.8325101854279637 17.0249892764706 99 1
2454887.8334546294063330 16.9878540 0.0600606 0
2454888.6674447916448116 16.9691906 0.0220101 0
2454888.6683608796447515 17.0060539 0.0210151 0
2454888.6692607640288770 17.0174389 0.0210124 0
2454888.6701681711710989 17.0469933 0.0220165 0
2454888.6710802083835006 17.0038719 0.0210211 0
2454888.6719829859212041 17.0238895 0.0210074 0
2454888.6729060183279216 16.9937649 0.0220100 0
2454888.6738012731075287 16.9570694 0.0200161 0
2454888.6747040511108935 17.0196686 0.0220206 0
2454888.6756184026598930 17.0256710 0.0200091 0
2454888.6765431715175509 17.0151997 0.0210101 0
2454888.6774395834654570 16.9967651 0.0190111 0
2454888.6895935186184943 17.0015068 0.0220042 0
2454888.6905084489844739 16.9963036 0.0200051 0
2454888.6914349538274109 16.9925480 0.0210058 0
2454888.6923412038013339 16.9858437 0.0220079 0
2454888.6932462961412966 16.9756546 0.0220051 0
2454888.6941357636824250 16.9934788 0.0250045 0
2454888.6950402776710689 17.0363045 0.0250042 0
2454888.6959453704766929 17.0191593 0.0250049 0
2454888.6968608796596527 17.0197525 0.0230045 0
2454888.7025194442830980 17.0507412 0.0430063 0
2454888.7034413195215166 17.0068645 0.0480047 0
2454888.7043498842976987 17.0280590 0.0490046 0
2454888.7072759261354804 17.0203247 0.0440046 0
2454888.7081872685812414 17.0767441 0.0500059 0
2454888.7090981481596828 17.0325718 0.0520056 0
2454888.7100136573426425 17.0825310 0.0700047 0
2454888.7109413193538785 17.0069389 0.0600059 0
2454888.7118799770250916 17.0269527 0.0580058 0
2454888.7128006946295500 16.9893761 0.0680065 0
2454888.7137162038125098 17.0820580 0.0620047 0
2454888.7146427081897855 17.0181046 0.0590089 0
2454888.7155553242191672 17.1729603 0.0710125 0
2454888.7165379631333053 17.0485306 0.0590042 0
2454888.7174476850777864 17.1163177 0.0650066 0
2454888.7183736111037433 17.0957451 0.0770043 0
2454888.7193006942979991 17.0233974 0.0610065 0
2454888.7211502315476537 17.0249892764706 99 1
2454888.7220478011295199 17.0249892764706 99 1
2454888.7229563659057021 17.0249892764706 99 1
2454888.7238770835101604 17.0249892764706 99 1
2454888.7247787038795650 17.0249892764706 99 1
2454888.7256785877980292 17.0476284 0.1150079 0
2454888.7266351850703359 17.0249892764706 99 1
2454888.7275616899132729 17.0692482 0.0570039 0
2454888.7284939815290272 17.0878048 0.0490042 0
2454888.7294222223572433 17.0427990 0.0510039 0
2454888.7312717591412365 17.0533066 0.0520062 0
2454888.7321843751706183 17.0219841 0.0480057 0
2454888.7331114583648741 17.0277042 0.0390042 0
2454888.7340130787342787 17.0161724 0.0360037 0
2454888.7349737267941236 17.0045509 0.0340040 0
2454888.7358950232155621 17.1417980 0.0430048 0
2454888.7368302084505558 17.0374012 0.0350108 0
2454888.7377503472380340 17.0479336 0.0350050 0
2454888.7386693288572133 17.0786839 0.0350067 0
2454888.7395883100107312 17.0508270 0.0310083 0
2454888.7405211804434657 17.1291733 0.0350031 0
2454888.7414523148909211 17.0592461 0.0310049 0
2454888.7423770832829177 17.0170860 0.0320059 0
2454888.7433151621371508 17.0035324 0.0300052 0
2454888.7442549769766629 17.0859108 0.0320036 0
2454888.7451936341822147 17.0545425 0.0360054 0
2454888.7461322918534279 17.1051369 0.0400047 0
2454888.7470535878092051 17.0659771 0.0300059 0
2454888.7479812498204410 17.0795002 0.0410078 0
2454888.7489129630848765 17.0521069 0.0290032 0
2454888.7498718751594424 17.0464191 0.0330045 0
2454888.7507966435514390 17.0289116 0.0310042 0
2454888.7517289351671934 17.0877075 0.0310041 0
2454888.7526432871818542 17.0865955 0.0430070 0
2454888.7535784724168479 17.0739460 0.0310046 0
2454888.7545165508054197 17.0738621 0.0360054 0
2454888.7554476852528751 17.0278931 0.0290056 0
2454888.7563805556856096 17.0222435 0.0300056 0
2454888.7573082176968455 17.0264835 0.0300043 0
2454888.7582358797080815 17.0418854 0.0320062 0
2454888.7591681713238358 17.0003681 0.0290040 0
2454888.7600981481373310 17.0641613 0.0330044 0
2454888.7610315973870456 16.9936733 0.0280048 0
2454888.7619598377496004 16.9980831 0.0300059 0
2454888.7628956018015742 17.0170116 0.0310069 0
2454888.7638631942681968 17.1078701 0.0360042 0
2454888.7647983795031905 17.0093174 0.0290073 0
2454888.7657763888128102 16.9613285 0.0300067 0
2454888.7667086804285645 17.0536804 0.0340053 0
2454888.7676403936930001 17.0227489 0.0320159 0
2454888.7685732636600733 17.0460873 0.0310062 0
2454888.7696270835585892 17.1106300 0.0390056 0
2454888.7705732639878988 17.0891171 0.0400049 0
2454888.7715084492228925 17.0516548 0.0390053 0
2454888.7724303239956498 17.0606403 0.0410056 0
2454888.7733620372600853 17.1025219 0.0450080 0
2454888.7743105324916542 17.0500088 0.0370062 0
2454888.7761843749321997 17.0249892764706 99 1
2454888.7771444446407259 17.0249892764706 99 1
2454888.7781050927005708 17.0249892764706 99 1
2454888.7790119214914739 17.0249892764706 99 1
2454888.7799465279094875 17.0249892764706 99 1
2454888.7809378472156823 16.9874992 0.0310099 0
2454888.7818875000812113 16.9846916 0.0290180 0
2454888.7828354164958000 17.0249892764706 99 1
2454888.7837873841635883 17.0249892764706 99 1
2454888.7847306714393198 17.0163136 0.0320070 0
2454888.7856895835138857 17.0465431 0.0320055 0
2454888.7866369211114943 17.0220566 0.0300056 0
2454888.7875900464132428 17.0382671 0.0280115 0
2454888.7885396992787719 17.0690155 0.0310069 0
2454888.7894795136526227 16.9957485 0.0290116 0
