0.936585365853659
2454887.7398140048608184 16.8878422 0.0180069 0
2454887.7406988427974284 16.8016891 0.0170094 0
2454887.7416172455996275 16.8833771 0.0180156 0
2454887.7425315971486270 16.8594837 0.0180126 0
2454887.7434355323202908 16.8716393 0.0180092 0
2454887.7444280092604458 16.8205585 0.0170127 0
2454887.7453365740366280 16.8637409 0.0180098 0
2454887.7462584492750466 16.8511868 0.0170103 0
2454887.7471716436557472 16.8415432 0.0170089 0
2454887.7480946760624647 16.8535442 0.0180058 0
2454887.7490032408386469 16.8672619 0.0180065 0
2454887.7499204860068858 16.8565941 0.0180130 0
2454887.7508365740068257 16.8614120 0.0180067 0
2454887.7517543979920447 16.8745594 0.0180065 0
2454887.7526531252078712 16.8522472 0.0180069 0
2454887.7535726851783693 16.8405304 0.0180046 0
2454887.7544905091635883 16.8752728 0.0180073 0
2454887.7554083331488073 16.8399544 0.0190079 0
2454887.7563325231894851 16.8454666 0.0180139 0
2454887.7572474535554647 16.8377323 0.0200142 0
2454887.7581785880029202 16.8620453 0.0200068 0
2454887.7590917823836207 16.8477840 0.0200104 0
2454887.7600171295925975 16.8733234 0.0190065 0
2454887.7618961804546416 16.8805676 0.0190059 0
2454887.7627902776002884 16.8362350 0.0180242 0
2454887.7637017359957099 16.8708096 0.0190061 0
2454887.7646328704431653 16.8315449 0.0180110 0
2454887.7655541668646038 16.8835583 0.0200073 0
2454887.7664656247943640 16.8448219 0.0200064 0
2454887.7674204860813916 16.8552837 0.0210063 0
2454887.7683498840779066 16.8635273 0.0200049 0
2454887.7693741898983717 16.8345394 0.0210055 0
2454887.7705530091188848 16.8472919 0.0210078 0
2454887.7714465279132128 16.8335552 0.0200086 0
2454887.7723736111074686 16.8572540 0.0220048 0
2454887.7732908562757075 16.8400841 0.0200071 0
2454887.7742555555887520 16.8596821 0.0200053 0
2454887.7751803239807487 16.8846188 0.0220051 0
2454887.7761074071750045 16.8343449 0.0210058 0
2454887.7770414352416992 16.8631687 0.0220084 0
2454887.7779604168608785 16.8435726 0.0210066 0
2454887.7788863424211740 16.8637199 0.0200096 0
2454887.7798122684471309 16.8512554 0.0200057 0
2454887.7807370368391275 16.8707466 0.0210092 0
2454887.7817167825996876 16.8434296 0.0210070 0
2454887.7835888890549541 16.8476295 0.0230154 0
2454887.7844922454096377 16.8462849 0.0240179 0
2454887.7854181714355946 16.8622932 0.0220054 0
2454887.7863481482490897 16.8324146 0.0210058 0
2454887.7872862266376615 16.8470001 0.0220076 0
2454887.7882127314805984 16.8496628 0.0230059 0
2454887.7891357638873160 16.8639336 0.0300055 0
2454887.7900576386600733 16.8689098 0.0320089 0
2454887.7909748842939734 16.8518620 0.0240085 0
2454887.7919089118950069 16.8184528 0.0250092 0
2454887.7928527779877186 16.8923912 0.0250076 0
2454887.7937896992079914 16.8794556 0.0240070 0
2454887.7947162035852671 16.8992882 0.0260060 0
2454887.7956571760587394 16.8551178 0.0300051 0
2454887.7965848380699754 16.8604889 0.0260084 0
2454887.7975275460630655 16.8540058 0.0250110 0
2454887.7985703703016043 16.8505154 0.0280072 0
2454887.7997063659131527 16.8539524 0.0280075 0
2454887.8006496527232230 16.7978573 0.0260307 0
2454887.8016322916373610 16.8328896 0.0260074 0
2454887.8026537038385868 16.8892384 0.0270055 0
2454887.8036947916261852 16.8488674 0.0290079 0
2454887.8047144678421319 16.8441677 0.0290087 0
2454887.8056924766860902 16.8595276 0.0290082 0
2454887.8066947916522622 16.8237476 0.0290078 0
2454887.8085750001482666 16.8529034 0.0310075 0
2454887.8095032409764826 16.8226471 0.0270068 0
2454887.8114725695922971 16.8982563 0.0330106 0
2454887.8123961803503335 16.9646072 0.0340067 0
2454887.8133319444023073 16.9623508 0.0320099 0
2454887.8142671296373010 16.8369408 0.0320089 0
2454887.8152069444768131 16.8959274 0.0340094 0
2454887.8161473381333053 16.9263744 0.0350090 0
2454887.8170964121818542 16.8434277 0.0350133 0
2454887.8191074072383344 16.9054184 0.0350071 0
2454887.8200408564880490 16.8446255 0.0350265 0
2454887.8209934029728174 16.8847122 0.0380204 0
2454887.8219609954394400 16.9153633 0.0380079 0
2454887.8229123842902482 16.8804665 0.0360101 0
2454887.8238782407715917 16.9466324 0.0410118 0
2454887.8248504628427327 16.9676685 0.0470181 0
2454887.8258990738540888 17.0319252 0.0580126 0
2454887.8268562499433756 16.9990997 0.0520256 0
2454887.8278082176111639 16.9349041 0.0470093 0
2454887.8287613424472511 17.0333595 0.0590173 0
2454887.8297381945885718 17.0623417 0.0590090 0
2454887.8306537037715316 16.9874458 0.0570333 0
2454887.8315848377533257 16.7804604 0.0490132 0
2454887.8325101854279637 16.8760643 0.0550188 0
2454887.8334546294063330 16.8448524 0.0510712 0
2454888.6674447916448116 16.8621883 0.0200111 0
2454888.6683608796447515 16.8890553 0.0190167 0
2454888.6692607640288770 16.8704376 0.0180145 0
2454888.6701681711710989 16.8999939 0.0190191 0
2454888.6710802083835006 16.9038715 0.0190233 0
2454888.6719829859212041 16.8638897 0.0190082 0
2454888.6729060183279216 16.9067650 0.0200110 0
2454888.6738012731075287 16.8880692 0.0180179 0
2454888.6747040511108935 16.8946686 0.0190239 0
2454888.6756184026598930 16.8496723 0.0170106 0
2454888.6765431715175509 16.9011993 0.0190112 0
2454888.6774395834654570 16.9017639 0.0180117 0
2454888.6895935186184943 16.9015064 0.0200046 0
2454888.6905084489844739 16.8903027 0.0180057 0
2454888.6914349538274109 16.8715477 0.0190064 0
2454888.6923412038013339 16.8978443 0.0200087 0
2454888.6932462961412966 16.8546562 0.0200056 0
2454888.6941357636824250 16.8674793 0.0210053 0
2454888.6950402776710689 16.8893051 0.0230045 0
2454888.6959453704766929 16.8591595 0.0220056 0
2454888.6968608796596527 16.8777523 0.0210050 0
2454888.7025194442830980 16.8777428 0.0370073 0
2454888.7034413195215166 16.8928642 0.0400057 0
2454888.7043498842976987 16.8800602 0.0430053 0
2454888.7072759261354804 16.9033241 0.0390052 0
2454888.7081872685812414 16.8897438 0.0390075 0
2454888.7090981481596828 16.8345699 0.0410071 0
2454888.7100136573426425 16.8945293 0.0540061 0
2454888.7109413193538785 17.0179386 0.0560064 0
2454888.7118799770250916 16.8999519 0.0530063 0
2454888.7128006946295500 16.9253769 0.0610073 0
2454888.7137162038125098 16.8430576 0.0510058 0
2454888.7146427081897855 16.8801041 0.0490107 0
2454888.7155553242191672 16.7729607 0.0480184 0
2454888.7165379631333053 16.8205299 0.0480051 0
2454888.7174476850777864 16.8403168 0.0500086 0
2454888.7183736111037433 16.8967457 0.0600055 0
2454888.7193006942979991 17.0463963 0.0620064 0
2454888.7211502315476537 16.87940505 99 1
2454888.7220478011295199 16.87940505 99 1
2454888.7229563659057021 16.87940505 99 1
2454888.7238770835101604 16.87940505 99 1
2454888.7247787038795650 16.87940505 99 1
2454888.7256785877980292 16.87940505 99 1
2454888.7266351850703359 16.8889542 0.0540043 0
2454888.7275616899132729 16.8982487 0.0480047 0
2454888.7284939815290272 16.8998051 0.0390053 0
2454888.7294222223572433 16.8677979 0.0390051 0
2454888.7312717591412365 16.8873062 0.0430075 0
2454888.7321843751706183 16.8999825 0.0400068 0
2454888.7331114583648741 16.8937054 0.0350047 0
2454888.7340130787342787 16.8871727 0.0320041 0
2454888.7349737267941236 16.8435497 0.0290047 0
2454888.7358950232155621 16.9767990 0.0360058 0
2454888.7368302084505558 16.9164028 0.0300126 0
2454888.7377503472380340 16.9059334 0.0310057 0
2454888.7386693288572133 16.9506855 0.0310076 0
2454888.7395883100107312 16.9048271 0.0280092 0
2454888.7405211804434657 16.8671741 0.0270040 0
2454888.7414523148909211 16.8732471 0.0250061 0
2454888.7423770832829177 16.8720856 0.0270070 0
2454888.7433151621371508 16.9085312 0.0260060 0
2454888.7442549769766629 16.8599110 0.0260044 0
2454888.7451936341822147 16.8815422 0.0300065 0
2454888.7461322918534279 16.8111362 0.0300063 0
2454888.7470535878092051 16.8789768 0.0250071 0
2454888.7479812498204410 16.87940505 99 1
2454888.7489129630848765 16.8761063 0.0250037 0
2454888.7498718751594424 16.8914204 0.0290051 0
2454888.7507966435514390 16.8719101 0.0270048 0
2454888.7517289351671934 16.9037056 0.0260049 0
2454888.7526432871818542 16.8935947 0.0330091 0
2454888.7535784724168479 16.8999462 0.0270053 0
2454888.7545165508054197 16.9188614 0.0310063 0
2454888.7554476852528751 16.8968925 0.0260062 0
2454888.7563805556856096 16.9102440 0.0250067 0
2454888.7573082176968455 16.8434830 0.0260050 0
2454888.7582358797080815 16.9278851 0.0280071 0
2454888.7591681713238358 16.8983688 0.0260045 0
2454888.7600981481373310 16.8991623 0.0280052 0
2454888.7610315973870456 16.8436737 0.0240056 0
2454888.7619598377496004 16.8920841 0.0260069 0
2454888.7628956018015742 16.8880119 0.0270079 0
2454888.7638631942681968 16.8928699 0.0280054 0
2454888.7647983795031905 16.8943157 0.0270078 0
2454888.7657763888128102 16.8513279 0.0270074 0
2454888.7667086804285645 16.8626804 0.0290062 0
2454888.7676403936930001 16.9267483 0.0280182 0
2454888.7685732636600733 16.8370876 0.0250077 0
2454888.7696270835585892 16.9386292 0.0330066 0
2454888.7705732639878988 16.8931179 0.0310063 0
2454888.7715084492228925 16.9126549 0.0330063 0
2454888.7724303239956498 16.9146404 0.0350065 0
2454888.7733620372600853 16.8275223 0.0350103 0
2454888.7743105324916542 16.8710098 0.0300077 0
2454888.7761843749321997 16.9914341 0.0590081 0
2454888.7771444446407259 16.87940505 99 1
2454888.7781050927005708 16.87940505 99 1
2454888.7790119214914739 16.87940505 99 1
2454888.7799465279094875 16.87940505 99 1
2454888.7809378472156823 16.9214993 0.0280110 0
2454888.7818875000812113 16.8976917 0.0270194 0
2454888.7828354164958000 16.87940505 99 1
2454888.7837873841635883 16.87940505 99 1
2454888.7847306714393198 16.8523140 0.0260086 0
2454888.7856895835138857 16.9065437 0.0270065 0
2454888.7866369211114943 16.8650570 0.0250068 0
2454888.7875900464132428 16.8742676 0.0250128 0
2454888.7885396992787719 16.8860149 0.0260082 0
2454888.7894795136526227 16.8507481 0.0260130 0
