0.980487804878049
2454887.7398140048608184 15.7208424 0.0090139 0
2454887.7406988427974284 15.7426901 0.0090178 0
2454887.7416172455996275 15.7453756 0.0090311 0
2454887.7425315971486270 15.7224827 0.0090251 0
2454887.7434355323202908 15.7456388 0.0090184 0
2454887.7444280092604458 15.7395573 0.0090240 0
2454887.7453365740366280 15.7217417 0.0090196 0
2454887.7462584492750466 15.7301874 0.0090195 0
2454887.7471716436557472 15.7315426 0.0090169 0
2454887.7480946760624647 15.7385445 0.0090115 0
2454887.7490032408386469 15.7322607 0.0090130 0
2454887.7499204860068858 15.7265940 0.0090260 0
2454887.7508365740068257 15.7224112 0.0090134 0
2454887.7517543979920447 15.7285585 0.0090129 0
2454887.7526531252078712 15.7232475 0.0090137 0
2454887.7535726851783693 15.7345314 0.0090091 0
2454887.7544905091635883 15.7352724 0.0090147 0
2454887.7554083331488073 15.7259550 0.0100151 0
2454887.7563325231894851 15.7244682 0.0090277 0
2454887.7572474535554647 15.7277327 0.0100284 0
2454887.7581785880029202 15.7220449 0.0100136 0
2454887.7590917823836207 15.7267828 0.0100207 0
2454887.7600171295925975 15.7333241 0.0090138 0
2454887.7618961804546416 15.7555666 0.0100112 0
2454887.7627902776002884 15.7262363 0.0090482 0
2454887.7637017359957099 15.7248106 0.0090129 0
2454887.7646328704431653 15.7495432 0.0090220 0
2454887.7655541668646038 15.7415562 0.0100146 0
2454887.7664656247943640 15.7408228 0.0100127 0
2454887.7674204860813916 15.7022839 0.0100132 0
2454887.7683498840779066 15.7375298 0.0100099 0
2454887.7693741898983717 15.7085390 0.0100115 0
2454887.7705530091188848 15.7322912 0.0100164 0
2454887.7714465279132128 15.7365551 0.0100171 0
2454887.7723736111074686 15.7402554 0.0100105 0
2454887.7732908562757075 15.7090836 0.0100143 0
2454887.7742555555887520 15.7196827 0.0090119 0
2454887.7751803239807487 15.7186203 0.0100111 0
2454887.7761074071750045 15.7083454 0.0100122 0
2454887.7770414352416992 15.7191706 0.0100184 0
2454887.7779604168608785 15.7395744 0.0100138 0
2454887.7788863424211740 15.7287207 0.0100193 0
2454887.7798122684471309 15.7352552 0.0100113 0
2454887.7807370368391275 15.7097464 0.0100193 0
2454887.7817167825996876 15.7444296 0.0100147 0
2454887.7835888890549541 15.7396278 0.0110321 0
2454887.7844922454096377 15.7132835 0.0110391 0
2454887.7854181714355946 15.7502947 0.0100120 0
2454887.7863481482490897 15.7314138 0.0100122 0
2454887.7872862266376615 15.7289991 0.0100166 0
2454887.7882127314805984 15.7426615 0.0110124 0
2454887.7891357638873160 15.7419348 0.0130127 0
2454887.7900576386600733 15.7429094 0.0140203 0
2454887.7909748842939734 15.7468615 0.0110186 0
2454887.7919089118950069 15.7224512 0.0110209 0
2454887.7928527779877186 15.7293911 0.0110172 0
2454887.7937896992079914 15.7134542 0.0110152 0
2454887.7947162035852671 15.7302876 0.0110143 0
2454887.7956571760587394 15.7341194 0.0130118 0
2454887.7965848380699754 15.7164888 0.0110200 0
2454887.7975275460630655 15.7350054 0.0110249 0
2454887.7985703703016043 15.7215157 0.0120168 0
2454887.7997063659131527 15.7479506 0.0120176 0
2454887.8006496527232230 15.7468596 0.0120664 0
2454887.8016322916373610 15.7188911 0.0120160 0
2454887.8026537038385868 15.7422380 0.0120124 0
2454887.8036947916261852 15.7168684 0.0120191 0
2454887.8047144678421319 15.7161674 0.0120209 0
2454887.8056924766860902 15.7325287 0.0130182 0
2454887.8066947916522622 15.7117481 0.0130174 0
2454887.8085750001482666 15.7469034 0.0130179 0
2454887.8095032409764826 15.7226486 0.0120154 0
2454887.8114725695922971 15.7482567 0.0140249 0
2454887.8123961803503335 15.7226076 0.0130176 0
2454887.8133319444023073 15.7153492 0.0130244 0
2454887.8142671296373010 15.7059402 0.0140203 0
2454887.8152069444768131 15.7579269 0.0140227 0
2454887.8161473381333053 15.7173729 0.0140224 0
2454887.8170964121818542 15.7614260 0.0150310 0
2454887.8191074072383344 15.7374201 0.0140178 0
2454887.8200408564880490 15.6996241 0.0150616 0
2454887.8209934029728174 15.7067146 0.0150516 0
2454887.8219609954394400 15.7353640 0.0150201 0
2454887.8229123842902482 15.7324667 0.0150243 0
2454887.8238782407715917 15.7506323 0.0160301 0
2454887.8248504628427327 15.6976681 0.0170501 0
2454887.8258990738540888 15.7819233 0.0210347 0
2454887.8268562499433756 15.7681007 0.0190700 0
2454887.8278082176111639 15.7479029 0.0170257 0
2454887.8287613424472511 15.7963600 0.0220463 0
2454887.8297381945885718 15.7743416 0.0190280 0
2454887.8306537037715316 15.7024479 0.0181052 0
2454887.8315848377533257 15.7004623 0.0200323 0
2454887.8325101854279637 15.7010651 0.0210491 0
2454887.8334546294063330 15.7098541 0.0191904 0
2454888.6674447916448116 15.7441883 0.0090246 0
2454888.6683608796447515 15.7460546 0.0090353 0
2454888.6692607640288770 15.7324371 0.0090289 0
2454888.6701681711710989 15.7389936 0.0090403 0
2454888.6710802083835006 15.7418709 0.0090491 0
2454888.6719829859212041 15.7358904 0.0090174 0
2454888.6729060183279216 15.7507648 0.0100220 0
2454888.6738012731075287 15.7520685 0.0090358 0
2454888.6747040511108935 15.7446671 0.0090503 0
2454888.6756184026598930 15.7276726 0.0090201 0
2454888.6765431715175509 15.7512007 0.0090236 0
2454888.6774395834654570 15.7377653 0.0090234 0
2454888.6895935186184943 15.7515068 0.0100091 0
2454888.6905084489844739 15.7513027 0.0090114 0
2454888.6914349538274109 15.7385464 0.0090135 0
2454888.6923412038013339 15.7168446 0.0100174 0
2454888.6932462961412966 15.7256565 0.0100112 0
2454888.6941357636824250 15.7304773 0.0100112 0
2454888.6950402776710689 15.7143049 0.0110095 0
2454888.6959453704766929 15.7071581 0.0100123 0
2454888.6968608796596527 15.7217541 0.0100104 0
2454888.7025194442830980 15.7627420 0.0160169 0
2454888.7034413195215166 15.7508640 0.0170134 0
2454888.7043498842976987 15.7350597 0.0170134 0
2454888.7072759261354804 15.7543230 0.0160126 0
2454888.7081872685812414 15.7477436 0.0160183 0
2454888.7090981481596828 15.7255716 0.0170172 0
2454888.7100136573426425 15.7545300 0.0230142 0
2454888.7109413193538785 15.7659397 0.0190187 0
2454888.7118799770250916 15.7239513 0.0190176 0
2454888.7128006946295500 15.7453775 0.0230193 0
2454888.7137162038125098 15.7230587 0.0200147 0
2454888.7146427081897855 15.7001047 0.0200263 0
2454888.7155553242191672 15.7279606 0.0210420 0
2454888.7165379631333053 15.7335291 0.0200123 0
2454888.7174476850777864 15.7783184 0.0210205 0
2454888.7183736111037433 15.7547445 0.0240139 0
2454888.7193006942979991 15.6843967 0.0200199 0
2454888.7211502315476537 15.7318516 0.0280284 0
2454888.7220478011295199 15.6711159 0.0380244 0
2454888.7229563659057021 15.6870813 0.0490235 0
2454888.7238770835101604 15.6518335 0.0810335 0
2454888.7247787038795650 15.7144976 0.0570283 0
2454888.7256785877980292 15.7316303 0.0340268 0
2454888.7266351850703359 15.7439556 0.0210111 0
2454888.7275616899132729 15.7222481 0.0190118 0
2454888.7284939815290272 15.7288046 0.0160130 0
2454888.7294222223572433 15.7537985 0.0170116 0
2454888.7312717591412365 15.7513065 0.0180179 0
2454888.7321843751706183 15.7559843 0.0170160 0
2454888.7331114583648741 15.7407036 0.0150110 0
2454888.7340130787342787 15.7501736 0.0140094 0
2454888.7349737267941236 15.7515497 0.0130104 0
2454888.7358950232155621 15.7237997 0.0140148 0
2454888.7368302084505558 15.7284031 0.0130290 0
2454888.7377503472380340 15.7279339 0.0130136 0
2454888.7386693288572133 15.7416830 0.0130181 0
2454888.7395883100107312 15.7278261 0.0120214 0
2454888.7405211804434657 15.7291746 0.0120091 0
2454888.7414523148909211 15.7442465 0.0120127 0
2454888.7423770832829177 15.7090864 0.0110172 0
2454888.7433151621371508 15.7395315 0.0120130 0
2454888.7442549769766629 15.7179108 0.0110105 0
2454888.7451936341822147 15.7105427 0.0120162 0
2454888.7461322918534279 15.7391386 0.0130146 0
2454888.7470535878092051 15.7319765 0.0110162 0
2454888.7479812498204410 15.7265005 0.0150212 0
2454888.7489129630848765 15.7301044 0.0110084 0
2454888.7498718751594424 15.7434206 0.0120123 0
2454888.7507966435514390 15.7139111 0.0120108 0
2454888.7517289351671934 15.7317066 0.0120105 0
2454888.7526432871818542 15.7255936 0.0140215 0
2454888.7535784724168479 15.7269468 0.0120120 0
2454888.7545165508054197 15.7138615 0.0130150 0
2454888.7554476852528751 15.7388906 0.0110146 0
2454888.7563805556856096 15.7212439 0.0110152 0
2454888.7573082176968455 15.7314844 0.0120108 0
2454888.7582358797080815 15.7358828 0.0120166 0
2454888.7591681713238358 15.7123699 0.0110106 0
2454888.7600981481373310 15.7411604 0.0120122 0
2454888.7610315973870456 15.7196751 0.0110123 0
2454888.7619598377496004 15.7230835 0.0110162 0
2454888.7628956018015742 15.7280111 0.0120178 0
2454888.7638631942681968 15.7148695 0.0130116 0
2454888.7647983795031905 15.7443161 0.0120175 0
2454888.7657763888128102 15.7353287 0.0120167 0
2454888.7667086804285645 15.7386818 0.0130139 0
2454888.7676403936930001 15.7347479 0.0120424 0
2454888.7685732636600733 15.7480869 0.0120160 0
2454888.7696270835585892 15.7306290 0.0130167 0
2454888.7705732639878988 15.7401180 0.0130150 0
2454888.7715084492228925 15.7266550 0.0130160 0
2454888.7724303239956498 15.7426414 0.0140164 0
2454888.7733620372600853 15.7545223 0.0150240 0
2454888.7743105324916542 15.7460079 0.0130178 0
2454888.7761843749321997 15.7294321 0.0210228 0
2454888.7771444446407259 15.7569361 0.0302089 0
2454888.7781050927005708 15.6573753 0.0441078 0
2454888.7790119214914739 15.7314407472637 99 1
2454888.7799465279094875 15.7314407472637 99 1
2454888.7809378472156823 15.7475004 0.0120256 0
2454888.7818875000812113 15.7236891 0.0120435 0
2454888.7828354164958000 15.7314407472637 99 1
2454888.7837873841635883 15.7314407472637 99 1
2454888.7847306714393198 15.7183132 0.0120185 0
2454888.7856895835138857 15.7265406 0.0120146 0
2454888.7866369211114943 15.7270565 0.0110154 0
2454888.7875900464132428 15.7242680 0.0110291 0
2454888.7885396992787719 15.7320147 0.0120177 0
2454888.7894795136526227 15.7237482 0.0120281 0
