0.88780487804878
2454887.7398140048608184 15.0468426 0.0060208 0
2454887.7406988427974284 15.0536900 0.0060267 0
2454887.7416172455996275 15.0523748 0.0060466 0
2454887.7425315971486270 15.0494823 0.0060377 0
2454887.7434355323202908 15.0656395 0.0060276 0
2454887.7444280092604458 15.0505571 0.0060360 0
2454887.7453365740366280 15.0627413 0.0060293 0
2454887.7462584492750466 15.0541868 0.0060292 0
2454887.7471716436557472 15.0565434 0.0060253 0
2454887.7480946760624647 15.0645447 0.0060172 0
2454887.7490032408386469 15.0522604 0.0060194 0
2454887.7499204860068858 15.0485945 0.0060390 0
2454887.7508365740068257 15.0334120 0.0060201 0
2454887.7517543979920447 15.0455589 0.0060194 0
2454887.7526531252078712 15.0512476 0.0060205 0
2454887.7535726851783693 15.0475311 0.0060137 0
2454887.7544905091635883 15.0452728 0.0060220 0
2454887.7554083331488073 15.0399551 0.0070215 0
2454887.7563325231894851 15.0494680 0.0060415 0
2454887.7572474535554647 15.0547333 0.0070405 0
2454887.7581785880029202 15.0500450 0.0070193 0
2454887.7590917823836207 15.0667820 0.0070295 0
2454887.7600171295925975 15.0463238 0.0060206 0
2454887.7618961804546416 15.0495672 0.0060187 0
2454887.7627902776002884 15.0712366 0.0060721 0
2454887.7637017359957099 15.0618105 0.0060193 0
2454887.7646328704431653 15.0455427 0.0060330 0
2454887.7655541668646038 15.0505562 0.0070208 0
2454887.7664656247943640 15.0458231 0.0070181 0
2454887.7674204860813916 15.0472832 0.0060220 0
2454887.7683498840779066 15.0425291 0.0060165 0
2454887.7693741898983717 15.0455389 0.0070165 0
2454887.7705530091188848 15.0402908 0.0070234 0
2454887.7714465279132128 15.0535555 0.0070244 0
2454887.7723736111074686 15.0442553 0.0070150 0
2454887.7732908562757075 15.0500832 0.0070204 0
2454887.7742555555887520 15.0536823 0.0060178 0
2454887.7751803239807487 15.0536203 0.0070159 0
2454887.7761074071750045 15.0383453 0.0070174 0
2454887.7770414352416992 15.0621710 0.0070263 0
2454887.7779604168608785 15.0465746 0.0070197 0
2454887.7788863424211740 15.0597200 0.0070275 0
2454887.7798122684471309 15.0392551 0.0070161 0
2454887.7807370368391275 15.0587463 0.0070276 0
2454887.7817167825996876 15.0644293 0.0070209 0
2454887.7835888890549541 15.0826283 0.0070503 0
2454887.7844922454096377 15.0962839 0.0070612 0
2454887.7854181714355946 15.0502949 0.0070171 0
2454887.7863481482490897 15.0624132 0.0070174 0
2454887.7872862266376615 15.0519991 0.0070238 0
2454887.7882127314805984 15.0306616 0.0070194 0
2454887.7891357638873160 15.0389347 0.0080207 0
2454887.7900576386600733 15.0509090 0.0080355 0
2454887.7909748842939734 15.0418615 0.0070292 0
2454887.7919089118950069 15.0474510 0.0070328 0
2454887.7928527779877186 15.0453911 0.0070270 0
2454887.7937896992079914 15.0454550 0.0070239 0
2454887.7947162035852671 15.0422869 0.0070224 0
2454887.7956571760587394 15.0471191 0.0080192 0
2454887.7965848380699754 15.0474882 0.0080274 0
2454887.7975275460630655 15.0730057 0.0070391 0
2454887.7985703703016043 15.0435152 0.0080252 0
2454887.7997063659131527 15.0279512 0.0080263 0
2454887.8006496527232230 15.0818596 0.0080993 0
2454887.8016322916373610 15.0588913 0.0080239 0
2454887.8026537038385868 15.0362377 0.0080185 0
2454887.8036947916261852 15.0698681 0.0080286 0
2454887.8047144678421319 15.0471678 0.0080313 0
2454887.8056924766860902 15.0435295 0.0080295 0
2454887.8066947916522622 15.0187473 0.0080282 0
2454887.8085750001482666 15.0219040 0.0080291 0
2454887.8095032409764826 15.0376482 0.0080231 0
2454887.8114725695922971 15.0392561 0.0080435 0
2454887.8123961803503335 15.0426083 0.0080286 0
2454887.8133319444023073 15.0433493 0.0080396 0
2454887.8142671296373010 15.0469398 0.0090315 0
2454887.8152069444768131 15.0219269 0.0080397 0
2454887.8161473381333053 15.0243721 0.0080391 0
2454887.8170964121818542 15.0594254 0.0090517 0
2454887.8191074072383344 15.0474205 0.0090277 0
2454887.8200408564880490 15.0426235 0.0091024 0
2454887.8209934029728174 15.0727148 0.0090858 0
2454887.8219609954394400 15.0293646 0.0090335 0
2454887.8229123842902482 15.0684671 0.0090405 0
2454887.8238782407715917 15.0856323 0.0090535 0
2454887.8248504628427327 15.0416679 0.0100849 0
2454887.8258990738540888 15.0709238 0.0110662 0
2454887.8268562499433756 15.0521011 0.0111205 0
2454887.8278082176111639 15.0669031 0.0100437 0
2454887.8287613424472511 15.0363607 0.0110924 0
2454887.8297381945885718 15.0653419 0.0110483 0
2454887.8306537037715316 15.1644478 0.0121572 0
2454887.8315848377533257 15.0744619 0.0120537 0
2454887.8325101854279637 15.1030655 0.0120857 0
2454887.8334546294063330 15.1338539 0.0122992 0
2454888.6674447916448116 15.0439014516484 99 1
2454888.6683608796447515 15.0439014516484 99 1
2454888.6692607640288770 15.0439014516484 99 1
2454888.6701681711710989 15.0439014516484 99 1
2454888.6710802083835006 15.0439014516484 99 1
2454888.6719829859212041 15.0439014516484 99 1
2454888.6729060183279216 15.0439014516484 99 1
2454888.6738012731075287 15.0439014516484 99 1
2454888.6747040511108935 15.0439014516484 99 1
2454888.6756184026598930 15.0439014516484 99 1
2454888.6765431715175509 15.0439014516484 99 1
2454888.6774395834654570 15.0439014516484 99 1
2454888.6895935186184943 15.0439014516484 99 1
2454888.6905084489844739 15.0439014516484 99 1
2454888.6914349538274109 15.0439014516484 99 1
2454888.6923412038013339 15.0439014516484 99 1
2454888.6932462961412966 15.0439014516484 99 1
2454888.6941357636824250 15.0439014516484 99 1
2454888.6950402776710689 15.0439014516484 99 1
2454888.6959453704766929 15.0439014516484 99 1
2454888.6968608796596527 15.0347538 0.0070149 0
2454888.7025194442830980 15.0377417 0.0090300 0
2454888.7034413195215166 15.0318642 0.0100227 0
2454888.7043498842976987 15.0360594 0.0100227 0
2454888.7072759261354804 15.0293226 0.0100202 0
2454888.7081872685812414 15.0517435 0.0100292 0
2454888.7090981481596828 15.0405722 0.0100291 0
2454888.7100136573426425 15.0545301 0.0130251 0
2454888.7109413193538785 14.9969397 0.0110323 0
2454888.7118799770250916 15.0399513 0.0120279 0
2454888.7128006946295500 15.0263777 0.0130341 0
2454888.7137162038125098 15.0320587 0.0120245 0
2454888.7146427081897855 15.0291042 0.0110478 0
2454888.7155553242191672 15.0729599 0.0130678 0
2454888.7165379631333053 15.0375290 0.0110223 0
2454888.7174476850777864 15.0083189 0.0120359 0
2454888.7183736111037433 15.0417442 0.0140237 0
2454888.7193006942979991 15.0323973 0.0120331 0
2454888.7211502315476537 15.0348520 0.0160497 0
2454888.7220478011295199 15.0521154 0.0220422 0
2454888.7229563659057021 15.0930805 0.0300384 0
2454888.7238770835101604 15.1478319 0.0540502 0
2454888.7247787038795650 15.0434980 0.0310521 0
2454888.7256785877980292 15.0396299 0.0180505 0
2454888.7266351850703359 15.0469561 0.0120193 0
2454888.7275616899132729 15.0502481 0.0110203 0
2454888.7284939815290272 15.0418043 0.0100207 0
2454888.7294222223572433 15.0417986 0.0100198 0
2454888.7312717591412365 15.0253067 0.0110292 0
2454888.7321843751706183 15.0159845 0.0100272 0
2454888.7331114583648741 15.0397034 0.0090182 0
2454888.7340130787342787 15.0401735 0.0090146 0
2454888.7349737267941236 15.0405502 0.0080169 0
2454888.7358950232155621 15.0438004 0.0090230 0
2454888.7368302084505558 15.0044031 0.0080471 0
2454888.7377503472380340 15.0269346 0.0080220 0
2454888.7386693288572133 15.0146837 0.0080293 0
2454888.7395883100107312 15.0168266 0.0080320 0
2454888.7405211804434657 15.0371742 0.0070156 0
2454888.7414523148909211 15.0352468 0.0070217 0
2454888.7423770832829177 15.0360861 0.0070270 0
2454888.7433151621371508 15.0445318 0.0070223 0
2454888.7442549769766629 15.0389109 0.0070164 0
2454888.7451936341822147 15.0285425 0.0080243 0
2454888.7461322918534279 15.0381384 0.0080236 0
2454888.7470535878092051 15.0189772 0.0070254 0
2454888.7479812498204410 15.0225010 0.0090353 0
2454888.7489129630848765 15.0261040 0.0070131 0
2454888.7498718751594424 15.0394211 0.0070210 0
2454888.7507966435514390 15.0219107 0.0070185 0
2454888.7517289351671934 15.0307064 0.0070180 0
2454888.7526432871818542 15.0245943 0.0080375 0
2454888.7535784724168479 15.0329466 0.0080180 0
2454888.7545165508054197 15.0358610 0.0080244 0
2454888.7554476852528751 15.0178900 0.0070230 0
2454888.7563805556856096 15.0362444 0.0070238 0
2454888.7573082176968455 15.0224838 0.0080162 0
2454888.7582358797080815 15.0468826 0.0080249 0
2454888.7591681713238358 15.0483704 0.0070166 0
2454888.7600981481373310 15.0351610 0.0080183 0
2454888.7610315973870456 15.0256748 0.0070193 0
2454888.7619598377496004 15.0220833 0.0070255 0
2454888.7628956018015742 15.0430117 0.0070304 0
2454888.7638631942681968 15.0438700 0.0080188 0
2454888.7647983795031905 15.0133162 0.0070300 0
2454888.7657763888128102 15.0083275 0.0070285 0
2454888.7667086804285645 15.0356827 0.0080226 0
2454888.7676403936930001 15.0077477 0.0070724 0
2454888.7685732636600733 15.0230885 0.0070275 0
2454888.7696270835585892 15.0476303 0.0080270 0
2454888.7705732639878988 15.0231180 0.0080243 0
2454888.7715084492228925 15.0206547 0.0080260 0
2454888.7724303239956498 15.0326414 0.0080286 0
2454888.7733620372600853 15.0295219 0.0090399 0
2454888.7743105324916542 15.0390081 0.0080288 0
2454888.7761843749321997 15.0444326 0.0130369 0
2454888.7771444446407259 15.0099354 0.0154135 0
2454888.7781050927005708 15.0393763 0.0251893 0
2454888.7790119214914739 15.0258436 0.0532748 0
2454888.7799465279094875 15.0439014516484 99 1
2454888.7809378472156823 15.0124998 0.0080383 0
2454888.7818875000812113 15.0026894 0.0080651 0
2454888.7828354164958000 15.0439014516484 99 1
2454888.7837873841635883 15.0439014516484 99 1
2454888.7847306714393198 15.0413132 0.0080278 0
2454888.7856895835138857 15.0235405 0.0070249 0
2454888.7866369211114943 15.0120564 0.0070241 0
2454888.7875900464132428 15.0182676 0.0070457 0
2454888.7885396992787719 15.0270147 0.0070303 0
2454888.7894795136526227 15.0177479 0.0070481 0
