0.590243902439024
2454887.7398140048608184 17.9418411 0.0380033 0
2454887.7406988427974284 17.9436893 0.0380042 0
2454887.7416172455996275 17.9013767 0.0370076 0
2454887.7425315971486270 17.8994827 0.0370061 0
2454887.7434355323202908 17.9486389 0.0400041 0
2454887.7444280092604458 17.9665604 0.0400054 0
2454887.7453365740366280 17.9317417 0.0380046 0
2454887.7462584492750466 17.9791870 0.0400044 0
2454887.7471716436557472 17.9595432 0.0380040 0
2454887.7480946760624647 17.9625454 0.0400026 0
2454887.7490032408386469 17.9412613 0.0400029 0
2454887.7499204860068858 17.8925953 0.0370063 0
2454887.7508365740068257 17.9224110 0.0380032 0
2454887.7517543979920447 17.9555607 0.0400029 0
2454887.7526531252078712 17.9712486 0.0410030 0
2454887.7535726851783693 17.9015293 0.0380022 0
2454887.7544905091635883 17.9002724 0.0380035 0
2454887.7554083331488073 17.9559555 0.0440034 0
2454887.7563325231894851 17.9244671 0.0400063 0
2454887.7572474535554647 17.9207325 0.0440065 0
2454887.7581785880029202 17.9010448 0.0420032 0
2454887.7590917823836207 17.9727840 0.0450046 0
2454887.7600171295925975 17.8903236 0.0400031 0
2454887.7618961804546416 17.9035664 0.0410027 0
2454887.7627902776002884 17.9412346 0.0420104 0
2454887.7637017359957099 17.8508091 0.0390030 0
2454887.7646328704431653 17.9585438 0.0420047 0
2454887.7655541668646038 17.9125576 0.0450032 0
2454887.7664656247943640 17.8978214 0.0440029 0
2454887.7674204860813916 17.9422836 0.0480028 0
2454887.7683498840779066 17.8915272 0.0440022 0
2454887.7693741898983717 17.9025383 0.0480024 0
2454887.7705530091188848 17.9662914 0.0500033 0
2454887.7714465279132128 17.8805542 0.0430040 0
2454887.7723736111074686 17.8972549 0.0520020 0
2454887.7732908562757075 17.9060841 0.0460031 0
2454887.7742555555887520 18.0096817 0.0510021 0
2454887.7751803239807487 17.9696198 0.0520021 0
2454887.7761074071750045 17.9553452 0.0510024 0
2454887.7770414352416992 17.9611721 0.0530035 0
2454887.7779604168608785 17.9475727 0.0460030 0
2454887.7788863424211740 17.9417210 0.0460042 0
2454887.7798122684471309 17.9212551 0.0430026 0
2454887.7807370368391275 18.0317478 0.0500039 0
2454887.7817167825996876 17.9544296 0.0490030 0
2454887.7835888890549541 17.9626293 0.0580061 0
2454887.7844922454096377 17.9405834404959 99 1
2454887.7854181714355946 17.9562950 0.0530023 0
2454887.7863481482490897 17.9784145 0.0510024 0
2454887.7872862266376615 17.9329987 0.0540031 0
2454887.7882127314805984 17.8686638 0.0530026 0
2454887.7891357638873160 17.9405834404959 99 1
2454887.7900576386600733 17.9519100 0.0830034 0
2454887.7909748842939734 17.9528618 0.0570036 0
2454887.7919089118950069 17.9534531 0.0640036 0
2454887.7928527779877186 17.9405834404959 99 1
2454887.7937896992079914 17.9404564 0.0570029 0
2454887.7947162035852671 17.9502888 0.0600026 0
2454887.7956571760587394 17.9405834404959 99 1
2454887.7965848380699754 17.9934883 0.0720031 0
2454887.7975275460630655 17.8710060 0.0560049 0
2454887.7985703703016043 17.9005146 0.0680030 0
2454887.7997063659131527 17.8949509 0.0680031 0
2454887.8006496527232230 18.0508575 0.0740108 0
2454887.8016322916373610 17.8918896 0.0640030 0
2454887.8026537038385868 17.9405834404959 99 1
2454887.8036947916261852 17.8268681 0.0650035 0
2454887.8047144678421319 17.9601669 0.0740034 0
2454887.8056924766860902 17.9165287 0.0690034 0
2454887.8066947916522622 17.7277470 0.0620036 0
2454887.8085750001482666 17.9405834404959 99 1
2454887.8095032409764826 17.9346485 0.0680027 0
2454887.8114725695922971 17.9405834404959 99 1
2454887.8123961803503335 17.8336086 0.0740031 0
2454887.8133319444023073 17.9405834404959 99 1
2454887.8142671296373010 17.9405834404959 99 1
2454887.8152069444768131 17.9429264 0.0850037 0
2454887.8161473381333053 17.9405834404959 99 1
2454887.8170964121818542 17.9405834404959 99 1
2454887.8191074072383344 17.9405834404959 99 1
2454887.8200408564880490 17.9405834404959 99 1
2454887.8209934029728174 17.9405834404959 99 1
2454887.8219609954394400 17.9405834404959 99 1
2454887.8229123842902482 17.9405834404959 99 1
2454887.8238782407715917 17.9405834404959 99 1
2454887.8248504628427327 17.9405834404959 99 1
2454887.8258990738540888 17.9405834404959 99 1
2454887.8268562499433756 17.9405834404959 99 1
2454887.8278082176111639 17.9405834404959 99 1
2454887.8287613424472511 17.9405834404959 99 1
2454887.8297381945885718 17.9405834404959 99 1
2454887.8306537037715316 17.9405834404959 99 1
2454887.8315848377533257 17.9405834404959 99 1
2454887.8325101854279637 17.9405834404959 99 1
2454887.8334546294063330 17.9405834404959 99 1
2454888.6674447916448116 17.8611889 0.0420053 0
2454888.6683608796447515 17.9040546 0.0390082 0
2454888.6692607640288770 17.8874378 0.0390067 0
2454888.6701681711710989 17.9039936 0.0410089 0
2454888.6710802083835006 17.8808727 0.0390114 0
2454888.6719829859212041 17.9508896 0.0400039 0
2454888.6729060183279216 17.8717651 0.0410054 0
2454888.6738012731075287 17.8550682 0.0380085 0
2454888.6747040511108935 17.8986683 0.0400113 0
2454888.6756184026598930 17.9366722 0.0380048 0
2454888.6765431715175509 17.9161987 0.0380056 0
2454888.6774395834654570 17.9777641 0.0400053 0
2454888.6895935186184943 17.9685059 0.0450020 0
2454888.6905084489844739 17.9303036 0.0390026 0
2454888.6914349538274109 17.9265480 0.0410030 0
2454888.6923412038013339 17.9208431 0.0450039 0
2454888.6932462961412966 17.8716545 0.0430026 0
2454888.6941357636824250 17.9454784 0.0510022 0
2454888.6950402776710689 17.9443054 0.0500021 0
2454888.6959453704766929 17.9281578 0.0480026 0
2454888.6968608796596527 17.9617538 0.0470022 0
2454888.7025194442830980 18.2517414 0.1200023 0
2454888.7034413195215166 17.9405834404959 99 1
2454888.7043498842976987 17.9405834404959 99 1
2454888.7072759261354804 17.9405834404959 99 1
2454888.7081872685812414 17.9405834404959 99 1
2454888.7090981481596828 17.9405834404959 99 1
2454888.7100136573426425 17.9405834404959 99 1
2454888.7109413193538785 17.9405834404959 99 1
2454888.7118799770250916 17.9405834404959 99 1
2454888.7128006946295500 17.9405834404959 99 1
2454888.7137162038125098 17.9405834404959 99 1
2454888.7146427081897855 17.9405834404959 99 1
2454888.7155553242191672 17.9405834404959 99 1
2454888.7165379631333053 17.9405834404959 99 1
2454888.7174476850777864 17.9405834404959 99 1
2454888.7183736111037433 17.9405834404959 99 1
2454888.7193006942979991 17.9405834404959 99 1
2454888.7211502315476537 17.9405834404959 99 1
2454888.7220478011295199 17.9405834404959 99 1
2454888.7229563659057021 17.9405834404959 99 1
2454888.7238770835101604 17.9405834404959 99 1
2454888.7247787038795650 17.9405834404959 99 1
2454888.7256785877980292 17.9405834404959 99 1
2454888.7266351850703359 17.9405834404959 99 1
2454888.7275616899132729 17.9405834404959 99 1
2454888.7284939815290272 17.9405834404959 99 1
2454888.7294222223572433 17.9405834404959 99 1
2454888.7312717591412365 17.9405834404959 99 1
2454888.7321843751706183 17.9405834404959 99 1
2454888.7331114583648741 17.9467049 0.0880019 0
2454888.7340130787342787 17.9405834404959 99 1
2454888.7349737267941236 17.9405834404959 99 1
2454888.7358950232155621 17.9405834404959 99 1
2454888.7368302084505558 17.8434010 0.0700054 0
2454888.7377503472380340 17.8509331 0.0650027 0
2454888.7386693288572133 17.9146862 0.0770031 0
2454888.7395883100107312 18.0798283 0.0750034 0
2454888.7405211804434657 17.9371738 0.0690016 0
2454888.7414523148909211 17.9212475 0.0660023 0
2454888.7423770832829177 17.9900856 0.0690027 0
2454888.7433151621371508 17.9495316 0.0630025 0
2454888.7442549769766629 17.8999100 0.0610019 0
2454888.7451936341822147 18.0215435 0.0780025 0
2454888.7461322918534279 18.0461369 0.0860022 0
2454888.7470535878092051 18.0019779 0.0620029 0
2454888.7479812498204410 17.9405834404959 99 1
2454888.7489129630848765 17.9501057 0.0630015 0
2454888.7498718751594424 18.0484200 0.0740020 0
2454888.7507966435514390 17.9405834404959 99 1
2454888.7517289351671934 17.9367065 0.0620020 0
2454888.7526432871818542 17.9405834404959 99 1
2454888.7535784724168479 18.0149460 0.0700021 0
2454888.7545165508054197 18.1258621 0.0860023 0
2454888.7554476852528751 18.0548916 0.0660024 0
2454888.7563805556856096 17.9405834404959 99 1
2454888.7573082176968455 17.9405834404959 99 1
2454888.7582358797080815 17.9405834404959 99 1
2454888.7591681713238358 17.9973698 0.0670017 0
2454888.7600981481373310 17.9405834404959 99 1
2454888.7610315973870456 17.8946743 0.0580023 0
2454888.7619598377496004 18.0040836 0.0650027 0
2454888.7628956018015742 18.0470123 0.0750028 0
2454888.7638631942681968 17.9405834404959 99 1
2454888.7647983795031905 18.0393162 0.0700030 0
2454888.7657763888128102 17.9405834404959 99 1
2454888.7667086804285645 17.9405834404959 99 1
2454888.7676403936930001 17.9405834404959 99 1
2454888.7685732636600733 18.0880890 0.0710027 0
2454888.7696270835585892 17.8586292 0.0730030 0
2454888.7705732639878988 17.9405834404959 99 1
2454888.7715084492228925 17.9405834404959 99 1
2454888.7724303239956498 17.9405834404959 99 1
2454888.7733620372600853 17.9145222 0.0930039 0
2454888.7743105324916542 17.9405834404959 99 1
2454888.7761843749321997 17.9405834404959 99 1
2454888.7771444446407259 17.9405834404959 99 1
2454888.7781050927005708 17.9405834404959 99 1
2454888.7790119214914739 17.9405834404959 99 1
2454888.7799465279094875 17.9405834404959 99 1
2454888.7809378472156823 17.9534988 0.0660047 0
2454888.7818875000812113 17.9405834404959 99 1
2454888.7828354164958000 17.9405834404959 99 1
2454888.7837873841635883 17.9405834404959 99 1
2454888.7847306714393198 17.9405834404959 99 1
2454888.7856895835138857 17.8195419 0.0610029 0
2454888.7866369211114943 17.9760571 0.0630027 0
2454888.7875900464132428 17.9682674 0.0630051 0
2454888.7885396992787719 17.9405834404959 99 1
2454888.7894795136526227 17.9405834404959 99 1
