0.351219512195122
2454887.7398140048608184 16.9248409 0.0180069 0
2454887.7406988427974284 16.9336891 0.0180089 0
2454887.7416172455996275 16.9443760 0.0190148 0
2454887.7425315971486270 16.9424839 0.0190119 0
2454887.7434355323202908 16.9646378 0.0190087 0
2454887.7444280092604458 16.9475594 0.0190114 0
2454887.7453365740366280 16.9377422 0.0190093 0
2454887.7462584492750466 16.9281864 0.0180098 0
2454887.7471716436557472 16.9355431 0.0190080 0
2454887.7480946760624647 16.9485455 0.0190054 0
2454887.7490032408386469 16.9522610 0.0190061 0
2454887.7499204860068858 16.9855957 0.0200117 0
2454887.7508365740068257 16.9394112 0.0190063 0
2454887.7517543979920447 16.9242000083333 99 1
2454887.7526531252078712 16.9992485 0.0190065 0
2454887.7535726851783693 16.9242000083333 99 1
2454887.7544905091635883 16.9242000083333 99 1
2454887.7554083331488073 16.9242000083333 99 1
2454887.7563325231894851 16.9242000083333 99 1
2454887.7572474535554647 16.9242000083333 99 1
2454887.7581785880029202 16.9242000083333 99 1
2454887.7590917823836207 16.9242000083333 99 1
2454887.7600171295925975 16.9242000083333 99 1
2454887.7618961804546416 16.9242000083333 99 1
2454887.7627902776002884 16.9242000083333 99 1
2454887.7637017359957099 16.9242000083333 99 1
2454887.7646328704431653 16.9242000083333 99 1
2454887.7655541668646038 16.9242000083333 99 1
2454887.7664656247943640 16.9242000083333 99 1
2454887.7674204860813916 16.9242000083333 99 1
2454887.7683498840779066 16.9242000083333 99 1
2454887.7693741898983717 16.9242000083333 99 1
2454887.7705530091188848 16.9242000083333 99 1
2454887.7714465279132128 16.9242000083333 99 1
2454887.7723736111074686 16.9242000083333 99 1
2454887.7732908562757075 16.9242000083333 99 1
2454887.7742555555887520 16.9242000083333 99 1
2454887.7751803239807487 16.9242000083333 99 1
2454887.7761074071750045 16.9242000083333 99 1
2454887.7770414352416992 16.9242000083333 99 1
2454887.7779604168608785 16.9242000083333 99 1
2454887.7788863424211740 16.9242000083333 99 1
2454887.7798122684471309 16.9242000083333 99 1
2454887.7807370368391275 16.9242000083333 99 1
2454887.7817167825996876 16.9242000083333 99 1
2454887.7835888890549541 16.9242000083333 99 1
2454887.7844922454096377 16.9242000083333 99 1
2454887.7854181714355946 16.9242000083333 99 1
2454887.7863481482490897 16.9242000083333 99 1
2454887.7872862266376615 16.9242000083333 99 1
2454887.7882127314805984 16.9242000083333 99 1
2454887.7891357638873160 16.9242000083333 99 1
2454887.7900576386600733 16.9242000083333 99 1
2454887.7909748842939734 16.9242000083333 99 1
2454887.7919089118950069 16.9242000083333 99 1
2454887.7928527779877186 16.9242000083333 99 1
2454887.7937896992079914 16.9242000083333 99 1
2454887.7947162035852671 16.9242000083333 99 1
2454887.7956571760587394 16.9242000083333 99 1
2454887.7965848380699754 16.9242000083333 99 1
2454887.7975275460630655 16.9242000083333 99 1
2454887.7985703703016043 16.9242000083333 99 1
2454887.7997063659131527 16.9242000083333 99 1
2454887.8006496527232230 16.9242000083333 99 1
2454887.8016322916373610 16.9242000083333 99 1
2454887.8026537038385868 16.9242000083333 99 1
2454887.8036947916261852 16.9242000083333 99 1
2454887.8047144678421319 16.9242000083333 99 1
2454887.8056924766860902 16.9242000083333 99 1
2454887.8066947916522622 16.9242000083333 99 1
2454887.8085750001482666 16.9242000083333 99 1
2454887.8095032409764826 16.9242000083333 99 1
2454887.8114725695922971 16.9242000083333 99 1
2454887.8123961803503335 16.9242000083333 99 1
2454887.8133319444023073 16.9242000083333 99 1
2454887.8142671296373010 16.9242000083333 99 1
2454887.8152069444768131 16.9242000083333 99 1
2454887.8161473381333053 16.9242000083333 99 1
2454887.8170964121818542 16.9242000083333 99 1
2454887.8191074072383344 16.9242000083333 99 1
2454887.8200408564880490 16.9242000083333 99 1
2454887.8209934029728174 16.9242000083333 99 1
2454887.8219609954394400 16.9242000083333 99 1
2454887.8229123842902482 16.9242000083333 99 1
2454887.8238782407715917 16.9242000083333 99 1
2454887.8248504628427327 16.9242000083333 99 1
2454887.8258990738540888 16.9242000083333 99 1
2454887.8268562499433756 16.9242000083333 99 1
2454887.8278082176111639 16.9242000083333 99 1
2454887.8287613424472511 16.9242000083333 99 1
2454887.8297381945885718 16.9242000083333 99 1
2454887.8306537037715316 16.9242000083333 99 1
2454887.8315848377533257 16.9242000083333 99 1
2454887.8325101854279637 16.9242000083333 99 1
2454887.8334546294063330 16.9242000083333 99 1
2454888.6674447916448116 16.9221897 0.0220101 0
2454888.6683608796447515 16.9660549 0.0200159 0
2454888.6692607640288770 16.9274387 0.0200130 0
2454888.6701681711710989 16.9999924 0.0220165 0
2454888.6710802083835006 16.9338722 0.0200221 0
2454888.6719829859212041 16.9468899 0.0190082 0
2454888.6729060183279216 16.9137650 0.0210105 0
2454888.6738012731075287 16.9310684 0.0190170 0
2454888.6747040511108935 16.9346676 0.0200227 0
2454888.6756184026598930 16.9426727 0.0180101 0
2454888.6765431715175509 16.9101982 0.0190112 0
2454888.6774395834654570 16.9447651 0.0190111 0
2454888.6895935186184943 16.9345055 0.0210044 0
2454888.6905084489844739 16.9093037 0.0190054 0
2454888.6914349538274109 16.8885479 0.0190064 0
2454888.6923412038013339 16.9168434 0.0210083 0
2454888.6932462961412966 16.9116554 0.0210053 0
2454888.6941357636824250 16.9174786 0.0230049 0
2454888.6950402776710689 16.9053040 0.0230045 0
2454888.6959453704766929 16.9071579 0.0230053 0
2454888.6968608796596527 16.9187527 0.0220047 0
2454888.7025194442830980 16.9617424 0.0400068 0
2454888.7034413195215166 16.9168644 0.0430053 0
2454888.7043498842976987 16.9700603 0.0460049 0
2454888.7072759261354804 16.8973255 0.0400051 0
2454888.7081872685812414 16.9197445 0.0420070 0
2454888.7090981481596828 16.9605694 0.0450065 0
2454888.7100136573426425 16.9242000083333 99 1
2454888.7109413193538785 16.8989391 0.0540066 0
2454888.7118799770250916 16.9199524 0.0520064 0
2454888.7128006946295500 16.9673767 0.0630070 0
2454888.7137162038125098 16.9550591 0.0540055 0
2454888.7146427081897855 16.9621048 0.0540097 0
2454888.7155553242191672 16.8529606 0.0540164 0
2454888.7165379631333053 16.9735298 0.0530046 0
2454888.7174476850777864 16.9383183 0.0550078 0
2454888.7183736111037433 16.9357452 0.0670050 0
2454888.7193006942979991 16.9213963 0.0580068 0
2454888.7211502315476537 16.9242000083333 99 1
2454888.7220478011295199 16.9242000083333 99 1
2454888.7229563659057021 16.9242000083333 99 1
2454888.7238770835101604 16.9242000083333 99 1
2454888.7247787038795650 16.9242000083333 99 1
2454888.7256785877980292 16.9186268 0.0970094 0
2454888.7266351850703359 16.9242000083333 99 1
2454888.7275616899132729 16.9372482 0.0490046 0
2454888.7284939815290272 16.8928051 0.0420049 0
2454888.7294222223572433 16.9687977 0.0430046 0
2454888.7312717591412365 16.9223061 0.0490066 0
2454888.7321843751706183 16.9129829 0.0440062 0
2454888.7331114583648741 16.9207039 0.0350047 0
2454888.7340130787342787 16.9211731 0.0340039 0
2454888.7349737267941236 16.9435501 0.0330041 0
2454888.7358950232155621 16.8297977 0.0330063 0
2454888.7368302084505558 16.9054012 0.0320118 0
2454888.7377503472380340 16.9159336 0.0310057 0
2454888.7386693288572133 16.7576847 0.0280084 0
2454888.7395883100107312 16.9058266 0.0280092 0
2454888.7405211804434657 16.8281746 0.0270040 0
2454888.7414523148909211 16.8742466 0.0250061 0
2454888.7423770832829177 16.8440857 0.0260073 0
2454888.7433151621371508 16.9705315 0.0280056 0
2454888.7442549769766629 16.9429111 0.0270043 0
2454888.7451936341822147 16.8905430 0.0310063 0
2454888.7461322918534279 16.8201370 0.0300063 0
2454888.7470535878092051 16.9242000083333 99 1
2454888.7479812498204410 16.9242000083333 99 1
2454888.7489129630848765 16.9242000083333 99 1
2454888.7498718751594424 16.9242000083333 99 1
2454888.7507966435514390 16.9242000083333 99 1
2454888.7517289351671934 16.9242000083333 99 1
2454888.7526432871818542 16.9242000083333 99 1
2454888.7535784724168479 16.9242000083333 99 1
2454888.7545165508054197 16.9242000083333 99 1
2454888.7554476852528751 16.9242000083333 99 1
2454888.7563805556856096 16.9242000083333 99 1
2454888.7573082176968455 16.9242000083333 99 1
2454888.7582358797080815 16.9242000083333 99 1
2454888.7591681713238358 16.9242000083333 99 1
2454888.7600981481373310 16.9242000083333 99 1
2454888.7610315973870456 16.9242000083333 99 1
2454888.7619598377496004 16.9242000083333 99 1
2454888.7628956018015742 16.9242000083333 99 1
2454888.7638631942681968 16.9242000083333 99 1
2454888.7647983795031905 16.9242000083333 99 1
2454888.7657763888128102 16.9242000083333 99 1
2454888.7667086804285645 16.9242000083333 99 1
2454888.7676403936930001 16.9242000083333 99 1
2454888.7685732636600733 16.9242000083333 99 1
2454888.7696270835585892 16.9242000083333 99 1
2454888.7705732639878988 16.9242000083333 99 1
2454888.7715084492228925 16.9242000083333 99 1
2454888.7724303239956498 16.9242000083333 99 1
2454888.7733620372600853 16.9242000083333 99 1
2454888.7743105324916542 16.9242000083333 99 1
2454888.7761843749321997 16.9242000083333 99 1
2454888.7771444446407259 16.9242000083333 99 1
2454888.7781050927005708 16.9242000083333 99 1
2454888.7790119214914739 16.9242000083333 99 1
2454888.7799465279094875 16.9242000083333 99 1
2454888.7809378472156823 16.9242000083333 99 1
2454888.7818875000812113 16.9242000083333 99 1
2454888.7828354164958000 16.9242000083333 99 1
2454888.7837873841635883 16.9242000083333 99 1
2454888.7847306714393198 16.9242000083333 99 1
2454888.7856895835138857 16.9242000083333 99 1
2454888.7866369211114943 16.9242000083333 99 1
2454888.7875900464132428 16.9242000083333 99 1
2454888.7885396992787719 16.9242000083333 99 1
2454888.7894795136526227 16.9242000083333 99 1
