0.0731707317073171
2454887.7398140048608184 11.1209751266667 99 1
2454887.7406988427974284 11.1209751266667 99 1
2454887.7416172455996275 11.1209751266667 99 1
2454887.7425315971486270 11.1209751266667 99 1
2454887.7434355323202908 11.1209751266667 99 1
2454887.7444280092604458 11.1209751266667 99 1
2454887.7453365740366280 11.1209751266667 99 1
2454887.7462584492750466 11.1209751266667 99 1
2454887.7471716436557472 11.1209751266667 99 1
2454887.7480946760624647 11.1209751266667 99 1
2454887.7490032408386469 11.1209751266667 99 1
2454887.7499204860068858 11.1209751266667 99 1
2454887.7508365740068257 11.1209751266667 99 1
2454887.7517543979920447 11.1209751266667 99 1
2454887.7526531252078712 11.1209751266667 99 1
2454887.7535726851783693 11.1209751266667 99 1
2454887.7544905091635883 11.1209751266667 99 1
2454887.7554083331488073 11.1209751266667 99 1
2454887.7563325231894851 11.1209751266667 99 1
2454887.7572474535554647 11.1209751266667 99 1
2454887.7581785880029202 11.1209751266667 99 1
2454887.7590917823836207 11.1209751266667 99 1
2454887.7600171295925975 11.1209751266667 99 1
2454887.7618961804546416 11.1209751266667 99 1
2454887.7627902776002884 11.1209751266667 99 1
2454887.7637017359957099 11.1209751266667 99 1
2454887.7646328704431653 11.1209751266667 99 1
2454887.7655541668646038 11.1209751266667 99 1
2454887.7664656247943640 11.1209751266667 99 1
2454887.7674204860813916 11.1209751266667 99 1
2454887.7683498840779066 11.1209751266667 99 1
2454887.7693741898983717 11.1209751266667 99 1
2454887.7705530091188848 11.1209751266667 99 1
2454887.7714465279132128 11.1209751266667 99 1
2454887.7723736111074686 11.1209751266667 99 1
2454887.7732908562757075 11.1209751266667 99 1
2454887.7742555555887520 11.1209751266667 99 1
2454887.7751803239807487 11.1209751266667 99 1
2454887.7761074071750045 11.1209751266667 99 1
2454887.7770414352416992 11.1209751266667 99 1
2454887.7779604168608785 11.1209751266667 99 1
2454887.7788863424211740 11.1209751266667 99 1
2454887.7798122684471309 11.1209751266667 99 1
2454887.7807370368391275 11.1209751266667 99 1
2454887.7817167825996876 11.1209751266667 99 1
2454887.7835888890549541 11.1209751266667 99 1
2454887.7844922454096377 11.1209751266667 99 1
2454887.7854181714355946 11.1209751266667 99 1
2454887.7863481482490897 11.1209751266667 99 1
2454887.7872862266376615 11.1209751266667 99 1
2454887.7882127314805984 11.1209751266667 99 1
2454887.7891357638873160 11.1209751266667 99 1
2454887.7900576386600733 11.1209751266667 99 1
2454887.7909748842939734 11.1209751266667 99 1
2454887.7919089118950069 11.1209751266667 99 1
2454887.7928527779877186 11.1209751266667 99 1
2454887.7937896992079914 11.1209751266667 99 1
2454887.7947162035852671 11.1209751266667 99 1
2454887.7956571760587394 11.1209751266667 99 1
2454887.7965848380699754 11.1209751266667 99 1
2454887.7975275460630655 11.1209751266667 99 1
2454887.7985703703016043 11.1209751266667 99 1
2454887.7997063659131527 11.1209751266667 99 1
2454887.8006496527232230 11.1209751266667 99 1
2454887.8016322916373610 11.1209751266667 99 1
2454887.8026537038385868 11.1209751266667 99 1
2454887.8036947916261852 11.1209751266667 99 1
2454887.8047144678421319 11.1209751266667 99 1
2454887.8056924766860902 11.1209751266667 99 1
2454887.8066947916522622 11.1209751266667 99 1
2454887.8085750001482666 11.1209751266667 99 1
2454887.8095032409764826 11.1209751266667 99 1
2454887.8114725695922971 11.1209751266667 99 1
2454887.8123961803503335 11.1209751266667 99 1
2454887.8133319444023073 11.1209751266667 99 1
2454887.8142671296373010 11.1209751266667 99 1
2454887.8152069444768131 11.1209751266667 99 1
2454887.8161473381333053 11.1209751266667 99 1
2454887.8170964121818542 11.1209751266667 99 1
2454887.8191074072383344 11.1209751266667 99 1
2454887.8200408564880490 11.1209751266667 99 1
2454887.8209934029728174 11.1209751266667 99 1
2454887.8219609954394400 11.1209751266667 99 1
2454887.8229123842902482 11.1209751266667 99 1
2454887.8238782407715917 11.1209751266667 99 1
2454887.8248504628427327 11.1209751266667 99 1
2454887.8258990738540888 11.1209751266667 99 1
2454887.8268562499433756 11.1209751266667 99 1
2454887.8278082176111639 11.1209751266667 99 1
2454887.8287613424472511 11.1209751266667 99 1
2454887.8297381945885718 11.1209751266667 99 1
2454887.8306537037715316 11.1209751266667 99 1
2454887.8315848377533257 11.1209751266667 99 1
2454887.8325101854279637 11.1209751266667 99 1
2454887.8334546294063330 11.1209751266667 99 1
2454888.6674447916448116 11.1209751266667 99 1
2454888.6683608796447515 11.1209751266667 99 1
2454888.6692607640288770 11.1209751266667 99 1
2454888.6701681711710989 11.1209751266667 99 1
2454888.6710802083835006 11.1209751266667 99 1
2454888.6719829859212041 11.1209751266667 99 1
2454888.6729060183279216 11.1209751266667 99 1
2454888.6738012731075287 11.1209751266667 99 1
2454888.6747040511108935 11.1209751266667 99 1
2454888.6756184026598930 11.1209751266667 99 1
2454888.6765431715175509 11.1209751266667 99 1
2454888.6774395834654570 11.1209751266667 99 1
2454888.6895935186184943 11.1209751266667 99 1
2454888.6905084489844739 11.1209751266667 99 1
2454888.6914349538274109 11.1209751266667 99 1
2454888.6923412038013339 11.1209751266667 99 1
2454888.6932462961412966 11.1209751266667 99 1
2454888.6941357636824250 11.1209751266667 99 1
2454888.6950402776710689 11.1209751266667 99 1
2454888.6959453704766929 11.1209751266667 99 1
2454888.6968608796596527 11.1209751266667 99 1
2454888.7025194442830980 11.1209751266667 99 1
2454888.7034413195215166 11.2968636 0.0012064 0
2454888.7043498842976987 11.3640594 0.0012059 0
2454888.7072759261354804 11.1209751266667 99 1
2454888.7081872685812414 11.1209751266667 99 1
2454888.7090981481596828 11.1209751266667 99 1
2454888.7100136573426425 10.8825302 0.0012858 0
2454888.7109413193538785 10.9459391 0.0013083 0
2454888.7118799770250916 11.4289513 0.0021610 0
2454888.7128006946295500 11.1209751266667 99 1
2454888.7137162038125098 11.1209751266667 99 1
2454888.7146427081897855 11.1209751266667 99 1
2454888.7155553242191672 11.1209751266667 99 1
2454888.7165379631333053 11.1209751266667 99 1
2454888.7174476850777864 11.1209751266667 99 1
2454888.7183736111037433 11.0447445 0.0021600 0
2454888.7193006942979991 11.1209751266667 99 1
2454888.7211502315476537 10.9878521 0.0023649 0
2454888.7220478011295199 11.1209751266667 99 1
2454888.7229563659057021 10.4840813 0.0025110 0
2454888.7238770835101604 11.1209751266667 99 1
2454888.7247787038795650 11.1209751266667 99 1
2454888.7256785877980292 11.1209751266667 99 1
2454888.7266351850703359 11.1209751266667 99 1
2454888.7275616899132729 11.1209751266667 99 1
2454888.7284939815290272 11.1209751266667 99 1
2454888.7294222223572433 11.1209751266667 99 1
2454888.7312717591412365 11.1209751266667 99 1
2454888.7321843751706183 11.3719845 0.0012432 0
2454888.7331114583648741 11.1209751266667 99 1
2454888.7340130787342787 11.1209751266667 99 1
2454888.7349737267941236 11.1209751266667 99 1
2454888.7358950232155621 11.4658003 0.0011892 0
2454888.7368302084505558 11.1209751266667 99 1
2454888.7377503472380340 11.1209751266667 99 1
2454888.7386693288572133 11.2466831 0.0012125 0
2454888.7395883100107312 11.1209751266667 99 1
2454888.7405211804434657 11.1209751266667 99 1
2454888.7414523148909211 11.1209751266667 99 1
2454888.7423770832829177 11.1209751266667 99 1
2454888.7433151621371508 11.1209751266667 99 1
2454888.7442549769766629 11.1209751266667 99 1
2454888.7451936341822147 11.3195429 0.0011787 0
2454888.7461322918534279 10.9851389 0.0011743 0
2454888.7470535878092051 11.1209751266667 99 1
2454888.7479812498204410 11.1209751266667 99 1
2454888.7489129630848765 11.1209751266667 99 1
2454888.7498718751594424 11.1209751266667 99 1
2454888.7507966435514390 11.1209751266667 99 1
2454888.7517289351671934 11.1209751266667 99 1
2454888.7526432871818542 10.7755938 0.0012657 0
2454888.7535784724168479 11.1209751266667 99 1
2454888.7545165508054197 11.2148619 0.0011795 0
2454888.7554476852528751 11.1209751266667 99 1
2454888.7563805556856096 11.1209751266667 99 1
2454888.7573082176968455 11.1209751266667 99 1
2454888.7582358797080815 11.1209751266667 99 1
2454888.7591681713238358 11.1209751266667 99 1
2454888.7600981481373310 11.1209751266667 99 1
2454888.7610315973870456 11.1209751266667 99 1
2454888.7619598377496004 11.1209751266667 99 1
2454888.7628956018015742 11.1209751266667 99 1
2454888.7638631942681968 11.1209751266667 99 1
2454888.7647983795031905 11.1209751266667 99 1
2454888.7657763888128102 11.1209751266667 99 1
2454888.7667086804285645 11.1209751266667 99 1
2454888.7676403936930001 11.1209751266667 99 1
2454888.7685732636600733 11.1209751266667 99 1
2454888.7696270835585892 11.1209751266667 99 1
2454888.7705732639878988 11.1209751266667 99 1
2454888.7715084492228925 11.1209751266667 99 1
2454888.7724303239956498 11.1209751266667 99 1
2454888.7733620372600853 11.1209751266667 99 1
2454888.7743105324916542 11.1209751266667 99 1
2454888.7761843749321997 11.1209751266667 99 1
2454888.7771444446407259 11.1209751266667 99 1
2454888.7781050927005708 11.1209751266667 99 1
2454888.7790119214914739 11.1209751266667 99 1
2454888.7799465279094875 11.1209751266667 99 1
2454888.7809378472156823 11.1209751266667 99 1
2454888.7818875000812113 11.1209751266667 99 1
2454888.7828354164958000 11.1209751266667 99 1
2454888.7837873841635883 11.1209751266667 99 1
2454888.7847306714393198 11.1209751266667 99 1
2454888.7856895835138857 11.1209751266667 99 1
2454888.7866369211114943 11.1209751266667 99 1
2454888.7875900464132428 11.1209751266667 99 1
2454888.7885396992787719 11.1209751266667 99 1
2454888.7894795136526227 11.1209751266667 99 1
