0.848780487804878
2454887.7398140048608184 17.3598404 0.0240052 0
2454887.7406988427974284 17.3626900 0.0240067 0
2454887.7416172455996275 17.3523769 0.0250112 0
2454887.7425315971486270 17.3354836 0.0240094 0
2454887.7434355323202908 17.3806381 0.0250066 0
2454887.7444280092604458 17.3525600 0.0250087 0
2454887.7453365740366280 17.3847408 0.0250071 0
2454887.7462584492750466 17.3611870 0.0240073 0
2454887.7471716436557472 17.3815441 0.0260058 0
2454887.7480946760624647 17.4055443 0.0250041 0
2454887.7490032408386469 17.3232613 0.0240049 0
2454887.7499204860068858 17.3455944 0.0250094 0
2454887.7508365740068257 17.3814125 0.0250048 0
2454887.7517543979920447 17.3765602 0.0260045 0
2454887.7526531252078712 17.3812485 0.0260047 0
2454887.7535726851783693 17.3885288 0.0260032 0
2454887.7544905091635883 17.3502731 0.0250053 0
2454887.7554083331488073 17.3799553 0.0280054 0
2454887.7563325231894851 17.3494682 0.0260096 0
2454887.7572474535554647 17.3807335 0.0280101 0
2454887.7581785880029202 17.3540440 0.0280048 0
2454887.7590917823836207 17.3587837 0.0290071 0
2454887.7600171295925975 17.3663235 0.0270046 0
2454887.7618961804546416 17.3845673 0.0270042 0
2454887.7627902776002884 17.3532352 0.0260167 0
2454887.7637017359957099 17.3618088 0.0270043 0
2454887.7646328704431653 17.3885441 0.0270073 0
2454887.7655541668646038 17.3785591 0.0280052 0
2454887.7664656247943640 17.3028221 0.0290044 0
2454887.7674204860813916 17.4062843 0.0300044 0
2454887.7683498840779066 17.3755283 0.0290034 0
2454887.7693741898983717 17.3795395 0.0320036 0
2454887.7705530091188848 17.3962917 0.0310053 0
2454887.7714465279132128 17.3575554 0.0280061 0
2454887.7723736111074686 17.3582554 0.0320033 0
2454887.7732908562757075 17.3800850 0.0300048 0
2454887.7742555555887520 17.3726807 0.0300036 0
2454887.7751803239807487 17.3256187 0.0300037 0
2454887.7761074071750045 17.3763447 0.0300041 0
2454887.7770414352416992 17.4171696 0.0320058 0
2454887.7779604168608785 17.3595734 0.0290048 0
2454887.7788863424211740 17.4307213 0.0310062 0
2454887.7798122684471309 17.4322548 0.0300038 0
2454887.7807370368391275 17.3777466 0.0300065 0
2454887.7817167825996876 17.4054298 0.0310047 0
2454887.7835888890549541 17.4156284 0.0350101 0
2454887.7844922454096377 17.3862858 0.0370116 0
2454887.7854181714355946 17.3802948 0.0320037 0
2454887.7863481482490897 17.4194145 0.0340036 0
2454887.7872862266376615 17.3919983 0.0330050 0
2454887.7882127314805984 17.4156628 0.0360038 0
2454887.7891357638873160 17.4029331 0.0450037 0
2454887.7900576386600733 17.4079094 0.0480059 0
2454887.7909748842939734 17.3928623 0.0360057 0
2454887.7919089118950069 17.3764534 0.0380061 0
2454887.7928527779877186 17.3613911 0.0360053 0
2454887.7937896992079914 17.4334564 0.0380044 0
2454887.7947162035852671 17.3562889 0.0370043 0
2454887.7956571760587394 17.4501190 0.0490031 0
2454887.7965848380699754 17.4024887 0.0390056 0
2454887.7975275460630655 17.3960056 0.0390070 0
2454887.7985703703016043 17.4015160 0.0430047 0
2454887.7997063659131527 17.3519516 0.0410051 0
2454887.8006496527232230 17.3868580 0.0430186 0
2454887.8016322916373610 17.4148903 0.0420046 0
2454887.8026537038385868 17.3722382 0.0390038 0
2454887.8036947916261852 17.4388676 0.0450051 0
2454887.8047144678421319 17.3021679 0.0410061 0
2454887.8056924766860902 17.4615288 0.0490048 0
2454887.8066947916522622 17.4127483 0.0470048 0
2454887.8085750001482666 17.3519020 0.0470050 0
2454887.8095032409764826 17.3706474 0.0410045 0
2454887.8114725695922971 17.3622570 0.0480073 0
2454887.8123961803503335 17.4526081 0.0510045 0
2454887.8133319444023073 17.3773499 0.0430074 0
2454887.8142671296373010 17.4699402 0.0560051 0
2454887.8152069444768131 17.4599266 0.0520061 0
2454887.8161473381333053 17.3842671396552 99 1
2454887.8170964121818542 17.3454285 0.0520090 0
2454887.8191074072383344 17.3524189 0.0500050 0
2454887.8200408564880490 17.3306255 0.0560165 0
2454887.8209934029728174 17.3917122 0.0580134 0
2454887.8219609954394400 17.3783646 0.0550055 0
2454887.8229123842902482 17.3364677 0.0530069 0
2454887.8238782407715917 17.4596310 0.0630077 0
2454887.8248504628427327 17.3516693 0.0620137 0
2454887.8258990738540888 17.3842671396552 99 1
2454887.8268562499433756 17.3001003 0.0660202 0
2454887.8278082176111639 17.5969028 0.0820053 0
2454887.8287613424472511 17.5013599 0.0910112 0
2454887.8297381945885718 17.3573418 0.0740072 0
2454887.8306537037715316 17.2984467 0.0700271 0
2454887.8315848377533257 17.3842671396552 99 1
2454887.8325101854279637 17.3842671396552 99 1
2454887.8334546294063330 17.3842671396552 99 1
2454888.6674447916448116 17.3701897 0.0290076 0
2454888.6683608796447515 17.4010544 0.0270118 0
2454888.6692607640288770 17.3264389 0.0260100 0
2454888.6701681711710989 17.3359928 0.0260140 0
2454888.6710802083835006 17.3668728 0.0270164 0
2454888.6719829859212041 17.3628883 0.0250063 0
2454888.6729060183279216 17.3717651 0.0270081 0
2454888.6738012731075287 17.3430691 0.0260124 0
2454888.6747040511108935 17.4106674 0.0270168 0
2454888.6756184026598930 17.3886719 0.0250072 0
2454888.6765431715175509 17.3582001 0.0260082 0
2454888.6774395834654570 17.3837643 0.0260081 0
2454888.6895935186184943 17.3625069 0.0280033 0
2454888.6905084489844739 17.3653030 0.0240043 0
2454888.6914349538274109 17.3545475 0.0260047 0
2454888.6923412038013339 17.3668442 0.0290060 0
2454888.6932462961412966 17.3726578 0.0290038 0
2454888.6941357636824250 17.4104786 0.0310036 0
2454888.6950402776710689 17.3963051 0.0330032 0
2454888.6959453704766929 17.3711586 0.0320038 0
2454888.6968608796596527 17.3827534 0.0300035 0
2454888.7025194442830980 17.3467426 0.0530051 0
2454888.7034413195215166 17.4928646 0.0680033 0
2454888.7043498842976987 17.3840599 0.0640036 0
2454888.7072759261354804 17.3963242 0.0570035 0
2454888.7081872685812414 17.3842671396552 99 1
2454888.7090981481596828 17.3842671396552 99 1
2454888.7100136573426425 17.3842671396552 99 1
2454888.7109413193538785 17.3842671396552 99 1
2454888.7118799770250916 17.4959526 0.0840040 0
2454888.7128006946295500 17.3842671396552 99 1
2454888.7137162038125098 17.3842671396552 99 1
2454888.7146427081897855 17.3842671396552 99 1
2454888.7155553242191672 17.3619595 0.0790112 0
2454888.7165379631333053 17.3915291 0.0740033 0
2454888.7174476850777864 17.3842671396552 99 1
2454888.7183736111037433 17.2767448 0.0880038 0
2454888.7193006942979991 17.3842671396552 99 1
2454888.7211502315476537 17.3842671396552 99 1
2454888.7220478011295199 17.3842671396552 99 1
2454888.7229563659057021 17.3842671396552 99 1
2454888.7238770835101604 17.3842671396552 99 1
2454888.7247787038795650 17.3842671396552 99 1
2454888.7256785877980292 17.3842671396552 99 1
2454888.7266351850703359 17.3519554 0.0790029 0
2454888.7275616899132729 17.4502487 0.0740030 0
2454888.7284939815290272 17.3842671396552 99 1
2454888.7294222223572433 17.4527988 0.0660030 0
2454888.7312717591412365 17.4313068 0.0690047 0
2454888.7321843751706183 17.3859825 0.0620044 0
2454888.7331114583648741 17.3297043 0.0490034 0
2454888.7340130787342787 17.2901726 0.0440030 0
2454888.7349737267941236 17.3965492 0.0460029 0
2454888.7358950232155621 17.3787975 0.0510041 0
2454888.7368302084505558 17.3654022 0.0440086 0
2454888.7377503472380340 17.3459339 0.0420042 0
2454888.7386693288572133 17.3646832 0.0440053 0
2454888.7395883100107312 17.3858280 0.0400064 0
2454888.7405211804434657 17.3201733 0.0380029 0
2454888.7414523148909211 17.4172478 0.0390039 0
2454888.7423770832829177 17.4120865 0.0390049 0
2454888.7433151621371508 17.4315319 0.0410038 0
2454888.7442549769766629 17.4049110 0.0380030 0
2454888.7451936341822147 17.3775425 0.0440044 0
2454888.7461322918534279 17.4091358 0.0470040 0
2454888.7470535878092051 17.4319782 0.0380047 0
2454888.7479812498204410 17.4204998 0.0540059 0
2454888.7489129630848765 17.3841057 0.0380024 0
2454888.7498718751594424 17.3834209 0.0420035 0
2454888.7507966435514390 17.3919106 0.0390033 0
2454888.7517289351671934 17.4347076 0.0400032 0
2454888.7526432871818542 17.3445950 0.0490061 0
2454888.7535784724168479 17.3439465 0.0390037 0
2454888.7545165508054197 17.3668613 0.0450043 0
2454888.7554476852528751 17.3838921 0.0360045 0
2454888.7563805556856096 17.4252434 0.0380044 0
2454888.7573082176968455 17.3474827 0.0390033 0
2454888.7582358797080815 17.4068851 0.0390051 0
2454888.7591681713238358 17.4143696 0.0400029 0
2454888.7600981481373310 17.3561611 0.0390038 0
2454888.7610315973870456 17.3656731 0.0360038 0
2454888.7619598377496004 17.3700829 0.0380047 0
2454888.7628956018015742 17.3530121 0.0390055 0
2454888.7638631942681968 17.3408699 0.0410037 0
2454888.7647983795031905 17.3363171 0.0370057 0
2454888.7657763888128102 17.3953285 0.0410049 0
2454888.7667086804285645 17.3842671396552 99 1
2454888.7676403936930001 17.4017487 0.0410124 0
2454888.7685732636600733 17.4360886 0.0410047 0
2454888.7696270835585892 17.4366302 0.0480045 0
2454888.7705732639878988 17.3691177 0.0470041 0
2454888.7715084492228925 17.3842671396552 99 1
2454888.7724303239956498 17.4706421 0.0560041 0
2454888.7733620372600853 17.3842671396552 99 1
2454888.7743105324916542 17.3780098 0.0470049 0
2454888.7761843749321997 17.3842671396552 99 1
2454888.7771444446407259 17.3842671396552 99 1
2454888.7781050927005708 17.3842671396552 99 1
2454888.7790119214914739 17.3842671396552 99 1
2454888.7799465279094875 17.3842671396552 99 1
2454888.7809378472156823 17.4204998 0.0420073 0
2454888.7818875000812113 17.4676914 0.0410127 0
2454888.7828354164958000 17.3842671396552 99 1
2454888.7837873841635883 17.3842671396552 99 1
2454888.7847306714393198 17.3553143 0.0390057 0
2454888.7856895835138857 17.3735428 0.0390045 0
2454888.7866369211114943 17.3790569 0.0380045 0
2454888.7875900464132428 17.3492680 0.0360089 0
2454888.7885396992787719 17.4500141 0.0400053 0
2454888.7894795136526227 17.4167480 0.0400084 0
