0.951219512195122
2454887.7398140048608184 16.4548416 0.0130096 0
2454887.7406988427974284 16.4456902 0.0140115 0
2454887.7416172455996275 16.4153767 0.0130216 0
2454887.7425315971486270 16.4354820 0.0130174 0
2454887.7434355323202908 16.4326382 0.0140118 0
2454887.7444280092604458 16.4355583 0.0140154 0
2454887.7453365740366280 16.4557419 0.0140126 0
2454887.7462584492750466 16.4221859 0.0130135 0
2454887.7471716436557472 16.4335442 0.0130117 0
2454887.7480946760624647 16.4375439 0.0140074 0
2454887.7490032408386469 16.4052620 0.0130090 0
2454887.7499204860068858 16.4275951 0.0140167 0
2454887.7508365740068257 16.4334106 0.0140086 0
2454887.7517543979920447 16.4315586 0.0140083 0
2454887.7526531252078712 16.4302483 0.0130095 0
2454887.7535726851783693 16.4315300 0.0140059 0
2454887.7544905091635883 16.4172726 0.0140094 0
2454887.7554083331488073 16.4329548 0.0150100 0
2454887.7563325231894851 16.4494667 0.0140179 0
2454887.7572474535554647 16.4547329 0.0150189 0
2454887.7581785880029202 16.4250450 0.0150090 0
2454887.7590917823836207 16.4337845 0.0150138 0
2454887.7600171295925975 16.4143219 0.0140089 0
2454887.7618961804546416 16.4415684 0.0140080 0
2454887.7627902776002884 16.4202366 0.0140310 0
2454887.7637017359957099 16.4178085 0.0140083 0
2454887.7646328704431653 16.4315453 0.0140142 0
2454887.7655541668646038 16.4285583 0.0150097 0
2454887.7664656247943640 16.4308224 0.0150085 0
2454887.7674204860813916 16.4282837 0.0150088 0
2454887.7683498840779066 16.4105282 0.0140071 0
2454887.7693741898983717 16.4105396 0.0150077 0
2454887.7705530091188848 16.4312916 0.0160103 0
2454887.7714465279132128 16.4275551 0.0150114 0
2454887.7723736111074686 16.4322548 0.0160066 0
2454887.7732908562757075 16.4190845 0.0150095 0
2454887.7742555555887520 16.4226818 0.0150071 0
2454887.7751803239807487 16.4226208 0.0150074 0
2454887.7761074071750045 16.4323444 0.0160076 0
2454887.7770414352416992 16.4601707 0.0160115 0
2454887.7779604168608785 16.4225731 0.0150092 0
2454887.7788863424211740 16.3987198 0.0150129 0
2454887.7798122684471309 16.4342556 0.0150075 0
2454887.7807370368391275 16.4217472 0.0150129 0
2454887.7817167825996876 16.3964291 0.0150098 0
2454887.7835888890549541 16.3896294 0.0170208 0
2454887.7844922454096377 16.4292850 0.0180239 0
2454887.7854181714355946 16.4472942 0.0160075 0
2454887.7863481482490897 16.4274139 0.0160076 0
2454887.7872862266376615 16.3990002 0.0160104 0
2454887.7882127314805984 16.3946629 0.0170080 0
2454887.7891357638873160 16.4389343 0.0220075 0
2454887.7900576386600733 16.4049091 0.0220129 0
2454887.7909748842939734 16.4158611 0.0170120 0
2454887.7919089118950069 16.4334526 0.0180128 0
2454887.7928527779877186 16.4213905 0.0180105 0
2454887.7937896992079914 16.4264565 0.0180093 0
2454887.7947162035852671 16.4172878 0.0180087 0
2454887.7956571760587394 16.4081192 0.0210073 0
2454887.7965848380699754 16.4084873 0.0180122 0
2454887.7975275460630655 16.4180050 0.0180153 0
2454887.7985703703016043 16.4305153 0.0190106 0
2454887.7997063659131527 16.4069519 0.0190111 0
2454887.8006496527232230 16.4508591 0.0200399 0
2454887.8016322916373610 16.4048901 0.0190101 0
2454887.8026537038385868 16.4242382 0.0190078 0
2454887.8036947916261852 16.4368687 0.0210109 0
2454887.8047144678421319 16.4341679 0.0200126 0
2454887.8056924766860902 16.4345284 0.0210113 0
2454887.8066947916522622 16.4397469 0.0210108 0
2454887.8085750001482666 16.4169025 0.0210111 0
2454887.8095032409764826 16.4456463 0.0200092 0
2454887.8114725695922971 16.4512577 0.0230151 0
2454887.8123961803503335 16.4236088 0.0220104 0
2454887.8133319444023073 16.4623489 0.0220144 0
2454887.8142671296373010 16.4649410 0.0240118 0
2454887.8152069444768131 16.4109268 0.0230138 0
2454887.8161473381333053 16.4443722 0.0240131 0
2454887.8170964121818542 16.4304276 0.0250186 0
2454887.8191074072383344 16.3834190 0.0220113 0
2454887.8200408564880490 16.4766235 0.0270343 0
2454887.8209934029728174 16.4827137 0.0280277 0
2454887.8219609954394400 16.4463654 0.0250121 0
2454887.8229123842902482 16.4384670 0.0250146 0
2454887.8238782407715917 16.4436321 0.0270179 0
2454887.8248504628427327 16.4636688 0.0290294 0
2454887.8258990738540888 16.4079247 0.0340215 0
2454887.8268562499433756 16.4321003 0.0330404 0
2454887.8278082176111639 16.4419022 0.0290151 0
2454887.8287613424472511 16.4623604 0.0370276 0
2454887.8297381945885718 16.4353428 0.0320166 0
2454887.8306537037715316 16.4280608369231 99 1
2454887.8315848377533257 16.3704605 0.0340190 0
2454887.8325101854279637 16.4420643 0.0370279 0
2454887.8334546294063330 16.4118538 0.0341067 0
2454888.6674447916448116 16.4151897 0.0140158 0
2454888.6683608796447515 16.4170551 0.0140227 0
2454888.6692607640288770 16.4374371 0.0140186 0
2454888.6701681711710989 16.4199924 0.0140259 0
2454888.6710802083835006 16.4298725 0.0140316 0
2454888.6719829859212041 16.4198895 0.0140112 0
2454888.6729060183279216 16.4257641 0.0140157 0
2454888.6738012731075287 16.4300690 0.0140230 0
2454888.6747040511108935 16.4016685 0.0140324 0
2454888.6756184026598930 16.4206715 0.0130139 0
2454888.6765431715175509 16.4401989 0.0130164 0
2454888.6774395834654570 16.4317646 0.0130162 0
2454888.6895935186184943 16.4325047 0.0150061 0
2454888.6905084489844739 16.4193039 0.0130079 0
2454888.6914349538274109 16.4195480 0.0140087 0
2454888.6923412038013339 16.4328442 0.0150116 0
2454888.6932462961412966 16.4506569 0.0150074 0
2454888.6941357636824250 16.4454784 0.0160070 0
2454888.6950402776710689 16.4173050 0.0160065 0
2454888.6959453704766929 16.4281578 0.0160077 0
2454888.6968608796596527 16.4147530 0.0150069 0
2454888.7025194442830980 16.4627419 0.0260104 0
2454888.7034413195215166 16.4398651 0.0280081 0
2454888.7043498842976987 16.4950600 0.0300076 0
2454888.7072759261354804 16.4573250 0.0270075 0
2454888.7081872685812414 16.4277439 0.0260113 0
2454888.7090981481596828 16.4635715 0.0300097 0
2454888.7100136573426425 16.4835300 0.0390084 0
2454888.7109413193538785 16.4369392 0.0340105 0
2454888.7118799770250916 16.4889526 0.0350096 0
2454888.7128006946295500 16.4743767 0.0410108 0
2454888.7137162038125098 16.4750576 0.0360082 0
2454888.7146427081897855 16.4461040 0.0330159 0
2454888.7155553242191672 16.4699593 0.0350252 0
2454888.7165379631333053 16.4755306 0.0360068 0
2454888.7174476850777864 16.3603172 0.0340127 0
2454888.7183736111037433 16.4247456 0.0420079 0
2454888.7193006942979991 16.4003963 0.0360110 0
2454888.7211502315476537 16.3928528 0.0510156 0
2454888.7220478011295199 16.4431152 0.0710131 0
2454888.7229563659057021 16.4280608369231 99 1
2454888.7238770835101604 16.4280608369231 99 1
2454888.7247787038795650 16.4280608369231 99 1
2454888.7256785877980292 16.4656277 0.0610149 0
2454888.7266351850703359 16.4439545 0.0370063 0
2454888.7275616899132729 16.4472485 0.0310072 0
2454888.7284939815290272 16.4428062 0.0270077 0
2454888.7294222223572433 16.3727989 0.0260076 0
2454888.7312717591412365 16.4513073 0.0310104 0
2454888.7321843751706183 16.4419842 0.0290094 0
2454888.7331114583648741 16.3957043 0.0230071 0
2454888.7340130787342787 16.4361725 0.0220060 0
2454888.7349737267941236 16.4065495 0.0210064 0
2454888.7358950232155621 16.3887978 0.0220094 0
2454888.7368302084505558 16.4164028 0.0210180 0
2454888.7377503472380340 16.4519329 0.0210084 0
2454888.7386693288572133 16.4416847 0.0210112 0
2454888.7395883100107312 16.4368267 0.0190135 0
2454888.7405211804434657 16.4451733 0.0190057 0
2454888.7414523148909211 16.4292469 0.0180085 0
2454888.7423770832829177 16.4020863 0.0180105 0
2454888.7433151621371508 16.4165325 0.0180087 0
2454888.7442549769766629 16.3949108 0.0180064 0
2454888.7451936341822147 16.3975430 0.0200097 0
2454888.7461322918534279 16.4331379 0.0210090 0
2454888.7470535878092051 16.4059772 0.0170105 0
2454888.7479812498204410 16.4280608369231 99 1
2454888.7489129630848765 16.4481049 0.0180051 0
2454888.7498718751594424 16.4144211 0.0200074 0
2454888.7507966435514390 16.4059124 0.0190068 0
2454888.7517289351671934 16.4277077 0.0180070 0
2454888.7526432871818542 16.4005947 0.0230131 0
2454888.7535784724168479 16.4539471 0.0200072 0
2454888.7545165508054197 16.4178600 0.0210093 0
2454888.7554476852528751 16.4238911 0.0170095 0
2454888.7563805556856096 16.4082432 0.0170098 0
2454888.7573082176968455 16.4214840 0.0180072 0
2454888.7582358797080815 16.4418850 0.0190105 0
2454888.7591681713238358 16.4323692 0.0180065 0
2454888.7600981481373310 16.4141617 0.0190077 0
2454888.7610315973870456 16.4016743 0.0170080 0
2454888.7619598377496004 16.4330826 0.0180099 0
2454888.7628956018015742 16.4080124 0.0180118 0
2454888.7638631942681968 16.3858700 0.0200075 0
2454888.7647983795031905 16.4283161 0.0180117 0
2454888.7657763888128102 16.4283276 0.0190105 0
2454888.7667086804285645 16.4396801 0.0210086 0
2454888.7676403936930001 16.4217491 0.0190268 0
2454888.7685732636600733 16.4230881 0.0180107 0
2454888.7696270835585892 16.4186287 0.0220098 0
2454888.7705732639878988 16.4241180 0.0220089 0
2454888.7715084492228925 16.4166546 0.0210099 0
2454888.7724303239956498 16.3746414 0.0220104 0
2454888.7733620372600853 16.4185219 0.0250144 0
2454888.7743105324916542 16.4010086 0.0210110 0
2454888.7761843749321997 16.4524326 0.0370130 0
2454888.7771444446407259 16.4149361 0.0501256 0
2454888.7781050927005708 16.4280608369231 99 1
2454888.7790119214914739 16.4280608369231 99 1
2454888.7799465279094875 16.4280608369231 99 1
2454888.7809378472156823 16.4324989 0.0190162 0
2454888.7818875000812113 16.4166908 0.0190275 0
2454888.7828354164958000 16.4280608369231 99 1
2454888.7837873841635883 16.4280608369231 99 1
2454888.7847306714393198 16.4343128 0.0190117 0
2454888.7856895835138857 16.4045429 0.0190092 0
2454888.7866369211114943 16.4150562 0.0180094 0
2454888.7875900464132428 16.4082680 0.0180178 0
2454888.7885396992787719 16.3880157 0.0190112 0
2454888.7894795136526227 16.4087467 0.0180188 0
