0.960975609756098
2454887.7398140048608184 16.1938419 0.0120104 0
2454887.7406988427974284 16.2316895 0.0120134 0
2454887.7416172455996275 16.2433758 0.0120234 0
2454887.7425315971486270 16.2404823 0.0120189 0
2454887.7434355323202908 16.2266388 0.0120138 0
2454887.7444280092604458 16.2315598 0.0120180 0
2454887.7453365740366280 16.2277412 0.0120147 0
2454887.7462584492750466 16.2451859 0.0120146 0
2454887.7471716436557472 16.2315426 0.0120126 0
2454887.7480946760624647 16.2135448 0.0120086 0
2454887.7490032408386469 16.2072620 0.0120097 0
2454887.7499204860068858 16.2255955 0.0120195 0
2454887.7508365740068257 16.2094116 0.0120100 0
2454887.7517543979920447 16.2215595 0.0120097 0
2454887.7526531252078712 16.2072487 0.0120103 0
2454887.7535726851783693 16.2355289 0.0130063 0
2454887.7544905091635883 16.2122726 0.0120110 0
2454887.7554083331488073 16.2229557 0.0130116 0
2454887.7563325231894851 16.1974678 0.0120208 0
2454887.7572474535554647 16.2107334 0.0130218 0
2454887.7581785880029202 16.1990452 0.0130104 0
2454887.7590917823836207 16.2287846 0.0130159 0
2454887.7600171295925975 16.2333221 0.0130095 0
2454887.7618961804546416 16.2335682 0.0130087 0
2454887.7627902776002884 16.2272358 0.0120362 0
2454887.7637017359957099 16.2218094 0.0120097 0
2454887.7646328704431653 16.2225437 0.0130152 0
2454887.7655541668646038 16.2085571 0.0130112 0
2454887.7664656247943640 16.2128220 0.0130098 0
2454887.7674204860813916 16.2082825 0.0130102 0
2454887.7683498840779066 16.2045288 0.0130076 0
2454887.7693741898983717 16.1875381 0.0130089 0
2454887.7705530091188848 16.2152920 0.0130126 0
2454887.7714465279132128 16.2345543 0.0130132 0
2454887.7723736111074686 16.2262535 0.0150070 0
2454887.7732908562757075 16.2110844 0.0130110 0
2454887.7742555555887520 16.2066822 0.0130082 0
2454887.7751803239807487 16.2076206 0.0130086 0
2454887.7761074071750045 16.2123451 0.0140087 0
2454887.7770414352416992 16.2091694 0.0140132 0
2454887.7779604168608785 16.2275734 0.0130106 0
2454887.7788863424211740 16.2277203 0.0130148 0
2454887.7798122684471309 16.2072544 0.0130087 0
2454887.7807370368391275 16.2277470 0.0140138 0
2454887.7817167825996876 16.2154293 0.0140105 0
2454887.7835888890549541 16.2106285 0.0150235 0
2454887.7844922454096377 16.2142849 0.0150287 0
2454887.7854181714355946 16.2072945 0.0140085 0
2454887.7863481482490897 16.2254143 0.0140087 0
2454887.7872862266376615 16.2439995 0.0140119 0
2454887.7882127314805984 16.2086639 0.0140097 0
2454887.7891357638873160 16.2429352 0.0190087 0
2454887.7900576386600733 16.2369099 0.0190150 0
2454887.7909748842939734 16.2218628 0.0150136 0
2454887.7919089118950069 16.2374535 0.0160144 0
2454887.7928527779877186 16.2193909 0.0150126 0
2454887.7937896992079914 16.2074547 0.0150112 0
2454887.7947162035852671 16.2492886 0.0160098 0
2454887.7956571760587394 16.2421188 0.0190081 0
2454887.7965848380699754 16.2404881 0.0170129 0
2454887.7975275460630655 16.2330055 0.0160172 0
2454887.7985703703016043 16.1975155 0.0170119 0
2454887.7997063659131527 16.2249527 0.0170124 0
2454887.8006496527232230 16.2218590 0.0170469 0
2454887.8016322916373610 16.2428913 0.0170113 0
2454887.8026537038385868 16.2442379 0.0170087 0
2454887.8036947916261852 16.2348690 0.0170135 0
2454887.8047144678421319 16.2501678 0.0180140 0
2454887.8056924766860902 16.2435284 0.0180131 0
2454887.8066947916522622 16.2077465 0.0180126 0
2454887.8085750001482666 16.2309036 0.0190123 0
2454887.8095032409764826 16.2226467 0.0170109 0
2454887.8114725695922971 16.2132568 0.0190183 0
2454887.8123961803503335 16.2126083 0.0190120 0
2454887.8133319444023073 16.2253494 0.0180176 0
2454887.8142671296373010 16.2159405 0.0190149 0
2454887.8152069444768131 16.2429276 0.0200159 0
2454887.8161473381333053 16.2493725 0.0210149 0
2454887.8170964121818542 16.2394276 0.0220212 0
2454887.8191074072383344 16.2424202 0.0210119 0
2454887.8200408564880490 16.2556248 0.0230403 0
2454887.8209934029728174 16.2197132 0.0220352 0
2454887.8219609954394400 16.2423649 0.0220137 0
2454887.8229123842902482 16.2624683 0.0220166 0
2454887.8238782407715917 16.2506313 0.0230210 0
2454887.8248504628427327 16.2086697 0.0240355 0
2454887.8258990738540888 16.2669258 0.0310235 0
2454887.8268562499433756 16.3150997 0.0290459 0
2454887.8278082176111639 16.2219028 0.0250175 0
2454887.8287613424472511 16.1863594 0.0300340 0
2454887.8297381945885718 16.2073421 0.0290184 0
2454887.8306537037715316 16.2254467 0.0280677 0
2454887.8315848377533257 16.2124615 0.0310208 0
2454887.8325101854279637 16.2830639 0.0340303 0
2454887.8334546294063330 16.2218533 0.0291251 0
2454888.6674447916448116 16.2591896 0.0130170 0
2454888.6683608796447515 16.2340546 0.0120265 0
2454888.6692607640288770 16.2454376 0.0120217 0
2454888.6701681711710989 16.2419930 0.0120302 0
2454888.6710802083835006 16.2478714 0.0120369 0
2454888.6719829859212041 16.2528896 0.0120130 0
2454888.6729060183279216 16.2417641 0.0130169 0
2454888.6738012731075287 16.2470684 0.0120269 0
2454888.6747040511108935 16.2516670 0.0130349 0
2454888.6756184026598930 16.2666721 0.0120151 0
2454888.6765431715175509 16.2571983 0.0120177 0
2454888.6774395834654570 16.2457638 0.0120175 0
2454888.6895935186184943 16.2445049 0.0130070 0
2454888.6905084489844739 16.2383022 0.0120086 0
2454888.6914349538274109 16.2465477 0.0120101 0
2454888.6923412038013339 16.2528439 0.0140124 0
2454888.6932462961412966 16.2296562 0.0130086 0
2454888.6941357636824250 16.2394791 0.0140080 0
2454888.6950402776710689 16.2503052 0.0140074 0
2454888.6959453704766929 16.2351589 0.0140088 0
2454888.6968608796596527 16.2427540 0.0130080 0
2454888.7025194442830980 16.2247429 0.0230118 0
2454888.7034413195215166 16.2188644 0.0240095 0
2454888.7043498842976987 16.1950607 0.0250091 0
2454888.7072759261354804 16.2193241 0.0230088 0
2454888.7081872685812414 16.2007446 0.0230127 0
2454888.7090981481596828 16.2025700 0.0270108 0
2454888.7100136573426425 16.2055302 0.0320102 0
2454888.7109413193538785 16.1879387 0.0300119 0
2454888.7118799770250916 16.2039528 0.0300112 0
2454888.7128006946295500 16.1573772 0.0340131 0
2454888.7137162038125098 16.1730576 0.0290102 0
2454888.7146427081897855 16.1771049 0.0290181 0
2454888.7155553242191672 16.2379608 0.0320276 0
2454888.7165379631333053 16.1545296 0.0280088 0
2454888.7174476850777864 16.1763172 0.0300144 0
2454888.7183736111037433 16.2127457 0.0370090 0
2454888.7193006942979991 16.2273979 0.0330120 0
2454888.7211502315476537 16.1118526 0.0420190 0
2454888.7220478011295199 16.1711159 0.0600155 0
2454888.7229563659057021 16.2353036167513 99 1
2454888.7238770835101604 16.2353036167513 99 1
2454888.7247787038795650 16.2353036167513 99 1
2454888.7256785877980292 16.4046268 0.0620147 0
2454888.7266351850703359 16.2509556 0.0310075 0
2454888.7275616899132729 16.2702484 0.0280080 0
2454888.7284939815290272 16.2798061 0.0250083 0
2454888.7294222223572433 16.2417984 0.0250079 0
2454888.7312717591412365 16.2393074 0.0260124 0
2454888.7321843751706183 16.2629833 0.0240114 0
2454888.7331114583648741 16.2807045 0.0220075 0
2454888.7340130787342787 16.2421722 0.0200066 0
2454888.7349737267941236 16.2425499 0.0190071 0
2454888.7358950232155621 16.2497978 0.0210099 0
2454888.7368302084505558 16.2424030 0.0180210 0
2454888.7377503472380340 16.2459335 0.0180098 0
2454888.7386693288572133 16.2676830 0.0180131 0
2454888.7395883100107312 16.2618275 0.0170151 0
2454888.7405211804434657 16.2651749 0.0170064 0
2454888.7414523148909211 16.2952461 0.0170089 0
2454888.7423770832829177 16.2910862 0.0170111 0
2454888.7433151621371508 16.2915325 0.0170092 0
2454888.7442549769766629 16.2739105 0.0160072 0
2454888.7451936341822147 16.3025417 0.0190102 0
2454888.7461322918534279 16.2721367 0.0190100 0
2454888.7470535878092051 16.2689781 0.0160111 0
2454888.7479812498204410 16.2474995 0.0210151 0
2454888.7489129630848765 16.2481060 0.0160058 0
2454888.7498718751594424 16.2724209 0.0180082 0
2454888.7507966435514390 16.2469120 0.0170076 0
2454888.7517289351671934 16.2187080 0.0160079 0
2454888.7526432871818542 16.2865963 0.0200150 0
2454888.7535784724168479 16.2509460 0.0160090 0
2454888.7545165508054197 16.2258606 0.0180109 0
2454888.7554476852528751 16.2298908 0.0160101 0
2454888.7563805556856096 16.2472439 0.0160105 0
2454888.7573082176968455 16.2204838 0.0160081 0
2454888.7582358797080815 16.2458839 0.0170117 0
2454888.7591681713238358 16.2723694 0.0160073 0
2454888.7600981481373310 16.2321625 0.0160091 0
2454888.7610315973870456 16.2646751 0.0160085 0
2454888.7619598377496004 16.2380829 0.0160112 0
2454888.7628956018015742 16.2090130 0.0160133 0
2454888.7638631942681968 16.2228699 0.0170088 0
2454888.7647983795031905 16.2513161 0.0160132 0
2454888.7657763888128102 16.2463284 0.0170118 0
2454888.7667086804285645 16.2486801 0.0180100 0
2454888.7676403936930001 16.2357483 0.0170299 0
2454888.7685732636600733 16.2220879 0.0160120 0
2454888.7696270835585892 16.2446289 0.0180120 0
2454888.7705732639878988 16.2451172 0.0190103 0
2454888.7715084492228925 16.2246552 0.0190109 0
2454888.7724303239956498 16.2476406 0.0200115 0
2454888.7733620372600853 16.2415218 0.0210171 0
2454888.7743105324916542 16.2630081 0.0190122 0
2454888.7761843749321997 16.3104324 0.0340141 0
2454888.7771444446407259 16.2369366 0.0461365 0
2454888.7781050927005708 16.2353036167513 99 1
2454888.7790119214914739 16.2353036167513 99 1
2454888.7799465279094875 16.2353036167513 99 1
2454888.7809378472156823 16.2774982 0.0180171 0
2454888.7818875000812113 16.2666912 0.0170307 0
2454888.7828354164958000 16.2353036167513 99 1
2454888.7837873841635883 16.2353036167513 99 1
2454888.7847306714393198 16.3183136 0.0180124 0
2454888.7856895835138857 16.2815418 0.0170103 0
2454888.7866369211114943 16.2570553 0.0160106 0
2454888.7875900464132428 16.2742672 0.0160200 0
2454888.7885396992787719 16.3070145 0.0170125 0
2454888.7894795136526227 16.2657471 0.0170199 0
