0.985365853658537
2454887.7398140048608184 14.2218418 0.0040312 0
2454887.7406988427974284 14.2156897 0.0040399 0
2454887.7416172455996275 14.2243757 0.0040696 0
2454887.7425315971486270 14.2364826 0.0040563 0
2454887.7434355323202908 14.2256393 0.0040412 0
2454887.7444280092604458 14.2255573 0.0040537 0
2454887.7453365740366280 14.2207413 0.0040439 0
2454887.7462584492750466 14.2241869 0.0040437 0
2454887.7471716436557472 14.2295427 0.0040378 0
2454887.7480946760624647 14.2255449 0.0040258 0
2454887.7490032408386469 14.2312613 0.0040291 0
2454887.7499204860068858 14.2295942 0.0040582 0
2454887.7508365740068257 14.2324114 0.0040300 0
2454887.7517543979920447 14.2245588 0.0040290 0
2454887.7526531252078712 14.2222471 0.0040307 0
2454887.7535726851783693 14.2295313 0.0040205 0
2454887.7544905091635883 14.2292728 0.0040329 0
2454887.7554083331488073 14.2349548 0.0040375 0
2454887.7563325231894851 14.2324677 0.0040620 0
2454887.7572474535554647 14.2287331 0.0040704 0
2454887.7581785880029202 14.2220449 0.0040338 0
2454887.7590917823836207 14.2257824 0.0040515 0
2454887.7600171295925975 14.2313242 0.0040309 0
2454887.7618961804546416 14.2435656 0.0040280 0
2454887.7627902776002884 14.2232361 0.0041073 0
2454887.7637017359957099 14.2458105 0.0040289 0
2454887.7646328704431653 14.2345428 0.0040493 0
2454887.7655541668646038 14.2245560 0.0040363 0
2454887.7664656247943640 14.2278233 0.0050253 0
2454887.7674204860813916 14.2322836 0.0040329 0
2454887.7683498840779066 14.2425299 0.0040247 0
2454887.7693741898983717 14.2535381 0.0040287 0
2454887.7705530091188848 14.2222910 0.0040409 0
2454887.7714465279132128 14.2345552 0.0040426 0
2454887.7723736111074686 14.2402554 0.0040261 0
2454887.7732908562757075 14.2370834 0.0040356 0
2454887.7742555555887520 14.2196827 0.0040266 0
2454887.7751803239807487 14.2226200 0.0040278 0
2454887.7761074071750045 14.2173452 0.0050243 0
2454887.7770414352416992 14.2241707 0.0040458 0
2454887.7779604168608785 14.2165747 0.0040344 0
2454887.7788863424211740 14.2347202 0.0040479 0
2454887.7798122684471309 14.2432556 0.0040282 0
2454887.7807370368391275 14.2277460 0.0040481 0
2454887.7817167825996876 14.2374296 0.0050293 0
2454887.7835888890549541 14.2156277 0.0050702 0
2454887.7844922454096377 14.2062836 0.0050854 0
2454887.7854181714355946 14.2332945 0.0040298 0
2454887.7863481482490897 14.2254133 0.0040304 0
2454887.7872862266376615 14.2249994 0.0040414 0
2454887.7882127314805984 14.2256613 0.0040339 0
2454887.7891357638873160 14.2309351 0.0050330 0
2454887.7900576386600733 14.2379093 0.0050566 0
2454887.7909748842939734 14.2228613 0.0050408 0
2454887.7919089118950069 14.2154512 0.0050458 0
2454887.7928527779877186 14.2383909 0.0050378 0
2454887.7937896992079914 14.2194548 0.0050334 0
2454887.7947162035852671 14.2572870 0.0050314 0
2454887.7956571760587394 14.2171192 0.0050307 0
2454887.7965848380699754 14.2134886 0.0050437 0
2454887.7975275460630655 14.2220049 0.0050547 0
2454887.7985703703016043 14.2135153 0.0050402 0
2454887.7997063659131527 14.2129507 0.0050420 0
2454887.8006496527232230 14.2128601 0.0051573 0
2454887.8016322916373610 14.2298908 0.0050382 0
2454887.8026537038385868 14.2212381 0.0050296 0
2454887.8036947916261852 14.2158680 0.0050456 0
2454887.8047144678421319 14.2001677 0.0050500 0
2454887.8056924766860902 14.2145290 0.0050471 0
2454887.8066947916522622 14.2117481 0.0050450 0
2454887.8085750001482666 14.2109041 0.0050464 0
2454887.8095032409764826 14.2046490 0.0050368 0
2454887.8114725695922971 14.1972561 0.0050692 0
2454887.8123961803503335 14.2106085 0.0050456 0
2454887.8133319444023073 14.2093496 0.0050631 0
2454887.8142671296373010 14.2209396 0.0050564 0
2454887.8152069444768131 14.2119265 0.0050633 0
2454887.8161473381333053 14.2103729 0.0050624 0
2454887.8170964121818542 14.2404261 0.0050924 0
2454887.8191074072383344 14.2004204 0.0050497 0
2454887.8200408564880490 14.1886234 0.0051820 0
2454887.8209934029728174 14.1727142 0.0051528 0
2454887.8219609954394400 14.2033644 0.0050600 0
2454887.8229123842902482 14.1914673 0.0050725 0
2454887.8238782407715917 14.2176323 0.0050956 0
2454887.8248504628427327 14.1466684 0.0061404 0
2454887.8258990738540888 14.1779232 0.0061205 0
2454887.8268562499433756 14.2081013 0.0062181 0
2454887.8278082176111639 14.1829033 0.0060725 0
2454887.8287613424472511 14.2363605 0.0061677 0
2454887.8297381945885718 14.2303419 0.0060881 0
2454887.8306537037715316 14.1904478 0.0063086 0
2454887.8315848377533257 14.1854620 0.0061067 0
2454887.8325101854279637 14.1730652 0.0061696 0
2454887.8334546294063330 14.2278538 0.0065780 0
2454888.6674447916448116 14.2601891 0.0040550 0
2454888.6683608796447515 14.2580547 0.0040788 0
2454888.6692607640288770 14.2484379 0.0040646 0
2454888.6701681711710989 14.2549934 0.0040898 0
2454888.6710802083835006 14.2578707 0.0041092 0
2454888.6719829859212041 14.2598896 0.0040389 0
2454888.6729060183279216 14.2657652 0.0040546 0
2454888.6738012731075287 14.2690678 0.0040799 0
2454888.6747040511108935 14.2796669 0.0041119 0
2454888.6756184026598930 14.2606726 0.0040450 0
2454888.6765431715175509 14.2641993 0.0040529 0
2454888.6774395834654570 14.2587652 0.0040523 0
2454888.6895935186184943 14.2595072 0.0040228 0
2454888.6905084489844739 14.2333021 0.0040256 0
2454888.6914349538274109 14.2425461 0.0040303 0
2454888.6923412038013339 14.2608442 0.0040433 0
2454888.6932462961412966 14.2456560 0.0040278 0
2454888.6941357636824250 14.2524776 0.0040279 0
2454888.6950402776710689 14.2363052 0.0050208 0
2454888.6959453704766929 14.2421579 0.0050245 0
2454888.6968608796596527 14.2477541 0.0040260 0
2454888.7025194442830980 14.2437420 0.0060449 0
2454888.7034413195215166 14.2598639 0.0060378 0
2454888.7043498842976987 14.2580595 0.0060377 0
2454888.7072759261354804 14.2723227 0.0060336 0
2454888.7081872685812414 14.2717438 0.0060486 0
2454888.7090981481596828 14.2755718 0.0070415 0
2454888.7100136573426425 14.2725306 0.0080407 0
2454888.7109413193538785 14.3009396 0.0070507 0
2454888.7118799770250916 14.2849512 0.0080418 0
2454888.7128006946295500 14.3033781 0.0090492 0
2454888.7137162038125098 14.2880592 0.0080367 0
2454888.7146427081897855 14.2921047 0.0080655 0
2454888.7155553242191672 14.2399597 0.0081097 0
2454888.7165379631333053 14.2445288 0.0070349 0
2454888.7174476850777864 14.2703180 0.0080537 0
2454888.7183736111037433 14.2537441 0.0090369 0
2454888.7193006942979991 14.2483969 0.0080495 0
2454888.7211502315476537 14.2768526 0.0110722 0
2454888.7220478011295199 14.2511158 0.0130713 0
2454888.7229563659057021 14.2250814 0.0170677 0
2454888.7238770835101604 14.2158327 0.0300902 0
2454888.7247787038795650 14.2834997 0.0210768 0
2454888.7256785877980292 14.2386293 0.0120757 0
2454888.7266351850703359 14.2329559 0.0070331 0
2454888.7275616899132729 14.2362480 0.0070318 0
2454888.7284939815290272 14.2308044 0.0060345 0
2454888.7294222223572433 14.2257986 0.0070282 0
2454888.7312717591412365 14.2563066 0.0070458 0
2454888.7321843751706183 14.2619839 0.0060453 0
2454888.7331114583648741 14.2407036 0.0060273 0
2454888.7340130787342787 14.2441730 0.0060219 0
2454888.7349737267941236 14.2345505 0.0050270 0
2454888.7358950232155621 14.2547998 0.0060344 0
2454888.7368302084505558 14.2604027 0.0050750 0
2454888.7377503472380340 14.2569342 0.0050352 0
2454888.7386693288572133 14.2486830 0.0050468 0
2454888.7395883100107312 14.2618265 0.0050510 0
2454888.7405211804434657 14.2511740 0.0050218 0
2454888.7414523148909211 14.2542467 0.0050303 0
2454888.7423770832829177 14.2420864 0.0050377 0
2454888.7433151621371508 14.2635317 0.0050312 0
2454888.7442549769766629 14.2499113 0.0050230 0
2454888.7451936341822147 14.2545424 0.0050388 0
2454888.7461322918534279 14.2501383 0.0050378 0
2454888.7470535878092051 14.2609768 0.0050355 0
2454888.7479812498204410 14.2585011 0.0050632 0
2454888.7489129630848765 14.2371044 0.0050184 0
2454888.7498718751594424 14.2394209 0.0050294 0
2454888.7507966435514390 14.2339115 0.0050258 0
2454888.7517289351671934 14.2367077 0.0050252 0
2454888.7526432871818542 14.2325935 0.0050599 0
2454888.7535784724168479 14.2369471 0.0050287 0
2454888.7545165508054197 14.2248611 0.0050390 0
2454888.7554476852528751 14.2318907 0.0050321 0
2454888.7563805556856096 14.2252445 0.0050333 0
2454888.7573082176968455 14.2194843 0.0050259 0
2454888.7582358797080815 14.2328835 0.0050397 0
2454888.7591681713238358 14.2073698 0.0050233 0
2454888.7600981481373310 14.2291603 0.0050292 0
2454888.7610315973870456 14.2236748 0.0050270 0
2454888.7619598377496004 14.2220831 0.0050356 0
2454888.7628956018015742 14.2230110 0.0050425 0
2454888.7638631942681968 14.2178698 0.0050300 0
2454888.7647983795031905 14.2163162 0.0050420 0
2454888.7657763888128102 14.1983280 0.0050399 0
2454888.7667086804285645 14.2036819 0.0050360 0
2454888.7676403936930001 14.2377481 0.0051009 0
2454888.7685732636600733 14.2180882 0.0050384 0
2454888.7696270835585892 14.2076302 0.0050431 0
2454888.7705732639878988 14.2151175 0.0050389 0
2454888.7715084492228925 14.2076550 0.0050414 0
2454888.7724303239956498 14.2086411 0.0050456 0
2454888.7733620372600853 14.2155218 0.0050715 0
2454888.7743105324916542 14.2250080 0.0050460 0
2454888.7761843749321997 14.2104321 0.0070682 0
2454888.7771444446407259 14.2329359 0.0096735 0
2454888.7781050927005708 14.1103764 0.0123894 0
2454888.7790119214914739 14.1048441 0.0246010 0
2454888.7799465279094875 14.2313635366337 99 1
2454888.7809378472156823 14.2414999 0.0050611 0
2454888.7818875000812113 14.2306890 0.0051035 0
2454888.7828354164958000 14.2313635366337 99 1
2454888.7837873841635883 14.2313635366337 99 1
2454888.7847306714393198 14.2023134 0.0050443 0
2454888.7856895835138857 14.2195406 0.0050348 0
2454888.7866369211114943 14.2100563 0.0050337 0
2454888.7875900464132428 14.2292681 0.0050637 0
2454888.7885396992787719 14.2190151 0.0050424 0
2454888.7894795136526227 14.2177477 0.0050671 0
