0.985365853658537
2454887.7398140048608184 14.1708422 0.0040312 0
2454887.7406988427974284 14.1736898 0.0040399 0
2454887.7416172455996275 14.1673756 0.0040696 0
2454887.7425315971486270 14.1674824 0.0040563 0
2454887.7434355323202908 14.1676397 0.0040412 0
2454887.7444280092604458 14.1735573 0.0040537 0
2454887.7453365740366280 14.1737413 0.0040439 0
2454887.7462584492750466 14.1791868 0.0040437 0
2454887.7471716436557472 14.1745434 0.0040378 0
2454887.7480946760624647 14.1725445 0.0040258 0
2454887.7490032408386469 14.1642609 0.0040291 0
2454887.7499204860068858 14.1645937 0.0040582 0
2454887.7508365740068257 14.1754112 0.0040300 0
2454887.7517543979920447 14.1705589 0.0040290 0
2454887.7526531252078712 14.1602478 0.0040307 0
2454887.7535726851783693 14.1675310 0.0040205 0
2454887.7544905091635883 14.1632729 0.0040329 0
2454887.7554083331488073 14.1709547 0.0040375 0
2454887.7563325231894851 14.1744680 0.0040620 0
2454887.7572474535554647 14.1927328 0.0040704 0
2454887.7581785880029202 14.1850443 0.0040338 0
2454887.7590917823836207 14.1767826 0.0040515 0
2454887.7600171295925975 14.1623240 0.0040309 0
2454887.7618961804546416 14.1735659 0.0040280 0
2454887.7627902776002884 14.1702366 0.0041073 0
2454887.7637017359957099 14.1768103 0.0040289 0
2454887.7646328704431653 14.1645432 0.0040493 0
2454887.7655541668646038 14.1665564 0.0040363 0
2454887.7664656247943640 14.1778231 0.0040316 0
2454887.7674204860813916 14.1752834 0.0040329 0
2454887.7683498840779066 14.1695299 0.0040247 0
2454887.7693741898983717 14.1735382 0.0040287 0
2454887.7705530091188848 14.1682911 0.0040409 0
2454887.7714465279132128 14.1605558 0.0040426 0
2454887.7723736111074686 14.1672544 0.0040261 0
2454887.7732908562757075 14.1730833 0.0040356 0
2454887.7742555555887520 14.1746826 0.0040266 0
2454887.7751803239807487 14.1666203 0.0040278 0
2454887.7761074071750045 14.1833448 0.0040303 0
2454887.7770414352416992 14.1791706 0.0040458 0
2454887.7779604168608785 14.1695747 0.0040344 0
2454887.7788863424211740 14.1667204 0.0040479 0
2454887.7798122684471309 14.1762552 0.0040282 0
2454887.7807370368391275 14.1797457 0.0040481 0
2454887.7817167825996876 14.1684294 0.0040365 0
2454887.7835888890549541 14.1766281 0.0040874 0
2454887.7844922454096377 14.1812840 0.0050854 0
2454887.7854181714355946 14.1692944 0.0040298 0
2454887.7863481482490897 14.1784134 0.0040304 0
2454887.7872862266376615 14.1689987 0.0040414 0
2454887.7882127314805984 14.1746626 0.0040339 0
2454887.7891357638873160 14.1729345 0.0050330 0
2454887.7900576386600733 14.1689091 0.0050566 0
2454887.7909748842939734 14.1628618 0.0040508 0
2454887.7919089118950069 14.1604509 0.0050458 0
2454887.7928527779877186 14.1673908 0.0040471 0
2454887.7937896992079914 14.1684542 0.0040417 0
2454887.7947162035852671 14.1702871 0.0050314 0
2454887.7956571760587394 14.1741190 0.0050307 0
2454887.7965848380699754 14.1944885 0.0050437 0
2454887.7975275460630655 14.1720057 0.0050547 0
2454887.7985703703016043 14.1675158 0.0050402 0
2454887.7997063659131527 14.1799507 0.0050420 0
2454887.8006496527232230 14.1788597 0.0051573 0
2454887.8016322916373610 14.1878910 0.0050382 0
2454887.8026537038385868 14.1642380 0.0050296 0
2454887.8036947916261852 14.1658678 0.0050456 0
2454887.8047144678421319 14.1781673 0.0050500 0
2454887.8056924766860902 14.1825294 0.0050471 0
2454887.8066947916522622 14.1617479 0.0050450 0
2454887.8085750001482666 14.1839037 0.0050464 0
2454887.8095032409764826 14.1626482 0.0050368 0
2454887.8114725695922971 14.1682568 0.0050692 0
2454887.8123961803503335 14.1686077 0.0050456 0
2454887.8133319444023073 14.1713495 0.0050631 0
2454887.8142671296373010 14.1929398 0.0050564 0
2454887.8152069444768131 14.1779270 0.0050633 0
2454887.8161473381333053 14.1763725 0.0050624 0
2454887.8170964121818542 14.1824255 0.0050924 0
2454887.8191074072383344 14.1564198 0.0050497 0
2454887.8200408564880490 14.2006235 0.0061525 0
2454887.8209934029728174 14.1747150 0.0051528 0
2454887.8219609954394400 14.1653643 0.0050600 0
2454887.8229123842902482 14.1644669 0.0050725 0
2454887.8238782407715917 14.1816320 0.0060799 0
2454887.8248504628427327 14.1976681 0.0061404 0
2454887.8258990738540888 14.1899233 0.0071036 0
2454887.8268562499433756 14.1681013 0.0071879 0
2454887.8278082176111639 14.1909037 0.0060725 0
2454887.8287613424472511 14.1713600 0.0071443 0
2454887.8297381945885718 14.1573420 0.0060881 0
2454887.8306537037715316 14.1824474 0.0063086 0
2454887.8315848377533257 14.2044621 0.0070917 0
2454887.8325101854279637 14.1820650 0.0071459 0
2454887.8334546294063330 14.1988544 0.0075013 0
2454888.6674447916448116 14.1791887 0.0040550 0
2454888.6683608796447515 14.1810551 0.0040788 0
2454888.6692607640288770 14.1914377 0.0040646 0
2454888.6701681711710989 14.1789932 0.0040898 0
2454888.6710802083835006 14.1878710 0.0041092 0
2454888.6719829859212041 14.1828899 0.0040389 0
2454888.6729060183279216 14.1807652 0.0040546 0
2454888.6738012731075287 14.1830683 0.0040799 0
2454888.6747040511108935 14.1826668 0.0041119 0
2454888.6756184026598930 14.1796732 0.0040450 0
2454888.6765431715175509 14.1841993 0.0040529 0
2454888.6774395834654570 14.1827650 0.0040523 0
2454888.6895935186184943 14.1945066 0.0040228 0
2454888.6905084489844739 14.1843023 0.0040256 0
2454888.6914349538274109 14.1825466 0.0040303 0
2454888.6923412038013339 14.1748447 0.0040433 0
2454888.6932462961412966 14.1866560 0.0040278 0
2454888.6941357636824250 14.1864777 0.0040279 0
2454888.6950402776710689 14.1763048 0.0050208 0
2454888.6959453704766929 14.1761580 0.0040306 0
2454888.6968608796596527 14.1767540 0.0040260 0
2454888.7025194442830980 14.1817417 0.0060449 0
2454888.7034413195215166 14.1758633 0.0060378 0
2454888.7043498842976987 14.1910601 0.0060377 0
2454888.7072759261354804 14.1763229 0.0060336 0
2454888.7081872685812414 14.1667433 0.0060486 0
2454888.7090981481596828 14.1825714 0.0060484 0
2454888.7100136573426425 14.1865301 0.0070465 0
2454888.7109413193538785 14.1839390 0.0070507 0
2454888.7118799770250916 14.1759510 0.0070477 0
2454888.7128006946295500 14.1853781 0.0080553 0
2454888.7137162038125098 14.1770592 0.0070419 0
2454888.7146427081897855 14.1551046 0.0070748 0
2454888.7155553242191672 14.1679602 0.0071251 0
2454888.7165379631333053 14.1795292 0.0070349 0
2454888.7174476850777864 14.1793184 0.0070613 0
2454888.7183736111037433 14.1857443 0.0080415 0
2454888.7193006942979991 14.1703968 0.0070565 0
2454888.7211502315476537 14.1658525 0.0090881 0
2454888.7220478011295199 14.1751156 0.0120772 0
2454888.7229563659057021 14.1790810 0.0150766 0
2454888.7238770835101604 14.1778326 0.0231175 0
2454888.7247787038795650 14.1714983 0.0161007 0
2454888.7256785877980292 14.1566296 0.0100907 0
2454888.7266351850703359 14.1789560 0.0070331 0
2454888.7275616899132729 14.1832485 0.0070318 0
2454888.7284939815290272 14.1838045 0.0060345 0
2454888.7294222223572433 14.1987982 0.0060329 0
2454888.7312717591412365 14.1983070 0.0070458 0
2454888.7321843751706183 14.1879845 0.0060453 0
2454888.7331114583648741 14.1757030 0.0060273 0
2454888.7340130787342787 14.1891737 0.0050262 0
2454888.7349737267941236 14.1965504 0.0050270 0
2454888.7358950232155621 14.1758003 0.0060344 0
2454888.7368302084505558 14.1854029 0.0050750 0
2454888.7377503472380340 14.1859341 0.0050352 0
2454888.7386693288572133 14.1876831 0.0050468 0
2454888.7395883100107312 14.1868267 0.0050510 0
2454888.7405211804434657 14.1831741 0.0050218 0
2454888.7414523148909211 14.1972466 0.0050303 0
2454888.7423770832829177 14.1920862 0.0050377 0
2454888.7433151621371508 14.1765318 0.0050312 0
2454888.7442549769766629 14.1799116 0.0050230 0
2454888.7451936341822147 14.1675425 0.0050388 0
2454888.7461322918534279 14.1731386 0.0050378 0
2454888.7470535878092051 14.1749763 0.0050355 0
2454888.7479812498204410 14.1705008 0.0060528 0
2454888.7489129630848765 14.1771040 0.0050184 0
2454888.7498718751594424 14.1764212 0.0050294 0
2454888.7507966435514390 14.1939106 0.0050258 0
2454888.7517289351671934 14.1797066 0.0050252 0
2454888.7526432871818542 14.1745939 0.0050599 0
2454888.7535784724168479 14.1729469 0.0050287 0
2454888.7545165508054197 14.1738615 0.0050390 0
2454888.7554476852528751 14.1788902 0.0050321 0
2454888.7563805556856096 14.1812439 0.0050333 0
2454888.7573082176968455 14.1774845 0.0050259 0
2454888.7582358797080815 14.1868830 0.0050397 0
2454888.7591681713238358 14.1823702 0.0050233 0
2454888.7600981481373310 14.1871605 0.0050292 0
2454888.7610315973870456 14.1876745 0.0050270 0
2454888.7619598377496004 14.1950836 0.0050356 0
2454888.7628956018015742 14.1760111 0.0050425 0
2454888.7638631942681968 14.1808701 0.0050300 0
2454888.7647983795031905 14.1903162 0.0050420 0
2454888.7657763888128102 14.1973286 0.0050399 0
2454888.7667086804285645 14.1926823 0.0050360 0
2454888.7676403936930001 14.1847477 0.0051009 0
2454888.7685732636600733 14.1770878 0.0050384 0
2454888.7696270835585892 14.1786289 0.0050431 0
2454888.7705732639878988 14.1851177 0.0050389 0
2454888.7715084492228925 14.1946545 0.0050414 0
2454888.7724303239956498 14.1826410 0.0050456 0
2454888.7733620372600853 14.1715221 0.0060597 0
2454888.7743105324916542 14.1830082 0.0050460 0
2454888.7761843749321997 14.1944323 0.0080598 0
2454888.7771444446407259 14.2059355 0.0096735 0
2454888.7781050927005708 14.2733765 0.0153133 0
2454888.7790119214914739 14.2748442 0.0294993 0
2454888.7799465279094875 14.179086290099 99 1
2454888.7809378472156823 14.1675005 0.0050611 0
2454888.7818875000812113 14.1966896 0.0051035 0
2454888.7828354164958000 14.179086290099 99 1
2454888.7837873841635883 14.179086290099 99 1
2454888.7847306714393198 14.1873131 0.0050443 0
2454888.7856895835138857 14.1855412 0.0050348 0
2454888.7866369211114943 14.1870565 0.0050337 0
2454888.7875900464132428 14.1832676 0.0050637 0
2454888.7885396992787719 14.1720142 0.0050424 0
2454888.7894795136526227 14.1887484 0.0050671 0
