0.809756097560976
2454887.7398140048608184 15.6628418 0.0080156 0
2454887.7406988427974284 15.6516905 0.0080200 0
2454887.7416172455996275 15.6593752 0.0090311 0
2454887.7425315971486270 15.6624823 0.0090251 0
2454887.7434355323202908 15.6776390 0.0090184 0
2454887.7444280092604458 15.6735573 0.0090240 0
2454887.7453365740366280 15.6707411 0.0090196 0
2454887.7462584492750466 15.6721869 0.0090195 0
2454887.7471716436557472 15.6585426 0.0080190 0
2454887.7480946760624647 15.6605453 0.0090115 0
2454887.7490032408386469 15.6592607 0.0090130 0
2454887.7499204860068858 15.6755943 0.0090260 0
2454887.7508365740068257 15.6694117 0.0090134 0
2454887.7517543979920447 15.6425591 0.0090129 0
2454887.7526531252078712 15.6632471 0.0090137 0
2454887.7535726851783693 15.6795311 0.0090091 0
2454887.7544905091635883 15.6722727 0.0090147 0
2454887.7554083331488073 15.6639547 0.0090167 0
2454887.7563325231894851 15.6714678 0.0090277 0
2454887.7572474535554647 15.6757326 0.0090315 0
2454887.7581785880029202 15.6640444 0.0090151 0
2454887.7590917823836207 15.6847820 0.0090230 0
2454887.7600171295925975 15.6723242 0.0090138 0
2454887.7618961804546416 15.6515665 0.0090125 0
2454887.7627902776002884 15.6792364 0.0090482 0
2454887.7637017359957099 15.6538105 0.0090129 0
2454887.7646328704431653 15.6505432 0.0090220 0
2454887.7655541668646038 15.6635561 0.0090162 0
2454887.7664656247943640 15.6698227 0.0100127 0
2454887.7674204860813916 15.6762838 0.0090147 0
2454887.7683498840779066 15.6655293 0.0090110 0
2454887.7693741898983717 15.6745386 0.0100115 0
2454887.7705530091188848 15.6722908 0.0090182 0
2454887.7714465279132128 15.6755552 0.0100171 0
2454887.7723736111074686 15.6542549 0.0100105 0
2454887.7732908562757075 15.6600838 0.0090159 0
2454887.7742555555887520 15.6616821 0.0090119 0
2454887.7751803239807487 15.7016201 0.0100111 0
2454887.7761074071750045 15.6733456 0.0100122 0
2454887.7770414352416992 15.6851702 0.0100184 0
2454887.7779604168608785 15.6795740 0.0090153 0
2454887.7788863424211740 15.6627207 0.0100193 0
2454887.7798122684471309 15.6562557 0.0090126 0
2454887.7807370368391275 15.6767464 0.0100193 0
2454887.7817167825996876 15.6724291 0.0100147 0
2454887.7835888890549541 15.7016277 0.0110321 0
2454887.7844922454096377 15.6742840 0.0110391 0
2454887.7854181714355946 15.6442947 0.0100120 0
2454887.7863481482490897 15.6594133 0.0090136 0
2454887.7872862266376615 15.6669989 0.0100166 0
2454887.7882127314805984 15.6676626 0.0100136 0
2454887.7891357638873160 15.6339350 0.0120138 0
2454887.7900576386600733 15.6479092 0.0130219 0
2454887.7909748842939734 15.6558619 0.0100204 0
2454887.7919089118950069 15.6744518 0.0110209 0
2454887.7928527779877186 15.6503906 0.0100189 0
2454887.7937896992079914 15.6764555 0.0110152 0
2454887.7947162035852671 15.6462870 0.0110143 0
2454887.7956571760587394 15.6561193 0.0120128 0
2454887.7965848380699754 15.6354885 0.0110200 0
2454887.7975275460630655 15.6420050 0.0110249 0
2454887.7985703703016043 15.6695156 0.0120168 0
2454887.7997063659131527 15.6359510 0.0110192 0
2454887.8006496527232230 15.6758595 0.0120664 0
2454887.8016322916373610 15.6898909 0.0110174 0
2454887.8026537038385868 15.6672382 0.0110135 0
2454887.8036947916261852 15.6998682 0.0120191 0
2454887.8047144678421319 15.6671677 0.0120209 0
2454887.8056924766860902 15.6765289 0.0120197 0
2454887.8066947916522622 15.6267481 0.0120188 0
2454887.8085750001482666 15.6589041 0.0120194 0
2454887.8095032409764826 15.6606483 0.0110168 0
2454887.8114725695922971 15.6322565 0.0120290 0
2454887.8123961803503335 15.6466084 0.0120191 0
2454887.8133319444023073 15.6463490 0.0120264 0
2454887.8142671296373010 15.6539402 0.0130218 0
2454887.8152069444768131 15.6589270 0.0130245 0
2454887.8161473381333053 15.6573725 0.0130241 0
2454887.8170964121818542 15.6524258 0.0130358 0
2454887.8191074072383344 15.6474199 0.0130192 0
2454887.8200408564880490 15.6446238 0.0140660 0
2454887.8209934029728174 15.6937141 0.0140553 0
2454887.8219609954394400 15.6533632 0.0130232 0
2454887.8229123842902482 15.6654673 0.0130281 0
2454887.8238782407715917 15.6306324 0.0140344 0
2454887.8248504628427327 15.5666685 0.0150567 0
2454887.8258990738540888 15.6575372319277 99 1
2454887.8268562499433756 15.6575372319277 99 1
2454887.8278082176111639 15.6159029 0.0150291 0
2454887.8287613424472511 15.6523600 0.0180566 0
2454887.8297381945885718 15.6893415 0.0190280 0
2454887.8306537037715316 15.8234472 0.0200947 0
2454887.8315848377533257 15.6564617 0.0200323 0
2454887.8325101854279637 15.6820650 0.0200515 0
2454887.8334546294063330 15.7508545 0.0211724 0
2454888.6674447916448116 15.6575372319277 99 1
2454888.6683608796447515 15.6575372319277 99 1
2454888.6692607640288770 15.6575372319277 99 1
2454888.6701681711710989 15.6575372319277 99 1
2454888.6710802083835006 15.6575372319277 99 1
2454888.6719829859212041 15.6575372319277 99 1
2454888.6729060183279216 15.6575372319277 99 1
2454888.6738012731075287 15.6575372319277 99 1
2454888.6747040511108935 15.6575372319277 99 1
2454888.6756184026598930 15.6575372319277 99 1
2454888.6765431715175509 15.6575372319277 99 1
2454888.6774395834654570 15.6575372319277 99 1
2454888.6895935186184943 15.6575372319277 99 1
2454888.6905084489844739 15.6575372319277 99 1
2454888.6914349538274109 15.6575372319277 99 1
2454888.6923412038013339 15.6575372319277 99 1
2454888.6932462961412966 15.6575372319277 99 1
2454888.6941357636824250 15.6575372319277 99 1
2454888.6950402776710689 15.6575372319277 99 1
2454888.6959453704766929 15.6575372319277 99 1
2454888.6968608796596527 15.6575372319277 99 1
2454888.7025194442830980 15.6575372319277 99 1
2454888.7034413195215166 15.6575372319277 99 1
2454888.7043498842976987 15.6575372319277 99 1
2454888.7072759261354804 15.6575372319277 99 1
2454888.7081872685812414 15.6575372319277 99 1
2454888.7090981481596828 15.6575372319277 99 1
2454888.7100136573426425 15.6575372319277 99 1
2454888.7109413193538785 15.6575372319277 99 1
2454888.7118799770250916 15.6575372319277 99 1
2454888.7128006946295500 15.6575372319277 99 1
2454888.7137162038125098 15.6575372319277 99 1
2454888.7146427081897855 15.6575372319277 99 1
2454888.7155553242191672 15.6949606 0.0200441 0
2454888.7165379631333053 15.6965284 0.0180136 0
2454888.7174476850777864 15.6143188 0.0180239 0
2454888.7183736111037433 15.5787449 0.0200166 0
2454888.7193006942979991 15.5763969 0.0180221 0
2454888.7211502315476537 15.5378523 0.0240332 0
2454888.7220478011295199 15.6051159 0.0340273 0
2454888.7229563659057021 15.7450819 0.0500230 0
2454888.7238770835101604 15.8718328 0.1040261 0
2454888.7247787038795650 15.6914988 0.0560288 0
2454888.7256785877980292 15.6456299 0.0310294 0
2454888.7266351850703359 15.6529560 0.0190122 0
2454888.7275616899132729 15.6402483 0.0170131 0
2454888.7284939815290272 15.6428041 0.0150138 0
2454888.7294222223572433 15.6517982 0.0150132 0
2454888.7312717591412365 15.6213064 0.0160201 0
2454888.7321843751706183 15.6459846 0.0150182 0
2454888.7331114583648741 15.6477032 0.0140117 0
2454888.7340130787342787 15.6661739 0.0130101 0
2454888.7349737267941236 15.6645498 0.0120113 0
2454888.7358950232155621 15.6548004 0.0130159 0
2454888.7368302084505558 15.6104031 0.0120314 0
2454888.7377503472380340 15.6379347 0.0110160 0
2454888.7386693288572133 15.6426830 0.0120196 0
2454888.7395883100107312 15.6348267 0.0110233 0
2454888.7405211804434657 15.6511745 0.0110099 0
2454888.7414523148909211 15.6562471 0.0110138 0
2454888.7423770832829177 15.6720867 0.0110172 0
2454888.7433151621371508 15.6315317 0.0110142 0
2454888.7442549769766629 15.6389112 0.0110105 0
2454888.7451936341822147 15.6555424 0.0120162 0
2454888.7461322918534279 15.6701384 0.0120158 0
2454888.7470535878092051 15.6369772 0.0100178 0
2454888.7479812498204410 15.6505003 0.0130245 0
2454888.7489129630848765 15.6301041 0.0110084 0
2454888.7498718751594424 15.6584206 0.0110134 0
2454888.7507966435514390 15.6479111 0.0110118 0
2454888.7517289351671934 15.6547070 0.0110115 0
2454888.7526432871818542 15.6475945 0.0130231 0
2454888.7535784724168479 15.6629467 0.0110131 0
2454888.7545165508054197 15.6728611 0.0120163 0
2454888.7554476852528751 15.6358900 0.0110146 0
2454888.7563805556856096 15.6522446 0.0110152 0
2454888.7573082176968455 15.6594839 0.0110118 0
2454888.7582358797080815 15.6398830 0.0110181 0
2454888.7591681713238358 15.6553698 0.0110106 0
2454888.7600981481373310 15.6421604 0.0110133 0
2454888.7610315973870456 15.6406746 0.0110123 0
2454888.7619598377496004 15.6380835 0.0110162 0
2454888.7628956018015742 15.6510115 0.0110194 0
2454888.7638631942681968 15.6518698 0.0120125 0
2454888.7647983795031905 15.6243162 0.0110191 0
2454888.7657763888128102 15.6313286 0.0110182 0
2454888.7667086804285645 15.6266823 0.0120150 0
2454888.7676403936930001 15.6357479 0.0110462 0
2454888.7685732636600733 15.6520882 0.0110175 0
2454888.7696270835585892 15.6656303 0.0120180 0
2454888.7705732639878988 15.6321182 0.0120162 0
2454888.7715084492228925 15.6606550 0.0120173 0
2454888.7724303239956498 15.6486416 0.0130176 0
2454888.7733620372600853 15.6225224 0.0130276 0
2454888.7743105324916542 15.6360083 0.0120192 0
2454888.7761843749321997 15.6834326 0.0210228 0
2454888.7771444446407259 15.6689358 0.0272319 0
2454888.7781050927005708 15.6563759 0.0441078 0
2454888.7790119214914739 15.6575372319277 99 1
2454888.7799465279094875 15.6575372319277 99 1
2454888.7809378472156823 15.6425009 0.0110279 0
2454888.7818875000812113 15.6206894 0.0110474 0
2454888.7828354164958000 15.6575372319277 99 1
2454888.7837873841635883 15.6575372319277 99 1
2454888.7847306714393198 15.6543131 0.0110202 0
2454888.7856895835138857 15.6415405 0.0110159 0
2454888.7866369211114943 15.6530561 0.0110154 0
2454888.7875900464132428 15.6172676 0.0100320 0
2454888.7885396992787719 15.6340151 0.0110193 0
2454888.7894795136526227 15.6247482 0.0110307 0
