0.463414634146341
2454887.7398140048608184 17.9208412 0.0370034 0
2454887.7406988427974284 17.9116898 0.0350046 0
2454887.7416172455996275 17.9173756 0.0380074 0
2454887.7425315971486270 17.8924828 0.0370061 0
2454887.7434355323202908 17.9416389 0.0360046 0
2454887.7444280092604458 17.8925591 0.0380057 0
2454887.7453365740366280 17.9267406 0.0370048 0
2454887.7462584492750466 17.8881874 0.0370048 0
2454887.7471716436557472 17.8945446 0.0370041 0
2454887.7480946760624647 17.9005451 0.0380027 0
2454887.7490032408386469 17.9372616 0.0380031 0
2454887.7499204860068858 17.9075947 0.0380062 0
2454887.7508365740068257 17.8914108 0.0360033 0
2454887.7517543979920447 17.8775597 0.0370031 0
2454887.7526531252078712 17.8452492 0.0370033 0
2454887.7535726851783693 17.8995285 0.0390021 0
2454887.7544905091635883 17.8802719 0.0370036 0
2454887.7554083331488073 17.8789558 0.0410037 0
2454887.7563325231894851 17.9024677 0.0380066 0
2454887.7572474535554647 17.9407330 0.0440065 0
2454887.7581785880029202 17.9190445 0.0410033 0
2454887.7590917823836207 17.9517841 0.0450046 0
2454887.7600171295925975 17.9493237 0.0410030 0
2454887.7618961804546416 17.8375664 0.0380030 0
2454887.7627902776002884 17.8722363 0.0380114 0
2454887.7637017359957099 17.9288101 0.0410028 0
2454887.7646328704431653 17.9335442 0.0410048 0
2454887.7655541668646038 17.9045582 0.0430034 0
2454887.7664656247943640 17.9068222 0.0440029 0
2454887.7674204860813916 17.8592834 0.0450029 0
2454887.7683498840779066 17.8765278 0.0430023 0
2454887.7693741898983717 17.8425388 0.0450026 0
2454887.7705530091188848 17.8882904 0.0450037 0
2454887.7714465279132128 17.8775539 0.0420041 0
2454887.7723736111074686 17.8372555 0.0450023 0
2454887.7732908562757075 17.9510841 0.0460031 0
2454887.7742555555887520 17.9256821 0.0460023 0
2454887.7751803239807487 17.8536186 0.0460024 0
2454887.7761074071750045 17.8783455 0.0460026 0
2454887.7770414352416992 17.9261723 0.0490038 0
2454887.7779604168608785 17.9035740 0.0440031 0
2454887.7788863424211740 17.9447212 0.0460042 0
2454887.7798122684471309 17.9152565 0.0440026 0
2454887.7807370368391275 17.9457474 0.0460042 0
2454887.7817167825996876 17.9294300 0.0490030 0
2454887.7835888890549541 17.9616299 0.0580061 0
2454887.7844922454096377 17.9157596621053 99 1
2454887.7854181714355946 17.9052963 0.0490024 0
2454887.7863481482490897 17.8834152 0.0480025 0
2454887.7872862266376615 17.9149990 0.0520032 0
2454887.7882127314805984 17.9496632 0.0560024 0
2454887.7891357638873160 17.9157596621053 99 1
2454887.7900576386600733 17.9539089 0.0810035 0
2454887.7909748842939734 17.7708607 0.0500041 0
2454887.7919089118950069 17.9157596621053 99 1
2454887.7928527779877186 17.9953918 0.0620031 0
2454887.7937896992079914 17.8574562 0.0550030 0
2454887.7947162035852671 17.9092884 0.0600026 0
2454887.7956571760587394 17.9401188 0.0750021 0
2454887.7965848380699754 17.8214893 0.0560039 0
2454887.7975275460630655 17.9590054 0.0590047 0
2454887.7985703703016043 18.0085163 0.0710028 0
2454887.7997063659131527 17.9049511 0.0620034 0
2454887.8006496527232230 17.9928570 0.0680118 0
2454887.8016322916373610 17.9157596621053 99 1
2454887.8026537038385868 17.9157596621053 99 1
2454887.8036947916261852 17.8648682 0.0670034 0
2454887.8047144678421319 17.9281673 0.0700036 0
2454887.8056924766860902 17.9157596621053 99 1
2454887.8066947916522622 17.9157596621053 99 1
2454887.8085750001482666 17.9157596621053 99 1
2454887.8095032409764826 17.9157596621053 99 1
2454887.8114725695922971 17.9762554 0.0800044 0
2454887.8123961803503335 17.9157596621053 99 1
2454887.8133319444023073 17.8463497 0.0660048 0
2454887.8142671296373010 17.9157596621053 99 1
2454887.8152069444768131 17.9157596621053 99 1
2454887.8161473381333053 17.9157596621053 99 1
2454887.8170964121818542 17.9157596621053 99 1
2454887.8191074072383344 17.9157596621053 99 1
2454887.8200408564880490 17.9157596621053 99 1
2454887.8209934029728174 17.9157596621053 99 1
2454887.8219609954394400 17.9157596621053 99 1
2454887.8229123842902482 17.9157596621053 99 1
2454887.8238782407715917 17.9157596621053 99 1
2454887.8248504628427327 17.9157596621053 99 1
2454887.8258990738540888 17.9157596621053 99 1
2454887.8268562499433756 17.9157596621053 99 1
2454887.8278082176111639 17.9157596621053 99 1
2454887.8287613424472511 17.9157596621053 99 1
2454887.8297381945885718 17.9157596621053 99 1
2454887.8306537037715316 17.9157596621053 99 1
2454887.8315848377533257 17.9157596621053 99 1
2454887.8325101854279637 17.9157596621053 99 1
2454887.8334546294063330 17.9157596621053 99 1
2454888.6674447916448116 17.9157596621053 99 1
2454888.6683608796447515 17.9157596621053 99 1
2454888.6692607640288770 17.9157596621053 99 1
2454888.6701681711710989 17.9157596621053 99 1
2454888.6710802083835006 17.9157596621053 99 1
2454888.6719829859212041 17.9157596621053 99 1
2454888.6729060183279216 17.9157596621053 99 1
2454888.6738012731075287 17.9157596621053 99 1
2454888.6747040511108935 17.9157596621053 99 1
2454888.6756184026598930 17.9157596621053 99 1
2454888.6765431715175509 17.9157596621053 99 1
2454888.6774395834654570 17.9157596621053 99 1
2454888.6895935186184943 17.9157596621053 99 1
2454888.6905084489844739 17.9157596621053 99 1
2454888.6914349538274109 17.9157596621053 99 1
2454888.6923412038013339 17.9157596621053 99 1
2454888.6932462961412966 17.9157596621053 99 1
2454888.6941357636824250 17.9157596621053 99 1
2454888.6950402776710689 17.9157596621053 99 1
2454888.6959453704766929 17.9157596621053 99 1
2454888.6968608796596527 17.9157596621053 99 1
2454888.7025194442830980 17.9157596621053 99 1
2454888.7034413195215166 17.9157596621053 99 1
2454888.7043498842976987 17.9157596621053 99 1
2454888.7072759261354804 17.9157596621053 99 1
2454888.7081872685812414 17.9157596621053 99 1
2454888.7090981481596828 17.9157596621053 99 1
2454888.7100136573426425 17.9157596621053 99 1
2454888.7109413193538785 17.9157596621053 99 1
2454888.7118799770250916 17.9157596621053 99 1
2454888.7128006946295500 17.9157596621053 99 1
2454888.7137162038125098 17.9157596621053 99 1
2454888.7146427081897855 17.9157596621053 99 1
2454888.7155553242191672 17.9157596621053 99 1
2454888.7165379631333053 17.9705296 0.1250020 0
2454888.7174476850777864 17.9157596621053 99 1
2454888.7183736111037433 17.9157596621053 99 1
2454888.7193006942979991 17.9157596621053 99 1
2454888.7211502315476537 17.9157596621053 99 1
2454888.7220478011295199 17.9157596621053 99 1
2454888.7229563659057021 17.9157596621053 99 1
2454888.7238770835101604 17.9157596621053 99 1
2454888.7247787038795650 17.9157596621053 99 1
2454888.7256785877980292 17.9157596621053 99 1
2454888.7266351850703359 17.9157596621053 99 1
2454888.7275616899132729 17.9157596621053 99 1
2454888.7284939815290272 17.9157596621053 99 1
2454888.7294222223572433 17.9157596621053 99 1
2454888.7312717591412365 17.9157596621053 99 1
2454888.7321843751706183 17.9157596621053 99 1
2454888.7331114583648741 17.8357048 0.0770021 0
2454888.7340130787342787 17.9157596621053 99 1
2454888.7349737267941236 17.9995499 0.0760018 0
2454888.7358950232155621 17.9157596621053 99 1
2454888.7368302084505558 17.9157596621053 99 1
2454888.7377503472380340 17.9157596621053 99 1
2454888.7386693288572133 17.9157596621053 99 1
2454888.7395883100107312 17.9518280 0.0630041 0
2454888.7405211804434657 17.8771744 0.0630017 0
2454888.7414523148909211 17.9042473 0.0580026 0
2454888.7423770832829177 17.9230862 0.0630030 0
2454888.7433151621371508 17.9425316 0.0610026 0
2454888.7442549769766629 17.8839111 0.0560021 0
2454888.7451936341822147 17.9157596621053 99 1
2454888.7461322918534279 18.0201359 0.0800024 0
2454888.7470535878092051 17.9157596621053 99 1
2454888.7479812498204410 17.9157596621053 99 1
2454888.7489129630848765 17.9561062 0.0590016 0
2454888.7498718751594424 18.1024208 0.0800018 0
2454888.7507966435514390 17.8269119 0.0570023 0
2454888.7517289351671934 17.9577065 0.0620020 0
2454888.7526432871818542 17.9157596621053 99 1
2454888.7535784724168479 17.9157596621053 99 1
2454888.7545165508054197 17.8978615 0.0720027 0
2454888.7554476852528751 17.8538914 0.0540030 0
2454888.7563805556856096 18.0092449 0.0640026 0
2454888.7573082176968455 17.9157596621053 99 1
2454888.7582358797080815 17.9157596621053 99 1
2454888.7591681713238358 17.8703690 0.0570020 0
2454888.7600981481373310 17.9157596621053 99 1
2454888.7610315973870456 17.9226742 0.0560024 0
2454888.7619598377496004 17.9840832 0.0650027 0
2454888.7628956018015742 17.9157596621053 99 1
2454888.7638631942681968 17.9157596621053 99 1
2454888.7647983795031905 17.9157596621053 99 1
2454888.7657763888128102 18.0023270 0.0650031 0
2454888.7667086804285645 17.9386806 0.0710026 0
2454888.7676403936930001 17.9487495 0.0660077 0
2454888.7685732636600733 17.9850883 0.0650030 0
2454888.7696270835585892 17.9646301 0.0760028 0
2454888.7705732639878988 17.9157596621053 99 1
2454888.7715084492228925 17.9157596621053 99 1
2454888.7724303239956498 17.9157596621053 99 1
2454888.7733620372600853 17.9157596621053 99 1
2454888.7743105324916542 17.9157596621053 99 1
2454888.7761843749321997 17.9157596621053 99 1
2454888.7771444446407259 17.9157596621053 99 1
2454888.7781050927005708 17.9157596621053 99 1
2454888.7790119214914739 17.9157596621053 99 1
2454888.7799465279094875 17.9157596621053 99 1
2454888.7809378472156823 17.9265003 0.0620050 0
2454888.7818875000812113 17.8966904 0.0610086 0
2454888.7828354164958000 17.9157596621053 99 1
2454888.7837873841635883 17.9157596621053 99 1
2454888.7847306714393198 17.8933125 0.0610036 0
2454888.7856895835138857 17.9157596621053 99 1
2454888.7866369211114943 17.8920555 0.0600028 0
2454888.7875900464132428 17.9082680 0.0570056 0
2454888.7885396992787719 17.9157596621053 99 1
2454888.7894795136526227 17.9157596621053 99 1
