0.91219512195122
2454887.7398140048608184 17.0218410 0.0190066 0
2454887.7406988427974284 17.0666885 0.0200080 0
2454887.7416172455996275 17.0533772 0.0200140 0
2454887.7425315971486270 17.0324841 0.0200113 0
2454887.7434355323202908 17.0136375 0.0200083 0
2454887.7444280092604458 17.0325603 0.0200108 0
2454887.7453365740366280 17.0537415 0.0200088 0
2454887.7462584492750466 17.0321865 0.0200088 0
2454887.7471716436557472 17.0395432 0.0200076 0
2454887.7480946760624647 17.0255451 0.0200052 0
2454887.7490032408386469 17.0312614 0.0200058 0
2454887.7499204860068858 17.0515957 0.0210112 0
2454887.7508365740068257 17.0224113 0.0200060 0
2454887.7517543979920447 17.0175591 0.0200058 0
2454887.7526531252078712 17.0512486 0.0210059 0
2454887.7535726851783693 17.0505295 0.0210039 0
2454887.7544905091635883 17.0092735 0.0200066 0
2454887.7554083331488073 17.0109558 0.0220068 0
2454887.7563325231894851 17.0144672 0.0200125 0
2454887.7572474535554647 17.0327339 0.0220129 0
2454887.7581785880029202 17.0310440 0.0220062 0
2454887.7590917823836207 17.0317841 0.0230090 0
2454887.7600171295925975 17.0353222 0.0210059 0
2454887.7618961804546416 17.0085678 0.0210054 0
2454887.7627902776002884 17.0512352 0.0210207 0
2454887.7637017359957099 17.0478096 0.0210055 0
2454887.7646328704431653 17.0195446 0.0210094 0
2454887.7655541668646038 17.0165577 0.0220066 0
2454887.7664656247943640 17.0208225 0.0230055 0
2454887.7674204860813916 17.0162830 0.0240055 0
2454887.7683498840779066 17.0505276 0.0230043 0
2454887.7693741898983717 17.0555382 0.0250046 0
2454887.7705530091188848 17.0312901 0.0240068 0
2454887.7714465279132128 17.0005550 0.0220078 0
2454887.7723736111074686 17.0202541 0.0240044 0
2454887.7732908562757075 17.0320854 0.0240060 0
2454887.7742555555887520 16.9796810 0.0230046 0
2454887.7751803239807487 17.0016193 0.0240046 0
2454887.7761074071750045 17.0113449 0.0240051 0
2454887.7770414352416992 17.0211697 0.0240077 0
2454887.7779604168608785 17.0115738 0.0230060 0
2454887.7788863424211740 17.0207195 0.0230084 0
2454887.7798122684471309 16.9882565 0.0220051 0
2454887.7807370368391275 17.0157471 0.0230084 0
2454887.7817167825996876 17.0374298 0.0250059 0
2454887.7835888890549541 17.0906296 0.0290122 0
2454887.7844922454096377 17.0512848 0.0280154 0
2454887.7854181714355946 17.0362930 0.0250048 0
2454887.7863481482490897 17.0634136 0.0250049 0
2454887.7872862266376615 17.0049992 0.0250067 0
2454887.7882127314805984 17.0486641 0.0280049 0
2454887.7891357638873160 16.9999332 0.0330050 0
2454887.7900576386600733 17.0269089 0.0370077 0
2454887.7909748842939734 17.0148621 0.0270076 0
2454887.7919089118950069 17.0644531 0.0300077 0
2454887.7928527779877186 17.0323906 0.0270070 0
2454887.7937896992079914 17.0294552 0.0290058 0
2454887.7947162035852671 17.0192890 0.0300052 0
2454887.7956571760587394 17.0431175 0.0350044 0
2454887.7965848380699754 17.0604877 0.0300073 0
2454887.7975275460630655 17.0970058 0.0310089 0
2454887.7985703703016043 17.0465145 0.0320063 0
2454887.7997063659131527 16.9959526 0.0310068 0
2454887.8006496527232230 17.0098572 0.0300266 0
2454887.8016322916373610 17.0148907 0.0310062 0
2454887.8026537038385868 17.0272388 0.0310048 0
2454887.8036947916261852 17.1158676 0.0360064 0
2454887.8047144678421319 17.0891685 0.0350072 0
2454887.8056924766860902 17.1035290 0.0350068 0
2454887.8066947916522622 17.0537472 0.0360063 0
2454887.8085750001482666 16.9959030 0.0350067 0
2454887.8095032409764826 16.9926472 0.0300062 0
2454887.8114725695922971 16.9642582 0.0340103 0
2454887.8123961803503335 17.0176086 0.0370062 0
2454887.8133319444023073 17.0183506 0.0340093 0
2454887.8142671296373010 17.0219402 0.0380075 0
2454887.8152069444768131 17.0459270 0.0370086 0
2454887.8161473381333053 17.0673733 0.0410077 0
2454887.8170964121818542 17.0184269 0.0410114 0
2454887.8191074072383344 17.0564194 0.0410061 0
2454887.8200408564880490 16.9966240 0.0430215 0
2454887.8209934029728174 17.0787125 0.0450172 0
2454887.8219609954394400 17.0153637 0.0400075 0
2454887.8229123842902482 16.9904671 0.0380096 0
2454887.8238782407715917 17.0356312 0.0440110 0
2454887.8248504628427327 16.9956684 0.0470181 0
2454887.8258990738540888 17.0459251 0.0600122 0
2454887.8268562499433756 17.0450993 0.0540247 0
2454887.8278082176111639 17.0649033 0.0500088 0
2454887.8287613424472511 17.0393600 0.0590173 0
2454887.8297381945885718 17.1113415 0.0600089 0
2454887.8306537037715316 17.0644474 0.0580327 0
2454887.8315848377533257 17.0329953347594 99 1
2454887.8325101854279637 17.0329953347594 99 1
2454887.8334546294063330 17.1788540 0.0640568 0
2454888.6674447916448116 16.9891891 0.0220101 0
2454888.6683608796447515 16.9830532 0.0200159 0
2454888.6692607640288770 17.0204391 0.0210124 0
2454888.6701681711710989 17.0069923 0.0210173 0
2454888.6710802083835006 17.0098724 0.0210211 0
2454888.6719829859212041 17.0278893 0.0210074 0
2454888.6729060183279216 17.0597649 0.0230096 0
2454888.6738012731075287 17.0170689 0.0200161 0
2454888.6747040511108935 17.0196686 0.0220206 0
2454888.6756184026598930 16.9826717 0.0190095 0
2454888.6765431715175509 17.0221996 0.0210101 0
2454888.6774395834654570 17.0517635 0.0200105 0
2454888.6895935186184943 17.0165062 0.0210044 0
2454888.6905084489844739 17.0223026 0.0200051 0
2454888.6914349538274109 17.0085468 0.0200061 0
2454888.6923412038013339 17.0218430 0.0230076 0
2454888.6932462961412966 17.0276566 0.0230049 0
2454888.6941357636824250 17.0014782 0.0240047 0
2454888.6950402776710689 16.9773045 0.0240043 0
2454888.6959453704766929 17.0171585 0.0250049 0
2454888.6968608796596527 17.0217533 0.0230045 0
2454888.7025194442830980 16.9977417 0.0400068 0
2454888.7034413195215166 17.0908642 0.0470048 0
2454888.7043498842976987 17.0580597 0.0480047 0
2454888.7072759261354804 17.0933247 0.0450045 0
2454888.7081872685812414 17.0597439 0.0450065 0
2454888.7090981481596828 17.0175724 0.0480061 0
2454888.7100136573426425 16.9915295 0.0580056 0
2454888.7109413193538785 16.9809380 0.0540066 0
2454888.7118799770250916 17.0589523 0.0560060 0
2454888.7128006946295500 17.0329953347594 99 1
2454888.7137162038125098 17.0290585 0.0590050 0
2454888.7146427081897855 16.9291039 0.0500105 0
2454888.7155553242191672 17.0079594 0.0590150 0
2454888.7165379631333053 16.9855289 0.0520047 0
2454888.7174476850777864 16.9703178 0.0570076 0
2454888.7183736111037433 16.9097462 0.0640052 0
2454888.7193006942979991 17.0323963 0.0600066 0
2454888.7211502315476537 17.0329953347594 99 1
2454888.7220478011295199 17.0329953347594 99 1
2454888.7229563659057021 17.0329953347594 99 1
2454888.7238770835101604 17.0329953347594 99 1
2454888.7247787038795650 17.0329953347594 99 1
2454888.7256785877980292 17.0329953347594 99 1
2454888.7266351850703359 17.0489559 0.0610038 0
2454888.7275616899132729 17.0842476 0.0540041 0
2454888.7284939815290272 17.0338058 0.0430048 0
2454888.7294222223572433 17.0377979 0.0460043 0
2454888.7312717591412365 17.0903072 0.0520062 0
2454888.7321843751706183 16.9839840 0.0440062 0
2454888.7331114583648741 17.0877037 0.0400041 0
2454888.7340130787342787 17.0261726 0.0360037 0
2454888.7349737267941236 17.0605507 0.0360038 0
2454888.7358950232155621 17.0537987 0.0390053 0
2454888.7368302084505558 17.1154022 0.0370102 0
2454888.7377503472380340 17.0849342 0.0340052 0
2454888.7386693288572133 17.0936832 0.0360065 0
2454888.7395883100107312 17.0588284 0.0320080 0
2454888.7405211804434657 17.0541744 0.0310035 0
2454888.7414523148909211 17.0082474 0.0290052 0
2454888.7423770832829177 17.0510864 0.0320059 0
2454888.7433151621371508 17.0495319 0.0300052 0
2454888.7442549769766629 17.0749111 0.0310037 0
2454888.7451936341822147 17.0285435 0.0340057 0
2454888.7461322918534279 17.0731373 0.0370051 0
2454888.7470535878092051 17.0579777 0.0290061 0
2454888.7479812498204410 17.1285000 0.0430074 0
2454888.7489129630848765 17.0581055 0.0290032 0
2454888.7498718751594424 17.0504208 0.0320046 0
2454888.7507966435514390 17.0529118 0.0310042 0
2454888.7517289351671934 17.0317078 0.0310041 0
2454888.7526432871818542 17.0329953347594 99 1
2454888.7535784724168479 17.0579453 0.0310046 0
2454888.7545165508054197 16.9798622 0.0340058 0
2454888.7554476852528751 17.0628929 0.0280058 0
2454888.7563805556856096 17.0262432 0.0280060 0
2454888.7573082176968455 17.0644836 0.0300043 0
2454888.7582358797080815 17.0798855 0.0310064 0
2454888.7591681713238358 17.0063686 0.0290040 0
2454888.7600981481373310 17.0241623 0.0310047 0
2454888.7610315973870456 17.0936737 0.0300045 0
2454888.7619598377496004 17.0570831 0.0300059 0
2454888.7628956018015742 17.0160122 0.0300071 0
2454888.7638631942681968 17.0398693 0.0330046 0
2454888.7647983795031905 17.0183163 0.0290073 0
2454888.7657763888128102 16.9483280 0.0290069 0
2454888.7667086804285645 17.0416794 0.0340053 0
2454888.7676403936930001 17.0227489 0.0300170 0
2454888.7685732636600733 16.9870872 0.0290066 0
2454888.7696270835585892 17.1236305 0.0370059 0
2454888.7705732639878988 17.0041180 0.0350056 0
2454888.7715084492228925 17.0396538 0.0370056 0
2454888.7724303239956498 17.0329953347594 99 1
2454888.7733620372600853 17.0215225 0.0410088 0
2454888.7743105324916542 17.0329953347594 99 1
2454888.7761843749321997 16.9484329 0.0560086 0
2454888.7771444446407259 17.0329953347594 99 1
2454888.7781050927005708 17.0329953347594 99 1
2454888.7790119214914739 17.0329953347594 99 1
2454888.7799465279094875 17.0329953347594 99 1
2454888.7809378472156823 16.9534988 0.0290106 0
2454888.7818875000812113 16.9866905 0.0290180 0
2454888.7828354164958000 17.0329953347594 99 1
2454888.7837873841635883 17.0329953347594 99 1
2454888.7847306714393198 17.0263138 0.0300074 0
2454888.7856895835138857 17.0615425 0.0310056 0
2454888.7866369211114943 17.0180569 0.0290058 0
2454888.7875900464132428 17.0532665 0.0280115 0
2454888.7885396992787719 17.0090141 0.0290073 0
2454888.7894795136526227 17.0787487 0.0320106 0
