0.985365853658537
2454887.7398140048608184 12.6448421 0.0020616 0
2454887.7406988427974284 12.6686897 0.0020787 0
2454887.7416172455996275 12.5953751 0.0021357 0
2454887.7425315971486270 12.5974827 0.0021103 0
2454887.7434355323202908 12.6186390 0.0020813 0
2454887.7444280092604458 12.5945578 0.0021054 0
2454887.7453365740366280 12.6397409 0.0020863 0
2454887.7462584492750466 12.6551876 0.0020861 0
2454887.7471716436557472 12.6555433 0.0020745 0
2454887.7480946760624647 12.6035452 0.0020511 0
2454887.7490032408386469 12.6052608 0.0020575 0
2454887.7499204860068858 12.6125937 0.0021140 0
2454887.7508365740068257 12.6374121 0.0020594 0
2454887.7517543979920447 12.6145592 0.0020574 0
2454887.7526531252078712 12.6102476 0.0020608 0
2454887.7535726851783693 12.6025314 0.0020406 0
2454887.7544905091635883 12.6112728 0.0020650 0
2454887.7554083331488073 12.5639553 0.0020740 0
2454887.7563325231894851 12.5954676 0.0021213 0
2454887.7572474535554647 12.5507326 0.0021373 0
2454887.7581785880029202 12.5640450 0.0020667 0
2454887.7590917823836207 12.5447826 0.0021010 0
2454887.7600171295925975 12.5683241 0.0020610 0
2454887.7618961804546416 12.5735674 0.0020555 0
2454887.7627902776002884 12.6142368 0.0022068 0
2454887.7637017359957099 12.5808105 0.0020573 0
2454887.7646328704431653 12.5835428 0.0020968 0
2454887.7655541668646038 12.5595560 0.0020717 0
2454887.7664656247943640 12.5548229 0.0020625 0
2454887.7674204860813916 12.5552835 0.0020650 0
2454887.7683498840779066 12.5475292 0.0020489 0
2454887.7693741898983717 12.5495386 0.0020568 0
2454887.7705530091188848 12.5552912 0.0020806 0
2454887.7714465279132128 12.5705557 0.0020839 0
2454887.7723736111074686 12.5462551 0.0020518 0
2454887.7732908562757075 12.5620832 0.0020703 0
2454887.7742555555887520 12.5456820 0.0020528 0
2454887.7751803239807487 12.5576200 0.0020550 0
2454887.7761074071750045 12.5553455 0.0020599 0
2454887.7770414352416992 12.5571709 0.0020901 0
2454887.7779604168608785 12.5605745 0.0020679 0
2454887.7788863424211740 12.5697203 0.0020942 0
2454887.7798122684471309 12.5722551 0.0020558 0
2454887.7807370368391275 12.5647459 0.0020946 0
2454887.7817167825996876 12.5634289 0.0020721 0
2454887.7835888890549541 12.5516281 0.0021696 0
2454887.7844922454096377 12.5692835 0.0022048 0
2454887.7854181714355946 12.5532942 0.0020590 0
2454887.7863481482490897 12.5514135 0.0020601 0
2454887.7872862266376615 12.5599995 0.0020816 0
2454887.7882127314805984 12.5556612 0.0020670 0
2454887.7891357638873160 12.5479345 0.0020811 0
2454887.7900576386600733 12.5379095 0.0021376 0
2454887.7909748842939734 12.5368614 0.0020998 0
2454887.7919089118950069 12.5604515 0.0021119 0
2454887.7928527779877186 12.5503912 0.0020927 0
2454887.7937896992079914 12.5564547 0.0020822 0
2454887.7947162035852671 12.5412874 0.0020771 0
2454887.7956571760587394 12.5471191 0.0020754 0
2454887.7965848380699754 12.5424881 0.0021070 0
2454887.7975275460630655 12.5300055 0.0021330 0
2454887.7985703703016043 12.5385151 0.0020986 0
2454887.7997063659131527 12.5289507 0.0021028 0
2454887.8006496527232230 12.5248594 0.0023660 0
2454887.8016322916373610 12.5398912 0.0020936 0
2454887.8026537038385868 12.5392380 0.0020729 0
2454887.8036947916261852 12.5498676 0.0021115 0
2454887.8047144678421319 12.5681677 0.0021219 0
2454887.8056924766860902 12.5375290 0.0021150 0
2454887.8066947916522622 12.5147476 0.0021101 0
2454887.8085750001482666 12.5279036 0.0021133 0
2454887.8095032409764826 12.5456486 0.0020904 0
2454887.8114725695922971 12.5362568 0.0021673 0
2454887.8123961803503335 12.5326080 0.0021114 0
2454887.8133319444023073 12.5403490 0.0021530 0
2454887.8142671296373010 12.5519400 0.0021372 0
2454887.8152069444768131 12.5329266 0.0021534 0
2454887.8161473381333053 12.5443726 0.0021512 0
2454887.8170964121818542 12.5424261 0.0022209 0
2454887.8191074072383344 12.5264206 0.0021211 0
2454887.8200408564880490 12.5686235 0.0024193 0
2454887.8209934029728174 12.5697145 0.0023562 0
2454887.8219609954394400 12.5113630 0.0021456 0
2454887.8229123842902482 12.5334673 0.0021749 0
2454887.8238782407715917 12.5176325 0.0022283 0
2454887.8248504628427327 12.5756683 0.0023884 0
2454887.8258990738540888 12.5269232 0.0023368 0
2454887.8268562499433756 12.4851007 0.0025817 0
2454887.8278082176111639 12.5469036 0.0022080 0
2454887.8287613424472511 12.5563602 0.0024578 0
2454887.8297381945885718 12.5303421 0.0022506 0
2454887.8306537037715316 12.5374479 0.0027925 0
2454887.8315848377533257 12.5524616 0.0023004 0
2454887.8325101854279637 12.5660648 0.0024624 0
2454887.8334546294063330 12.5738544 0.0033571 0
2454888.6674447916448116 12.5471888 0.0021078 0
2454888.6683608796447515 12.5460548 0.0021533 0
2454888.6692607640288770 12.5554371 0.0021263 0
2454888.6701681711710989 12.5549936 0.0021740 0
2454888.6710802083835006 12.5588703 0.0022104 0
2454888.6719829859212041 12.5618896 0.0020767 0
2454888.6729060183279216 12.5507650 0.0021071 0
2454888.6738012731075287 12.5500679 0.0021553 0
2454888.6747040511108935 12.5586672 0.0022154 0
2454888.6756184026598930 12.5526724 0.0020886 0
2454888.6765431715175509 12.5502005 0.0021038 0
2454888.6774395834654570 12.5517654 0.0021027 0
2454888.6895935186184943 12.5545073 0.0020452 0
2454888.6905084489844739 12.5683022 0.0020508 0
2454888.6914349538274109 12.5675459 0.0020599 0
2454888.6923412038013339 12.5598450 0.0020853 0
2454888.6932462961412966 12.5526562 0.0020550 0
2454888.6941357636824250 12.5534773 0.0020553 0
2454888.6950402776710689 12.5533047 0.0020514 0
2454888.6959453704766929 12.5601578 0.0020605 0
2454888.6968608796596527 12.5407543 0.0020514 0
2454888.7025194442830980 12.5437422 0.0021310 0
2454888.7034413195215166 12.5498638 0.0021108 0
2454888.7043498842976987 12.5490599 0.0021105 0
2454888.7072759261354804 12.5533228 0.0030666 0
2454888.7081872685812414 12.5597439 0.0021414 0
2454888.7090981481596828 12.5545721 0.0030957 0
2454888.7100136573426425 12.5365305 0.0031070 0
2454888.7109413193538785 12.5409393 0.0031164 0
2454888.7118799770250916 12.5499516 0.0031097 0
2454888.7128006946295500 12.5583782 0.0031446 0
2454888.7137162038125098 12.5490589 0.0030966 0
2454888.7146427081897855 12.5571051 0.0031706 0
2454888.7155553242191672 12.5309601 0.0032814 0
2454888.7165379631333053 12.5455284 0.0030806 0
2454888.7174476850777864 12.5583181 0.0031404 0
2454888.7183736111037433 12.5667448 0.0031089 0
2454888.7193006942979991 12.5713968 0.0031297 0
2454888.7211502315476537 12.5628519 0.0032547 0
2454888.7220478011295199 12.5801153 0.0042258 0
2454888.7229563659057021 12.5730810 0.0052254 0
2454888.7238770835101604 12.5708323 0.0073770 0
2454888.7247787038795650 12.5484991 0.0053133 0
2454888.7256785877980292 12.5356293 0.0042216 0
2454888.7266351850703359 12.5469561 0.0030764 0
2454888.7275616899132729 12.5542479 0.0030736 0
2454888.7284939815290272 12.5548048 0.0030683 0
2454888.7294222223572433 12.5567980 0.0030653 0
2454888.7312717591412365 12.5613070 0.0031055 0
2454888.7321843751706183 12.5569839 0.0021321 0
2454888.7331114583648741 12.5537033 0.0020806 0
2454888.7340130787342787 12.5591736 0.0020647 0
2454888.7349737267941236 12.5535498 0.0020665 0
2454888.7358950232155621 12.5598001 0.0021010 0
2454888.7368302084505558 12.5594025 0.0021808 0
2454888.7377503472380340 12.5689344 0.0020864 0
2454888.7386693288572133 12.5536833 0.0021143 0
2454888.7395883100107312 12.5578260 0.0021244 0
2454888.7405211804434657 12.5501747 0.0020539 0
2454888.7414523148909211 12.5472469 0.0020747 0
2454888.7423770832829177 12.5480862 0.0020926 0
2454888.7433151621371508 12.5625315 0.0020767 0
2454888.7442549769766629 12.5579109 0.0020568 0
2454888.7451936341822147 12.5465431 0.0020951 0
2454888.7461322918534279 12.5491381 0.0020926 0
2454888.7470535878092051 12.5679770 0.0020872 0
2454888.7479812498204410 12.5515003 0.0021532 0
2454888.7489129630848765 12.5531044 0.0020455 0
2454888.7498718751594424 12.5444212 0.0020724 0
2454888.7507966435514390 12.5559111 0.0020638 0
2454888.7517289351671934 12.5527077 0.0020622 0
2454888.7526432871818542 12.5515938 0.0021453 0
2454888.7535784724168479 12.5389471 0.0020708 0
2454888.7545165508054197 12.5448618 0.0020955 0
2454888.7554476852528751 12.5548906 0.0020790 0
2454888.7563805556856096 12.5642443 0.0020819 0
2454888.7573082176968455 12.5624838 0.0020639 0
2454888.7582358797080815 12.5638828 0.0020973 0
2454888.7591681713238358 12.5603704 0.0020574 0
2454888.7600981481373310 12.5641603 0.0020718 0
2454888.7610315973870456 12.5786753 0.0020666 0
2454888.7619598377496004 12.5830832 0.0020873 0
2454888.7628956018015742 12.5730114 0.0021040 0
2454888.7638631942681968 12.5708694 0.0020738 0
2454888.7647983795031905 12.5723162 0.0021027 0
2454888.7657763888128102 12.5703278 0.0020977 0
2454888.7667086804285645 12.5676823 0.0020884 0
2454888.7676403936930001 12.5787477 0.0022403 0
2454888.7685732636600733 12.5750885 0.0020941 0
2454888.7696270835585892 12.5616302 0.0021055 0
2454888.7705732639878988 12.5631180 0.0020952 0
2454888.7715084492228925 12.5696545 0.0021014 0
2454888.7724303239956498 12.5686417 0.0021115 0
2454888.7733620372600853 12.5635223 0.0021725 0
2454888.7743105324916542 12.5690079 0.0021123 0
2454888.7761843749321997 12.5734320 0.0031559 0
2454888.7771444446407259 12.5949354 0.0046450 0
2454888.7781050927005708 12.6253757 0.0050496 0
2454888.7790119214914739 12.8068438 0.0104981 0
2454888.7799465279094875 12.5619872960396 99 1
2454888.7809378472156823 12.5665007 0.0021481 0
2454888.7818875000812113 12.5556889 0.0022462 0
2454888.7828354164958000 12.5619872960396 99 1
2454888.7837873841635883 12.5619872960396 99 1
2454888.7847306714393198 12.5513134 0.0021083 0
2454888.7856895835138857 12.5475407 0.0020856 0
2454888.7866369211114943 12.5560560 0.0020828 0
2454888.7875900464132428 12.5612679 0.0021544 0
2454888.7885396992787719 12.5550146 0.0021036 0
2454888.7894795136526227 12.5557480 0.0021623 0
