0.907317073170732
2454887.7398140048608184 17.0318413 0.0200063 0
2454887.7406988427974284 16.9976883 0.0190084 0
2454887.7416172455996275 17.0523758 0.0200140 0
2454887.7425315971486270 17.0114841 0.0190119 0
2454887.7434355323202908 17.0166378 0.0190087 0
2454887.7444280092604458 17.0005589 0.0200108 0
2454887.7453365740366280 17.0147419 0.0190093 0
2454887.7462584492750466 17.0211868 0.0200088 0
2454887.7471716436557472 17.0035439 0.0190080 0
2454887.7480946760624647 17.0005455 0.0200052 0
2454887.7490032408386469 16.9772625 0.0190061 0
2454887.7499204860068858 17.0095959 0.0200117 0
2454887.7508365740068257 16.9814110 0.0190063 0
2454887.7517543979920447 17.0235596 0.0200058 0
2454887.7526531252078712 17.0062485 0.0200062 0
2454887.7535726851783693 16.9805298 0.0200041 0
2454887.7544905091635883 16.9942722 0.0200066 0
2454887.7554083331488073 16.9849548 0.0210072 0
2454887.7563325231894851 17.0314674 0.0210119 0
2454887.7572474535554647 17.0297337 0.0220129 0
2454887.7581785880029202 16.9740448 0.0210065 0
2454887.7590917823836207 17.0407829 0.0220094 0
2454887.7600171295925975 17.0103226 0.0210059 0
2454887.7618961804546416 16.9975662 0.0210054 0
2454887.7627902776002884 16.9992352 0.0200217 0
2454887.7637017359957099 17.0028095 0.0210055 0
2454887.7646328704431653 17.0145435 0.0210094 0
2454887.7655541668646038 16.9935589 0.0220066 0
2454887.7664656247943640 16.9868221 0.0230055 0
2454887.7674204860813916 16.9972839 0.0230057 0
2454887.7683498840779066 17.0045280 0.0220045 0
2454887.7693741898983717 17.0395393 0.0250046 0
2454887.7705530091188848 17.0042915 0.0220075 0
2454887.7714465279132128 17.0005550 0.0220078 0
2454887.7723736111074686 17.0142555 0.0250042 0
2454887.7732908562757075 17.0410843 0.0240060 0
2454887.7742555555887520 16.9876804 0.0230046 0
2454887.7751803239807487 16.9906197 0.0240046 0
2454887.7761074071750045 16.9743443 0.0230053 0
2454887.7770414352416992 17.0011692 0.0240077 0
2454887.7779604168608785 17.0375729 0.0230060 0
2454887.7788863424211740 16.9797211 0.0230084 0
2454887.7798122684471309 16.9772549 0.0220051 0
2454887.7807370368391275 16.9877472 0.0220088 0
2454887.7817167825996876 17.0024300 0.0230064 0
2454887.7835888890549541 17.0146294 0.0260136 0
2454887.7844922454096377 17.0122852 0.0280154 0
2454887.7854181714355946 17.0312958 0.0250048 0
2454887.7863481482490897 16.9984150 0.0240051 0
2454887.7872862266376615 17.0149994 0.0250067 0
2454887.7882127314805984 17.0046635 0.0260052 0
2454887.7891357638873160 16.9959335 0.0340049 0
2454887.7900576386600733 17.0509090 0.0370077 0
2454887.7909748842939734 16.9868622 0.0260079 0
2454887.7919089118950069 16.9684525 0.0270085 0
2454887.7928527779877186 16.9833908 0.0260073 0
2454887.7937896992079914 16.9994564 0.0260064 0
2454887.7947162035852671 16.9942875 0.0270058 0
2454887.7956571760587394 17.0551186 0.0350044 0
2454887.7965848380699754 17.0204887 0.0300073 0
2454887.7975275460630655 17.0220051 0.0280098 0
2454887.7985703703016043 16.9465160 0.0290070 0
2454887.7997063659131527 17.0069523 0.0310068 0
2454887.8006496527232230 17.0148582 0.0300266 0
2454887.8016322916373610 16.9728909 0.0300064 0
2454887.8026537038385868 16.9572392 0.0290051 0
2454887.8036947916261852 17.0398674 0.0320072 0
2454887.8047144678421319 17.0291672 0.0340074 0
2454887.8056924766860902 16.9795284 0.0320074 0
2454887.8066947916522622 17.0787468 0.0350065 0
2454887.8085750001482666 17.0689030 0.0360065 0
2454887.8095032409764826 17.0386486 0.0310060 0
2454887.8114725695922971 17.0642567 0.0380092 0
2454887.8123961803503335 17.0526085 0.0370062 0
2454887.8133319444023073 17.0453510 0.0330096 0
2454887.8142671296373010 17.1189404 0.0400071 0
2454887.8152069444768131 17.0239258 0.0380084 0
2454887.8161473381333053 17.0353718 0.0370085 0
2454887.8170964121818542 17.0424271 0.0420111 0
2454887.8191074072383344 17.0934200 0.0420059 0
2454887.8200408564880490 17.0876255 0.0450206 0
2454887.8209934029728174 17.0497131 0.0430180 0
2454887.8219609954394400 17.1053638 0.0430070 0
2454887.8229123842902482 16.9654675 0.0380096 0
2454887.8238782407715917 17.0116310 0.0440110 0
2454887.8248504628427327 17.1516685 0.0520164 0
2454887.8258990738540888 17.0539246 0.0620118 0
2454887.8268562499433756 17.1140995 0.0590226 0
2454887.8278082176111639 17.0234226532258 99 1
2454887.8287613424472511 17.1123600 0.0640159 0
2454887.8297381945885718 17.0663414 0.0560095 0
2454887.8306537037715316 16.9424458 0.0530358 0
2454887.8315848377533257 17.1734600 0.0700092 0
2454887.8325101854279637 16.9910641 0.0610169 0
2454887.8334546294063330 16.9468536 0.0560649 0
2454888.6674447916448116 17.0211906 0.0220101 0
2454888.6683608796447515 16.9820538 0.0200159 0
2454888.6692607640288770 17.0054379 0.0210124 0
2454888.6701681711710989 17.0139923 0.0210173 0
2454888.6710802083835006 16.9868717 0.0200221 0
2454888.6719829859212041 16.9948883 0.0200078 0
2454888.6729060183279216 17.0237637 0.0220100 0
2454888.6738012731075287 17.0000687 0.0200161 0
2454888.6747040511108935 16.9926682 0.0210216 0
2454888.6756184026598930 16.9906712 0.0190095 0
2454888.6765431715175509 16.9951992 0.0200106 0
2454888.6774395834654570 16.9957638 0.0200105 0
2454888.6895935186184943 17.0325069 0.0220042 0
2454888.6905084489844739 16.9713039 0.0190054 0
2454888.6914349538274109 17.0285473 0.0210058 0
2454888.6923412038013339 17.0198441 0.0220079 0
2454888.6932462961412966 17.0106544 0.0230049 0
2454888.6941357636824250 16.9914780 0.0240047 0
2454888.6950402776710689 17.0043049 0.0240043 0
2454888.6959453704766929 17.0251579 0.0240051 0
2454888.6968608796596527 16.9707527 0.0220047 0
2454888.7025194442830980 17.0147419 0.0400068 0
2454888.7034413195215166 16.9898643 0.0430053 0
2454888.7043498842976987 17.1300602 0.0530043 0
2454888.7072759261354804 17.0203247 0.0440046 0
2454888.7081872685812414 17.0007439 0.0420070 0
2454888.7090981481596828 17.0555706 0.0510057 0
2454888.7100136573426425 17.0234226532258 99 1
2454888.7109413193538785 17.0229378 0.0560064 0
2454888.7118799770250916 17.0979519 0.0590057 0
2454888.7128006946295500 17.0883770 0.0720062 0
2454888.7137162038125098 17.0460587 0.0580051 0
2454888.7146427081897855 17.0801048 0.0590089 0
2454888.7155553242191672 17.0234226532258 99 1
2454888.7165379631333053 17.0605297 0.0570043 0
2454888.7174476850777864 17.0234226532258 99 1
2454888.7183736111037433 17.0387459 0.0700048 0
2454888.7193006942979991 17.0234226532258 99 1
2454888.7211502315476537 17.0234226532258 99 1
2454888.7220478011295199 17.0234226532258 99 1
2454888.7229563659057021 17.0234226532258 99 1
2454888.7238770835101604 17.0234226532258 99 1
2454888.7247787038795650 17.0234226532258 99 1
2454888.7256785877980292 17.0234226532258 99 1
2454888.7266351850703359 17.0234226532258 99 1
2454888.7275616899132729 17.0352478 0.0530042 0
2454888.7284939815290272 16.9888058 0.0430048 0
2454888.7294222223572433 17.0757980 0.0490040 0
2454888.7312717591412365 17.0833073 0.0530061 0
2454888.7321843751706183 17.0599842 0.0480057 0
2454888.7331114583648741 17.0077038 0.0370044 0
2454888.7340130787342787 17.0451717 0.0360037 0
2454888.7349737267941236 17.0045509 0.0340040 0
2454888.7358950232155621 16.9947987 0.0360058 0
2454888.7368302084505558 17.0194016 0.0360105 0
2454888.7377503472380340 17.0159340 0.0320055 0
2454888.7386693288572133 17.0126858 0.0350067 0
2454888.7395883100107312 17.0178280 0.0300085 0
2454888.7405211804434657 17.0291729 0.0310035 0
2454888.7414523148909211 17.0372467 0.0290052 0
2454888.7423770832829177 17.0400867 0.0310061 0
2454888.7433151621371508 17.0305309 0.0290054 0
2454888.7442549769766629 17.0099106 0.0290040 0
2454888.7451936341822147 16.9925423 0.0340057 0
2454888.7461322918534279 17.0711365 0.0380050 0
2454888.7470535878092051 17.0189781 0.0270066 0
2454888.7479812498204410 17.1065006 0.0430074 0
2454888.7489129630848765 17.0141068 0.0280033 0
2454888.7498718751594424 17.1024208 0.0350042 0
2454888.7507966435514390 17.0459118 0.0310042 0
2454888.7517289351671934 17.0287056 0.0300042 0
2454888.7526432871818542 17.0234226532258 99 1
2454888.7535784724168479 17.0129452 0.0300048 0
2454888.7545165508054197 17.0578613 0.0350056 0
2454888.7554476852528751 17.0348930 0.0290056 0
2454888.7563805556856096 17.0512447 0.0290058 0
2454888.7573082176968455 17.0114841 0.0300043 0
2454888.7582358797080815 17.0468845 0.0320062 0
2454888.7591681713238358 17.0413685 0.0290040 0
2454888.7600981481373310 17.0281620 0.0310047 0
2454888.7610315973870456 17.0106735 0.0270050 0
2454888.7619598377496004 17.0290833 0.0290062 0
2454888.7628956018015742 17.0330124 0.0310069 0
2454888.7638631942681968 17.0178699 0.0330046 0
2454888.7647983795031905 17.0083160 0.0300070 0
2454888.7657763888128102 16.9533272 0.0290069 0
2454888.7667086804285645 17.0506802 0.0330055 0
2454888.7676403936930001 17.0197487 0.0310164 0
2454888.7685732636600733 17.0020885 0.0280069 0
2454888.7696270835585892 17.0126305 0.0350062 0
2454888.7705732639878988 17.0301170 0.0360054 0
2454888.7715084492228925 17.0506535 0.0380055 0
2454888.7724303239956498 17.0786419 0.0400057 0
2454888.7733620372600853 17.0645218 0.0440082 0
2454888.7743105324916542 16.9940090 0.0340068 0
2454888.7761843749321997 17.0624332 0.0610079 0
2454888.7771444446407259 17.0234226532258 99 1
2454888.7781050927005708 17.0234226532258 99 1
2454888.7790119214914739 17.0234226532258 99 1
2454888.7799465279094875 17.0234226532258 99 1
2454888.7809378472156823 17.0424995 0.0310099 0
2454888.7818875000812113 17.0356903 0.0300174 0
2454888.7828354164958000 17.0234226532258 99 1
2454888.7837873841635883 17.0234226532258 99 1
2454888.7847306714393198 17.0643139 0.0310072 0
2454888.7856895835138857 17.0455437 0.0300058 0
2454888.7866369211114943 17.0160561 0.0280060 0
2454888.7875900464132428 17.0572662 0.0290111 0
2454888.7885396992787719 17.0120144 0.0300071 0
2454888.7894795136526227 17.0247478 0.0290116 0
