0.741463414634146
2454887.7398140048608184 17.8358421 0.0340037 0
2454887.7406988427974284 17.8006897 0.0330049 0
2454887.7416172455996275 17.8493767 0.0350080 0
2454887.7425315971486270 17.8584843 0.0360063 0
2454887.7434355323202908 17.8526382 0.0360046 0
2454887.7444280092604458 17.8265591 0.0360060 0
2454887.7453365740366280 17.8357410 0.0340052 0
2454887.7462584492750466 17.8441868 0.0360049 0
2454887.7471716436557472 17.8025436 0.0340045 0
2454887.7480946760624647 17.7655449 0.0340030 0
2454887.7490032408386469 17.8142624 0.0350033 0
2454887.7499204860068858 17.7555943 0.0330071 0
2454887.7508365740068257 17.7714119 0.0340035 0
2454887.7517543979920447 17.7645607 0.0350033 0
2454887.7526531252078712 17.7532482 0.0340036 0
2454887.7535726851783693 17.7805290 0.0340024 0
2454887.7544905091635883 17.7542725 0.0340039 0
2454887.7554083331488073 17.7929554 0.0400038 0
2454887.7563325231894851 17.8374672 0.0360069 0
2454887.7572474535554647 17.7967339 0.0390073 0
2454887.7581785880029202 17.7550449 0.0360038 0
2454887.7590917823836207 17.8097839 0.0400052 0
2454887.7600171295925975 17.8153229 0.0370034 0
2454887.7618961804546416 17.8445663 0.0380030 0
2454887.7627902776002884 17.7142353 0.0330132 0
2454887.7637017359957099 17.7708092 0.0350033 0
2454887.7646328704431653 17.7685432 0.0350057 0
2454887.7655541668646038 17.7765579 0.0400036 0
2454887.7664656247943640 17.7238216 0.0380033 0
2454887.7674204860813916 17.7692833 0.0420031 0
2454887.7683498840779066 17.7925282 0.0400025 0
2454887.7693741898983717 17.7665386 0.0420027 0
2454887.7705530091188848 17.8122902 0.0430038 0
2454887.7714465279132128 17.7935543 0.0410042 0
2454887.7723736111074686 17.8062553 0.0460023 0
2454887.7732908562757075 17.8280849 0.0410035 0
2454887.7742555555887520 17.7626820 0.0410026 0
2454887.7751803239807487 17.7506199 0.0420027 0
2454887.7761074071750045 17.8003445 0.0430028 0
2454887.7770414352416992 17.7971706 0.0440042 0
2454887.7779604168608785 17.7495728 0.0380036 0
2454887.7788863424211740 17.7647209 0.0400048 0
2454887.7798122684471309 17.7552547 0.0380030 0
2454887.7807370368391275 17.7327480 0.0390050 0
2454887.7817167825996876 17.7394295 0.0400037 0
2454887.7835888890549541 17.7226295 0.0470075 0
2454887.7844922454096377 17.7352848 0.0490088 0
2454887.7854181714355946 17.8022957 0.0460026 0
2454887.7863481482490897 17.7074146 0.0420029 0
2454887.7872862266376615 17.7119999 0.0450037 0
2454887.7882127314805984 17.7396641 0.0480028 0
2454887.7891357638873160 17.7811787243421 99 1
2454887.7900576386600733 17.8359089 0.0730039 0
2454887.7909748842939734 17.7708607 0.0470043 0
2454887.7919089118950069 17.7114525 0.0500046 0
2454887.7928527779877186 17.7593918 0.0510037 0
2454887.7937896992079914 17.7004566 0.0470036 0
2454887.7947162035852671 17.7842884 0.0540029 0
2454887.7956571760587394 17.7811787243421 99 1
2454887.7965848380699754 17.7204895 0.0530041 0
2454887.7975275460630655 17.7050056 0.0480057 0
2454887.7985703703016043 17.8335152 0.0600034 0
2454887.7997063659131527 17.7699509 0.0570037 0
2454887.8006496527232230 17.7718582 0.0570140 0
2454887.8016322916373610 17.7498894 0.0540035 0
2454887.8026537038385868 17.7842388 0.0550027 0
2454887.8036947916261852 17.7848682 0.0610038 0
2454887.8047144678421319 17.8281670 0.0660038 0
2454887.8056924766860902 17.7875290 0.0620038 0
2454887.8066947916522622 17.8097477 0.0660034 0
2454887.8085750001482666 17.7679024 0.0650036 0
2454887.8095032409764826 17.7596474 0.0600031 0
2454887.8114725695922971 17.7811787243421 99 1
2454887.8123961803503335 17.7811787243421 99 1
2454887.8133319444023073 17.8403492 0.0650049 0
2454887.8142671296373010 17.8009415 0.0690041 0
2454887.8152069444768131 17.8129272 0.0720044 0
2454887.8161473381333053 17.8493748 0.0760041 0
2454887.8170964121818542 17.7811787243421 99 1
2454887.8191074072383344 17.8014183 0.0780032 0
2454887.8200408564880490 17.7811787243421 99 1
2454887.8209934029728174 17.7811787243421 99 1
2454887.8219609954394400 17.6933651 0.0730041 0
2454887.8229123842902482 17.6914673 0.0750049 0
2454887.8238782407715917 17.7811787243421 99 1
2454887.8248504628427327 17.8286686 0.0930092 0
2454887.8258990738540888 17.7811787243421 99 1
2454887.8268562499433756 17.6011009 0.0840159 0
2454887.8278082176111639 17.7811787243421 99 1
2454887.8287613424472511 17.7811787243421 99 1
2454887.8297381945885718 17.7811787243421 99 1
2454887.8306537037715316 17.7811787243421 99 1
2454887.8315848377533257 17.7994595 0.1220053 0
2454887.8325101854279637 17.7811787243421 99 1
2454887.8334546294063330 17.7811787243421 99 1
2454888.6674447916448116 17.8101902 0.0410054 0
2454888.6683608796447515 17.8270550 0.0370086 0
2454888.6692607640288770 17.7704391 0.0360072 0
2454888.6701681711710989 17.7549934 0.0340107 0
2454888.6710802083835006 17.7478733 0.0340130 0
2454888.6719829859212041 17.7428894 0.0340046 0
2454888.6729060183279216 17.7377644 0.0370059 0
2454888.6738012731075287 17.7560692 0.0340095 0
2454888.6747040511108935 17.7906685 0.0370123 0
2454888.6756184026598930 17.7836723 0.0330055 0
2454888.6765431715175509 17.8171997 0.0360059 0
2454888.6774395834654570 17.7707634 0.0330064 0
2454888.6895935186184943 17.9345055 0.0430021 0
2454888.6905084489844739 17.8873043 0.0370028 0
2454888.6914349538274109 17.7885475 0.0350035 0
2454888.6923412038013339 17.8848438 0.0410043 0
2454888.6932462961412966 17.7876549 0.0400028 0
2454888.6941357636824250 17.8764782 0.0440025 0
2454888.6950402776710689 17.8533058 0.0470022 0
2454888.6959453704766929 17.8211594 0.0430029 0
2454888.6968608796596527 17.8567524 0.0420025 0
2454888.7025194442830980 17.6907425 0.0760036 0
2454888.7034413195215166 17.6278648 0.0800028 0
2454888.7043498842976987 17.7811787243421 99 1
2454888.7072759261354804 17.7811787243421 99 1
2454888.7081872685812414 17.6807442 0.0830035 0
2454888.7090981481596828 17.7811787243421 99 1
2454888.7100136573426425 17.7811787243421 99 1
2454888.7109413193538785 17.7811787243421 99 1
2454888.7118799770250916 17.7811787243421 99 1
2454888.7128006946295500 17.7811787243421 99 1
2454888.7137162038125098 17.7811787243421 99 1
2454888.7146427081897855 17.7811787243421 99 1
2454888.7155553242191672 17.7811787243421 99 1
2454888.7165379631333053 17.7811787243421 99 1
2454888.7174476850777864 17.7811787243421 99 1
2454888.7183736111037433 17.7811787243421 99 1
2454888.7193006942979991 17.7811787243421 99 1
2454888.7211502315476537 17.7811787243421 99 1
2454888.7220478011295199 17.7811787243421 99 1
2454888.7229563659057021 17.7811787243421 99 1
2454888.7238770835101604 17.7811787243421 99 1
2454888.7247787038795650 17.7811787243421 99 1
2454888.7256785877980292 17.7811787243421 99 1
2454888.7266351850703359 17.7811787243421 99 1
2454888.7275616899132729 17.7811787243421 99 1
2454888.7284939815290272 17.7338047 0.0830025 0
2454888.7294222223572433 17.7811787243421 99 1
2454888.7312717591412365 17.7811787243421 99 1
2454888.7321843751706183 17.7811787243421 99 1
2454888.7331114583648741 17.6957035 0.0670025 0
2454888.7340130787342787 17.8921719 0.0720018 0
2454888.7349737267941236 17.7525501 0.0580023 0
2454888.7358950232155621 17.8507977 0.0740028 0
2454888.7368302084505558 17.7944012 0.0660057 0
2454888.7377503472380340 17.6399326 0.0530033 0
2454888.7386693288572133 17.7736835 0.0660036 0
2454888.7395883100107312 17.6768265 0.0500051 0
2454888.7405211804434657 17.7921734 0.0570019 0
2454888.7414523148909211 17.7952461 0.0530029 0
2454888.7423770832829177 17.7500858 0.0520036 0
2454888.7433151621371508 17.7345314 0.0520030 0
2454888.7442549769766629 17.8169098 0.0550021 0
2454888.7451936341822147 17.7811787243421 99 1
2454888.7461322918534279 17.6851368 0.0610031 0
2454888.7470535878092051 17.7839775 0.0520034 0
2454888.7479812498204410 17.8295002 0.0750042 0
2454888.7489129630848765 17.8781071 0.0580016 0
2454888.7498718751594424 17.7884197 0.0590025 0
2454888.7507966435514390 17.7809105 0.0550024 0
2454888.7517289351671934 17.8287048 0.0560023 0
2454888.7526432871818542 17.9585953 0.0840036 0
2454888.7535784724168479 17.8129463 0.0550026 0
2454888.7545165508054197 17.8218613 0.0700028 0
2454888.7554476852528751 17.7368927 0.0490033 0
2454888.7563805556856096 17.7811787243421 99 1
2454888.7573082176968455 17.7954826 0.0570023 0
2454888.7582358797080815 17.7278843 0.0530038 0
2454888.7591681713238358 17.8733692 0.0560021 0
2454888.7600981481373310 17.7731609 0.0580025 0
2454888.7610315973870456 17.8776741 0.0570024 0
2454888.7619598377496004 17.7150841 0.0510035 0
2454888.7628956018015742 17.7811787243421 99 1
2454888.7638631942681968 17.7811787243421 99 1
2454888.7647983795031905 17.7253170 0.0530040 0
2454888.7657763888128102 17.8063278 0.0570035 0
2454888.7667086804285645 17.8816795 0.0660027 0
2454888.7676403936930001 17.7297497 0.0540094 0
2454888.7685732636600733 17.7370872 0.0540036 0
2454888.7696270835585892 17.7811787243421 99 1
2454888.7705732639878988 17.8901176 0.0760026 0
2454888.7715084492228925 17.6876545 0.0620034 0
2454888.7724303239956498 17.6946411 0.0650035 0
2454888.7733620372600853 17.9465218 0.0910040 0
2454888.7743105324916542 17.7811787243421 99 1
2454888.7761843749321997 17.7811787243421 99 1
2454888.7771444446407259 17.7811787243421 99 1
2454888.7781050927005708 17.7811787243421 99 1
2454888.7790119214914739 17.7811787243421 99 1
2454888.7799465279094875 17.7811787243421 99 1
2454888.7809378472156823 17.6584988 0.0500061 0
2454888.7818875000812113 17.7576904 0.0520101 0
2454888.7828354164958000 17.7811787243421 99 1
2454888.7837873841635883 17.7811787243421 99 1
2454888.7847306714393198 17.7023125 0.0540041 0
2454888.7856895835138857 17.7145424 0.0540032 0
2454888.7866369211114943 17.7610569 0.0520033 0
2454888.7875900464132428 17.7442665 0.0490065 0
2454888.7885396992787719 17.7700138 0.0530040 0
2454888.7894795136526227 17.8997478 0.0630054 0
