0.907317073170732
2454887.7398140048608184 17.1058407 0.0200063 0
2454887.7406988427974284 17.1456890 0.0210076 0
2454887.7416172455996275 17.1303768 0.0210134 0
2454887.7425315971486270 17.1544838 0.0220103 0
2454887.7434355323202908 17.1196384 0.0210079 0
2454887.7444280092604458 17.1315594 0.0220098 0
2454887.7453365740366280 17.0687408 0.0200088 0
2454887.7462584492750466 17.1221867 0.0210084 0
2454887.7471716436557472 17.1335449 0.0210072 0
2454887.7480946760624647 17.1265450 0.0220047 0
2454887.7490032408386469 17.0832615 0.0210056 0
2454887.7499204860068858 17.1295948 0.0220107 0
2454887.7508365740068257 17.1064110 0.0210057 0
2454887.7517543979920447 17.1095600 0.0210055 0
2454887.7526531252078712 17.1172485 0.0210059 0
2454887.7535726851783693 17.0805283 0.0210039 0
2454887.7544905091635883 17.0972729 0.0210063 0
2454887.7554083331488073 17.1399555 0.0240063 0
2454887.7563325231894851 17.1614685 0.0220114 0
2454887.7572474535554647 17.1277332 0.0240118 0
2454887.7581785880029202 17.1060448 0.0230059 0
2454887.7590917823836207 17.1237831 0.0250083 0
2454887.7600171295925975 17.0873222 0.0220056 0
2454887.7618961804546416 17.1445675 0.0230049 0
2454887.7627902776002884 17.1282349 0.0220198 0
2454887.7637017359957099 17.1088085 0.0230050 0
2454887.7646328704431653 17.1415443 0.0230086 0
2454887.7655541668646038 17.1475582 0.0240061 0
2454887.7664656247943640 17.0838223 0.0240053 0
2454887.7674204860813916 17.1182842 0.0260051 0
2454887.7683498840779066 17.0865269 0.0250040 0
2454887.7693741898983717 17.1015377 0.0260044 0
2454887.7705530091188848 17.0772915 0.0240068 0
2454887.7714465279132128 17.1045551 0.0240071 0
2454887.7723736111074686 17.1062546 0.0270039 0
2454887.7732908562757075 17.1550846 0.0250057 0
2454887.7742555555887520 17.0966816 0.0240045 0
2454887.7751803239807487 17.0996189 0.0260043 0
2454887.7761074071750045 17.1363449 0.0260047 0
2454887.7770414352416992 17.0911694 0.0260071 0
2454887.7779604168608785 17.1125736 0.0240058 0
2454887.7788863424211740 17.1097202 0.0250077 0
2454887.7798122684471309 17.1022549 0.0240047 0
2454887.7807370368391275 17.1127472 0.0250077 0
2454887.7817167825996876 17.1084290 0.0250059 0
2454887.7835888890549541 17.1236286 0.0280126 0
2454887.7844922454096377 17.1182842 0.0300143 0
2454887.7854181714355946 17.0922928 0.0260046 0
2454887.7863481482490897 17.1154137 0.0260047 0
2454887.7872862266376615 17.1289997 0.0270062 0
2454887.7882127314805984 17.1416626 0.0290047 0
2454887.7891357638873160 17.0849342 0.0370045 0
2454887.7900576386600733 17.0949097 0.0390073 0
2454887.7909748842939734 17.1198616 0.0280073 0
2454887.7919089118950069 17.1144524 0.0320072 0
2454887.7928527779877186 17.0973911 0.0300063 0
2454887.7937896992079914 17.1924553 0.0330051 0
2454887.7947162035852671 17.0772877 0.0300052 0
2454887.7956571760587394 17.0401173 0.0360043 0
2454887.7965848380699754 17.1074886 0.0320069 0
2454887.7975275460630655 17.1190052 0.0320086 0
2454887.7985703703016043 17.1085148 0.0330061 0
2454887.7997063659131527 17.1339512 0.0340062 0
2454887.8006496527232230 17.1298580 0.0330242 0
2454887.8016322916373610 17.0988903 0.0340056 0
2454887.8026537038385868 17.0812397 0.0320046 0
2454887.8036947916261852 17.1498680 0.0370062 0
2454887.8047144678421319 17.0831680 0.0360070 0
2454887.8056924766860902 17.1215286 0.0360066 0
2454887.8066947916522622 17.1387482 0.0390058 0
2454887.8085750001482666 17.0509033 0.0380061 0
2454887.8095032409764826 17.0566483 0.0330056 0
2454887.8114725695922971 17.0692577 0.0380092 0
2454887.8123961803503335 17.1736088 0.0400057 0
2454887.8133319444023073 17.0903492 0.0360088 0
2454887.8142671296373010 17.0469418 0.0380075 0
2454887.8152069444768131 17.1579266 0.0440072 0
2454887.8161473381333053 17.1343746 0.0450070 0
2454887.8170964121818542 17.1284275 0.0470099 0
2454887.8191074072383344 17.1624184 0.0460054 0
2454887.8200408564880490 17.1416245 0.0480193 0
2454887.8209934029728174 17.1727123 0.0500155 0
2454887.8219609954394400 17.0933647 0.0430070 0
2454887.8229123842902482 17.2134666 0.0480076 0
2454887.8238782407715917 17.1216316 0.0480101 0
2454887.8248504628427327 17.1156693 0.0530161 0
2454887.8258990738540888 17.1108385833333 99 1
2454887.8268562499433756 17.2271004 0.0640208 0
2454887.8278082176111639 17.2049026 0.0580075 0
2454887.8287613424472511 17.1013603 0.0670152 0
2454887.8297381945885718 17.0723419 0.0610087 0
2454887.8306537037715316 17.1124458 0.0620306 0
2454887.8315848377533257 17.1484604 0.0700092 0
2454887.8325101854279637 17.1108385833333 99 1
2454887.8334546294063330 17.1998539 0.0710512 0
2454888.6674447916448116 17.0941906 0.0240092 0
2454888.6683608796447515 17.1230545 0.0220145 0
2454888.6692607640288770 17.0604382 0.0220118 0
2454888.6701681711710989 17.0799923 0.0220165 0
2454888.6710802083835006 17.1098728 0.0220201 0
2454888.6719829859212041 17.1088886 0.0220071 0
2454888.6729060183279216 17.0877647 0.0220100 0
2454888.6738012731075287 17.0950699 0.0210154 0
2454888.6747040511108935 17.1006680 0.0220206 0
2454888.6756184026598930 17.0796719 0.0210086 0
2454888.6765431715175509 17.1082001 0.0220097 0
2454888.6774395834654570 17.1007633 0.0210100 0
2454888.6895935186184943 17.0785065 0.0230040 0
2454888.6905084489844739 17.1123028 0.0210049 0
2454888.6914349538274109 17.1205463 0.0220055 0
2454888.6923412038013339 17.0808430 0.0240073 0
2454888.6932462961412966 17.1366577 0.0250045 0
2454888.6941357636824250 17.0704784 0.0250045 0
2454888.6950402776710689 17.0803051 0.0260040 0
2454888.6959453704766929 17.1001587 0.0260047 0
2454888.6968608796596527 17.1137524 0.0240043 0
2454888.7025194442830980 17.1077423 0.0450060 0
2454888.7034413195215166 17.1498642 0.0530043 0
2454888.7043498842976987 17.1470604 0.0560041 0
2454888.7072759261354804 17.1383247 0.0470043 0
2454888.7081872685812414 17.1647453 0.0500059 0
2454888.7090981481596828 17.0865726 0.0500058 0
2454888.7100136573426425 17.0415306 0.0650050 0
2454888.7109413193538785 17.0089378 0.0540066 0
2454888.7118799770250916 17.0719528 0.0580058 0
2454888.7128006946295500 17.1108385833333 99 1
2454888.7137162038125098 17.1108385833333 99 1
2454888.7146427081897855 17.0251045 0.0560094 0
2454888.7155553242191672 17.2119598 0.0720123 0
2454888.7165379631333053 17.0985298 0.0590042 0
2454888.7174476850777864 17.1108385833333 99 1
2454888.7183736111037433 17.1108385833333 99 1
2454888.7193006942979991 17.1603966 0.0650061 0
2454888.7211502315476537 17.1108385833333 99 1
2454888.7220478011295199 17.1108385833333 99 1
2454888.7229563659057021 17.1108385833333 99 1
2454888.7238770835101604 17.1108385833333 99 1
2454888.7247787038795650 17.1108385833333 99 1
2454888.7256785877980292 17.1108385833333 99 1
2454888.7266351850703359 17.0699558 0.0630037 0
2454888.7275616899132729 17.0352478 0.0520043 0
2454888.7284939815290272 17.1108385833333 99 1
2454888.7294222223572433 17.1067982 0.0500040 0
2454888.7312717591412365 17.1373062 0.0570057 0
2454888.7321843751706183 17.1749840 0.0540051 0
2454888.7331114583648741 17.1417046 0.0430038 0
2454888.7340130787342787 17.1111717 0.0390034 0
2454888.7349737267941236 17.1115494 0.0370037 0
2454888.7358950232155621 17.1247978 0.0420049 0
2454888.7368302084505558 17.0634022 0.0350108 0
2454888.7377503472380340 17.1069336 0.0360049 0
2454888.7386693288572133 17.0876827 0.0370064 0
2454888.7395883100107312 17.1208267 0.0330078 0
2454888.7405211804434657 17.1131725 0.0340032 0
2454888.7414523148909211 17.1072464 0.0310049 0
2454888.7423770832829177 17.0980873 0.0320059 0
2454888.7433151621371508 17.0655308 0.0300052 0
2454888.7442549769766629 17.1509094 0.0320036 0
2454888.7451936341822147 17.0185432 0.0340057 0
2454888.7461322918534279 17.0881367 0.0380050 0
2454888.7470535878092051 17.0739784 0.0290061 0
2454888.7479812498204410 17.2084999 0.0490065 0
2454888.7489129630848765 17.1021061 0.0310030 0
2454888.7498718751594424 17.1524200 0.0370040 0
2454888.7507966435514390 17.0899105 0.0330039 0
2454888.7517289351671934 17.1127052 0.0320040 0
2454888.7526432871818542 17.1325951 0.0420072 0
2454888.7535784724168479 17.0999451 0.0320045 0
2454888.7545165508054197 17.1528606 0.0390050 0
2454888.7554476852528751 17.1098919 0.0300054 0
2454888.7563805556856096 17.0562439 0.0290058 0
2454888.7573082176968455 17.1264839 0.0330039 0
2454888.7582358797080815 17.1458855 0.0340059 0
2454888.7591681713238358 17.0813694 0.0300039 0
2454888.7600981481373310 17.0911617 0.0320046 0
2454888.7610315973870456 17.0776749 0.0300045 0
2454888.7619598377496004 17.0480843 0.0300059 0
2454888.7628956018015742 17.0500126 0.0320067 0
2454888.7638631942681968 17.1498699 0.0360042 0
2454888.7647983795031905 17.0863171 0.0300070 0
2454888.7657763888128102 17.0893269 0.0330061 0
2454888.7667086804285645 17.1206799 0.0370049 0
2454888.7676403936930001 17.1157494 0.0340150 0
2454888.7685732636600733 17.1440887 0.0340057 0
2454888.7696270835585892 17.2066307 0.0430050 0
2454888.7705732639878988 17.0701180 0.0380051 0
2454888.7715084492228925 17.1286545 0.0400052 0
2454888.7724303239956498 17.1706409 0.0430053 0
2454888.7733620372600853 17.1725216 0.0490073 0
2454888.7743105324916542 17.0440083 0.0360064 0
2454888.7761843749321997 17.1544323 0.0700069 0
2454888.7771444446407259 17.1108385833333 99 1
2454888.7781050927005708 17.1108385833333 99 1
2454888.7790119214914739 17.1108385833333 99 1
2454888.7799465279094875 17.1108385833333 99 1
2454888.7809378472156823 17.0524998 0.0310099 0
2454888.7818875000812113 17.0616913 0.0300174 0
2454888.7828354164958000 17.1108385833333 99 1
2454888.7837873841635883 17.1108385833333 99 1
2454888.7847306714393198 17.1083126 0.0330067 0
2454888.7856895835138857 17.0365429 0.0320055 0
2454888.7866369211114943 17.0800571 0.0310055 0
2454888.7875900464132428 17.0942669 0.0300107 0
2454888.7885396992787719 17.1100140 0.0330064 0
2454888.7894795136526227 17.0267487 0.0300113 0
