0.863414634146341
2454887.7398140048608184 17.2648411 0.0220057 0
2454887.7406988427974284 17.2726898 0.0230070 0
2454887.7416172455996275 17.2493763 0.0230122 0
2454887.7425315971486270 17.2714825 0.0230099 0
2454887.7434355323202908 17.2366390 0.0220075 0
2454887.7444280092604458 17.2275600 0.0230094 0
2454887.7453365740366280 17.2547417 0.0230077 0
2454887.7462584492750466 17.2881870 0.0230076 0
2454887.7471716436557472 17.2825432 0.0230066 0
2454887.7480946760624647 17.2645454 0.0230045 0
2454887.7490032408386469 17.2492619 0.0230051 0
2454887.7499204860068858 17.2705956 0.0230102 0
2454887.7508365740068257 17.2784119 0.0230052 0
2454887.7517543979920447 17.2345600 0.0230051 0
2454887.7526531252078712 17.2472477 0.0240051 0
2454887.7535726851783693 17.2425289 0.0230036 0
2454887.7544905091635883 17.2362728 0.0230057 0
2454887.7554083331488073 17.2209549 0.0240063 0
2454887.7563325231894851 17.2644672 0.0240104 0
2454887.7572474535554647 17.3087330 0.0260109 0
2454887.7581785880029202 17.2830448 0.0260052 0
2454887.7590917823836207 17.2817841 0.0260080 0
2454887.7600171295925975 17.2503223 0.0240052 0
2454887.7618961804546416 17.2455673 0.0240047 0
2454887.7627902776002884 17.2612362 0.0240181 0
2454887.7637017359957099 17.1958084 0.0230050 0
2454887.7646328704431653 17.2405434 0.0240083 0
2454887.7655541668646038 17.2335587 0.0250058 0
2454887.7664656247943640 17.2508221 0.0270047 0
2454887.7674204860813916 17.2832832 0.0270049 0
2454887.7683498840779066 17.2315273 0.0270037 0
2454887.7693741898983717 17.2455387 0.0280041 0
2454887.7705530091188848 17.2892914 0.0280059 0
2454887.7714465279132128 17.2385540 0.0260066 0
2454887.7723736111074686 17.2782555 0.0300035 0
2454887.7732908562757075 17.2450848 0.0270053 0
2454887.7742555555887520 17.2296810 0.0270040 0
2454887.7751803239807487 17.2616196 0.0280040 0
2454887.7761074071750045 17.3073444 0.0290042 0
2454887.7770414352416992 17.2021694 0.0270068 0
2454887.7779604168608785 17.2895737 0.0280049 0
2454887.7788863424211740 17.2557201 0.0270071 0
2454887.7798122684471309 17.2492561 0.0260044 0
2454887.7807370368391275 17.2717476 0.0280069 0
2454887.7817167825996876 17.2874298 0.0280052 0
2454887.7835888890549541 17.3006287 0.0330107 0
2454887.7844922454096377 17.2532845 0.0320135 0
2454887.7854181714355946 17.2362938 0.0280043 0
2454887.7863481482490897 17.2304134 0.0270045 0
2454887.7872862266376615 17.2639999 0.0300056 0
2454887.7882127314805984 17.2026634 0.0300045 0
2454887.7891357638873160 17.2099342 0.0400041 0
2454887.7900576386600733 17.2719097 0.0440065 0
2454887.7909748842939734 17.2758617 0.0330062 0
2454887.7919089118950069 17.3014526 0.0360064 0
2454887.7928527779877186 17.2893906 0.0330057 0
2454887.7937896992079914 17.2594566 0.0320052 0
2454887.7947162035852671 17.2112885 0.0340046 0
2454887.7956571760587394 17.2821178 0.0420037 0
2454887.7965848380699754 17.2334881 0.0340065 0
2454887.7975275460630655 17.2230053 0.0330083 0
2454887.7985703703016043 17.2595158 0.0360056 0
2454887.7997063659131527 17.2789516 0.0390054 0
2454887.8006496527232230 17.2508583 0.0370216 0
2454887.8016322916373610 17.2248898 0.0350055 0
2454887.8026537038385868 17.2162399 0.0350042 0
2454887.8036947916261852 17.2648678 0.0390059 0
2454887.8047144678421319 17.2531681 0.0400063 0
2454887.8056924766860902 17.2705288 0.0400059 0
2454887.8066947916522622 17.1587486 0.0370061 0
2454887.8085750001482666 17.3119030 0.0440053 0
2454887.8095032409764826 17.2216473 0.0360051 0
2454887.8114725695922971 17.2602558 0.0450077 0
2454887.8123961803503335 17.2056084 0.0410056 0
2454887.8133319444023073 17.2903500 0.0410077 0
2454887.8142671296373010 17.2639408 0.0450063 0
2454887.8152069444768131 17.3369274 0.0490065 0
2454887.8161473381333053 17.1833744 0.0440071 0
2454887.8170964121818542 17.1984272 0.0470099 0
2454887.8191074072383344 17.2424183 0.0460054 0
2454887.8200408564880490 17.2415008977401 99 1
2454887.8209934029728174 17.2997131 0.0520149 0
2454887.8219609954394400 17.1593647 0.0440069 0
2454887.8229123842902482 17.2984676 0.0490074 0
2454887.8238782407715917 17.2415008977401 99 1
2454887.8248504628427327 17.2656689 0.0570149 0
2454887.8258990738540888 17.2415008977401 99 1
2454887.8268562499433756 17.2415008977401 99 1
2454887.8278082176111639 17.2415008977401 99 1
2454887.8287613424472511 17.2415008977401 99 1
2454887.8297381945885718 17.2203426 0.0670080 0
2454887.8306537037715316 17.2415008977401 99 1
2454887.8315848377533257 17.2415008977401 99 1
2454887.8325101854279637 17.2415008977401 99 1
2454887.8334546294063330 17.2415008977401 99 1
2454888.6674447916448116 17.1941891 0.0250089 0
2454888.6683608796447515 17.2380543 0.0230138 0
2454888.6692607640288770 17.2154388 0.0240109 0
2454888.6701681711710989 17.1859932 0.0230158 0
2454888.6710802083835006 17.2258720 0.0240184 0
2454888.6719829859212041 17.2048893 0.0230068 0
2454888.6729060183279216 17.2347641 0.0250088 0
2454888.6738012731075287 17.2100697 0.0230140 0
2454888.6747040511108935 17.2086678 0.0230197 0
2454888.6756184026598930 17.1936722 0.0220082 0
2454888.6765431715175509 17.1991997 0.0220097 0
2454888.6774395834654570 17.2107639 0.0220096 0
2454888.6895935186184943 17.1985054 0.0240038 0
2454888.6905084489844739 17.2473030 0.0230045 0
2454888.6914349538274109 17.2175465 0.0230053 0
2454888.6923412038013339 17.2138443 0.0250070 0
2454888.6932462961412966 17.2106552 0.0250045 0
2454888.6941357636824250 17.2274780 0.0280040 0
2454888.6950402776710689 17.2533054 0.0290036 0
2454888.6959453704766929 17.2661591 0.0280044 0
2454888.6968608796596527 17.2487526 0.0270039 0
2454888.7025194442830980 17.2927418 0.0520052 0
2454888.7034413195215166 17.1818638 0.0490046 0
2454888.7043498842976987 17.2580605 0.0560041 0
2454888.7072759261354804 17.2713242 0.0510040 0
2454888.7081872685812414 17.3147449 0.0560052 0
2454888.7090981481596828 17.2035694 0.0550053 0
2454888.7100136573426425 17.2415008977401 99 1
2454888.7109413193538785 17.1799393 0.0640056 0
2454888.7118799770250916 17.2849522 0.0670050 0
2454888.7128006946295500 17.2415008977401 99 1
2454888.7137162038125098 17.3370590 0.0740040 0
2454888.7146427081897855 17.1371040 0.0630084 0
2454888.7155553242191672 17.2029610 0.0670132 0
2454888.7165379631333053 17.2415008977401 99 1
2454888.7174476850777864 17.1403179 0.0630068 0
2454888.7183736111037433 17.1007462 0.0690048 0
2454888.7193006942979991 17.1563969 0.0670059 0
2454888.7211502315476537 17.2415008977401 99 1
2454888.7220478011295199 17.2415008977401 99 1
2454888.7229563659057021 17.2415008977401 99 1
2454888.7238770835101604 17.2415008977401 99 1
2454888.7247787038795650 17.2415008977401 99 1
2454888.7256785877980292 17.2415008977401 99 1
2454888.7266351850703359 17.2415008977401 99 1
2454888.7275616899132729 17.2582474 0.0640035 0
2454888.7284939815290272 17.2258053 0.0520040 0
2454888.7294222223572433 17.1457977 0.0490040 0
2454888.7312717591412365 17.2753067 0.0610053 0
2454888.7321843751706183 17.2049828 0.0550050 0
2454888.7331114583648741 17.2037048 0.0440037 0
2454888.7340130787342787 17.2701721 0.0430031 0
2454888.7349737267941236 17.2605495 0.0400034 0
2454888.7358950232155621 17.1967983 0.0430048 0
2454888.7368302084505558 17.2424011 0.0400094 0
2454888.7377503472380340 17.2269325 0.0360049 0
2454888.7386693288572133 17.2806835 0.0410057 0
2454888.7395883100107312 17.2888279 0.0360071 0
2454888.7405211804434657 17.2191734 0.0340032 0
2454888.7414523148909211 17.2412472 0.0340045 0
2454888.7423770832829177 17.2250862 0.0330057 0
2454888.7433151621371508 17.2115307 0.0330047 0
2454888.7442549769766629 17.2259102 0.0320036 0
2454888.7451936341822147 17.2825432 0.0410048 0
2454888.7461322918534279 17.2881374 0.0410046 0
2454888.7470535878092051 17.2739773 0.0320056 0
2454888.7479812498204410 17.3344994 0.0510062 0
2454888.7489129630848765 17.2471066 0.0320029 0
2454888.7498718751594424 17.2415008977401 99 1
2454888.7507966435514390 17.2439117 0.0340038 0
2454888.7517289351671934 17.2387085 0.0340037 0
2454888.7526432871818542 17.2715950 0.0450067 0
2454888.7535784724168479 17.2339458 0.0340042 0
2454888.7545165508054197 17.2808609 0.0410048 0
2454888.7554476852528751 17.2878914 0.0340047 0
2454888.7563805556856096 17.2842445 0.0340049 0
2454888.7573082176968455 17.2704830 0.0380034 0
2454888.7582358797080815 17.1678848 0.0340059 0
2454888.7591681713238358 17.2823696 0.0350033 0
2454888.7600981481373310 17.2811623 0.0370040 0
2454888.7610315973870456 17.2476730 0.0320042 0
2454888.7619598377496004 17.2380829 0.0320056 0
2454888.7628956018015742 17.2010117 0.0350061 0
2454888.7638631942681968 17.2238693 0.0370041 0
2454888.7647983795031905 17.2263165 0.0340062 0
2454888.7657763888128102 17.2083282 0.0350057 0
2454888.7667086804285645 17.2396812 0.0390046 0
2454888.7676403936930001 17.1627483 0.0340150 0
2454888.7685732636600733 17.2080879 0.0330058 0
2454888.7696270835585892 17.2386303 0.0410053 0
2454888.7705732639878988 17.1991177 0.0400049 0
2454888.7715084492228925 17.2626534 0.0430048 0
2454888.7724303239956498 17.2376404 0.0440052 0
2454888.7733620372600853 17.1995220 0.0450080 0
2454888.7743105324916542 17.1850090 0.0370062 0
2454888.7761843749321997 17.2415008977401 99 1
2454888.7771444446407259 17.2415008977401 99 1
2454888.7781050927005708 17.2415008977401 99 1
2454888.7790119214914739 17.2415008977401 99 1
2454888.7799465279094875 17.2415008977401 99 1
2454888.7809378472156823 17.2404995 0.0360085 0
2454888.7818875000812113 17.2146912 0.0340154 0
2454888.7828354164958000 17.2415008977401 99 1
2454888.7837873841635883 17.2415008977401 99 1
2454888.7847306714393198 17.2603130 0.0360062 0
2454888.7856895835138857 17.1745434 0.0340051 0
2454888.7866369211114943 17.2430573 0.0340050 0
2454888.7875900464132428 17.1812668 0.0310103 0
2454888.7885396992787719 17.2440147 0.0340063 0
2454888.7894795136526227 17.2137470 0.0340099 0
