0.95609756097561
2454887.7398140048608184 16.4968414 0.0140089 0
2454887.7406988427974284 16.5176888 0.0140115 0
2454887.7416172455996275 16.5223751 0.0140200 0
2454887.7425315971486270 16.5254822 0.0140162 0
2454887.7434355323202908 16.4996395 0.0140118 0
2454887.7444280092604458 16.5245590 0.0150144 0
2454887.7453365740366280 16.5177422 0.0150118 0
2454887.7462584492750466 16.4981861 0.0140126 0
2454887.7471716436557472 16.5065441 0.0140108 0
2454887.7480946760624647 16.5225449 0.0150069 0
2454887.7490032408386469 16.5172615 0.0150078 0
2454887.7499204860068858 16.5025940 0.0150156 0
2454887.7508365740068257 16.4804115 0.0140086 0
2454887.7517543979920447 16.4795589 0.0150078 0
2454887.7526531252078712 16.4992485 0.0140088 0
2454887.7535726851783693 16.4775295 0.0150055 0
2454887.7544905091635883 16.4372730 0.0140094 0
2454887.7554083331488073 16.4919548 0.0150100 0
2454887.7563325231894851 16.4834671 0.0150167 0
2454887.7572474535554647 16.5157337 0.0160177 0
2454887.7581785880029202 16.5420456 0.0160085 0
2454887.7590917823836207 16.5217838 0.0160129 0
2454887.7600171295925975 16.5053234 0.0150083 0
2454887.7618961804546416 16.5195675 0.0150075 0
2454887.7627902776002884 16.5172367 0.0150290 0
2454887.7637017359957099 16.4988098 0.0150077 0
2454887.7646328704431653 16.5335445 0.0150132 0
2454887.7655541668646038 16.5205574 0.0160091 0
2454887.7664656247943640 16.5118217 0.0160079 0
2454887.7674204860813916 16.5072823 0.0160083 0
2454887.7683498840779066 16.5045280 0.0150066 0
2454887.7693741898983717 16.5115395 0.0160072 0
2454887.7705530091188848 16.4802914 0.0160103 0
2454887.7714465279132128 16.5005550 0.0160107 0
2454887.7723736111074686 16.4682541 0.0170062 0
2454887.7732908562757075 16.5090847 0.0160089 0
2454887.7742555555887520 16.5016823 0.0160067 0
2454887.7751803239807487 16.4996204 0.0160070 0
2454887.7761074071750045 16.5163441 0.0170072 0
2454887.7770414352416992 16.5381718 0.0170108 0
2454887.7779604168608785 16.4955730 0.0160086 0
2454887.7788863424211740 16.4957199 0.0160121 0
2454887.7798122684471309 16.5062542 0.0150075 0
2454887.7807370368391275 16.5127468 0.0160121 0
2454887.7817167825996876 16.5204296 0.0170086 0
2454887.7835888890549541 16.4826279 0.0180196 0
2454887.7844922454096377 16.4972839 0.0190226 0
2454887.7854181714355946 16.4992943 0.0170070 0
2454887.7863481482490897 16.5104141 0.0170072 0
2454887.7872862266376615 16.4849987 0.0170098 0
2454887.7882127314805984 16.4796638 0.0180076 0
2454887.7891357638873160 16.4849339 0.0220075 0
2454887.7900576386600733 16.5169086 0.0240119 0
2454887.7909748842939734 16.4898624 0.0180114 0
2454887.7919089118950069 16.4634533 0.0190121 0
2454887.7928527779877186 16.4683914 0.0180105 0
2454887.7937896992079914 16.5574551 0.0190088 0
2454887.7947162035852671 16.5062885 0.0190083 0
2454887.7956571760587394 16.5231190 0.0230067 0
2454887.7965848380699754 16.5334873 0.0200110 0
2454887.7975275460630655 16.5140057 0.0190145 0
2454887.7985703703016043 16.4985161 0.0200101 0
2454887.7997063659131527 16.4859505 0.0210100 0
2454887.8006496527232230 16.5118580 0.0200399 0
2454887.8016322916373610 16.4728909 0.0190101 0
2454887.8026537038385868 16.4842377 0.0190078 0
2454887.8036947916261852 16.5268688 0.0220104 0
2454887.8047144678421319 16.4881668 0.0220114 0
2454887.8056924766860902 16.5335293 0.0220108 0
2454887.8066947916522622 16.5007477 0.0220103 0
2454887.8085750001482666 16.4899025 0.0230101 0
2454887.8095032409764826 16.4896469 0.0200092 0
2454887.8114725695922971 16.5052567 0.0230151 0
2454887.8123961803503335 16.5116081 0.0230100 0
2454887.8133319444023073 16.4893494 0.0220144 0
2454887.8142671296373010 16.4779396 0.0230123 0
2454887.8152069444768131 16.4979267 0.0230138 0
2454887.8161473381333053 16.4933739 0.0250126 0
2454887.8170964121818542 16.5074272 0.0270173 0
2454887.8191074072383344 16.5074196 0.0260096 0
2454887.8200408564880490 16.5396252 0.0280331 0
2454887.8209934029728174 16.5517139 0.0290267 0
2454887.8219609954394400 16.4803638 0.0250121 0
2454887.8229123842902482 16.5024681 0.0260140 0
2454887.8238782407715917 16.5026321 0.0280172 0
2454887.8248504628427327 16.4976692 0.0300284 0
2454887.8258990738540888 16.5149250 0.0370197 0
2454887.8268562499433756 16.5401001 0.0340392 0
2454887.8278082176111639 16.5179024 0.0320137 0
2454887.8287613424472511 16.5223598 0.0370276 0
2454887.8297381945885718 16.4383430 0.0330161 0
2454887.8306537037715316 16.5624466 0.0380499 0
2454887.8315848377533257 16.5484600 0.0380170 0
2454887.8325101854279637 16.5050640 0.0410252 0
2454887.8334546294063330 16.6118526 0.0420865 0
2454888.6674447916448116 16.4991894 0.0150148 0
2454888.6683608796447515 16.5200539 0.0140227 0
2454888.6692607640288770 16.4864388 0.0140186 0
2454888.6701681711710989 16.4909935 0.0140259 0
2454888.6710802083835006 16.4828720 0.0140316 0
2454888.6719829859212041 16.4788895 0.0140112 0
2454888.6729060183279216 16.4847641 0.0150147 0
2454888.6738012731075287 16.4760685 0.0140230 0
2454888.6747040511108935 16.4736671 0.0140324 0
2454888.6756184026598930 16.5156727 0.0140129 0
2454888.6765431715175509 16.4851990 0.0140152 0
2454888.6774395834654570 16.4947643 0.0140150 0
2454888.6895935186184943 16.4915066 0.0150061 0
2454888.6905084489844739 16.5003033 0.0140073 0
2454888.6914349538274109 16.4915485 0.0140087 0
2454888.6923412038013339 16.4938450 0.0150116 0
2454888.6932462961412966 16.4976559 0.0160070 0
2454888.6941357636824250 16.4874783 0.0160070 0
2454888.6950402776710689 16.4833050 0.0160065 0
2454888.6959453704766929 16.4771576 0.0160077 0
2454888.6968608796596527 16.5447540 0.0160065 0
2454888.7025194442830980 16.5097427 0.0260104 0
2454888.7034413195215166 16.5768642 0.0310073 0
2454888.7043498842976987 16.5020599 0.0300076 0
2454888.7072759261354804 16.5153255 0.0270075 0
2454888.7081872685812414 16.5757446 0.0310094 0
2454888.7090981481596828 16.5535717 0.0330088 0
2454888.7100136573426425 16.5785294 0.0420078 0
2454888.7109413193538785 16.5349388 0.0360099 0
2454888.7118799770250916 16.5049515 0.0340099 0
2454888.7128006946295500 16.4853764 0.0420106 0
2454888.7137162038125098 16.5550575 0.0390076 0
2454888.7146427081897855 16.4841042 0.0340155 0
2454888.7155553242191672 16.5439606 0.0400221 0
2454888.7165379631333053 16.4975300 0.0360068 0
2454888.7174476850777864 16.5183182 0.0380113 0
2454888.7183736111037433 16.5237446 0.0450074 0
2454888.7193006942979991 16.5233974 0.0380105 0
2454888.7211502315476537 16.4908524 0.0540147 0
2454888.7220478011295199 16.504187175 99 1
2454888.7229563659057021 16.504187175 99 1
2454888.7238770835101604 16.504187175 99 1
2454888.7247787038795650 16.504187175 99 1
2454888.7256785877980292 16.6086273 0.0700130 0
2454888.7266351850703359 16.4829559 0.0360064 0
2454888.7275616899132729 16.5002480 0.0320070 0
2454888.7284939815290272 16.5098057 0.0290071 0
2454888.7294222223572433 16.5357990 0.0310064 0
2454888.7312717591412365 16.3983059 0.0290111 0
2454888.7321843751706183 16.4169827 0.0280097 0
2454888.7331114583648741 16.5317039 0.0250066 0
2454888.7340130787342787 16.4711723 0.0230057 0
2454888.7349737267941236 16.4785500 0.0220061 0
2454888.7358950232155621 16.5327988 0.0250083 0
2454888.7368302084505558 16.4864025 0.0220172 0
2454888.7377503472380340 16.4759331 0.0210084 0
2454888.7386693288572133 16.5296841 0.0230102 0
2454888.7395883100107312 16.5068264 0.0200128 0
2454888.7405211804434657 16.5221748 0.0200055 0
2454888.7414523148909211 16.4952469 0.0190080 0
2454888.7423770832829177 16.4720860 0.0190100 0
2454888.7433151621371508 16.5185318 0.0200078 0
2454888.7442549769766629 16.5129108 0.0190061 0
2454888.7451936341822147 16.5405426 0.0220088 0
2454888.7461322918534279 16.4701366 0.0220086 0
2454888.7470535878092051 16.4939766 0.0180099 0
2454888.7479812498204410 16.4675007 0.0240133 0
2454888.7489129630848765 16.5061054 0.0190048 0
2454888.7498718751594424 16.5454197 0.0220067 0
2454888.7507966435514390 16.4879112 0.0200065 0
2454888.7517289351671934 16.4837074 0.0190066 0
2454888.7526432871818542 16.5395947 0.0250120 0
2454888.7535784724168479 16.5199471 0.0200072 0
2454888.7545165508054197 16.4948616 0.0220089 0
2454888.7554476852528751 16.5008907 0.0190085 0
2454888.7563805556856096 16.4942436 0.0190088 0
2454888.7573082176968455 16.4914837 0.0200065 0
2454888.7582358797080815 16.4928837 0.0200100 0
2454888.7591681713238358 16.4913692 0.0190061 0
2454888.7600981481373310 16.4751625 0.0190077 0
2454888.7610315973870456 16.5116749 0.0180075 0
2454888.7619598377496004 16.5120831 0.0190094 0
2454888.7628956018015742 16.4810123 0.0200107 0
2454888.7638631942681968 16.4948711 0.0210072 0
2454888.7647983795031905 16.4613152 0.0190111 0
2454888.7657763888128102 16.4783287 0.0200100 0
2454888.7667086804285645 16.5146809 0.0220082 0
2454888.7676403936930001 16.4527473 0.0200255 0
2454888.7685732636600733 16.4840870 0.0190101 0
2454888.7696270835585892 16.5206299 0.0230094 0
2454888.7705732639878988 16.4941177 0.0230085 0
2454888.7715084492228925 16.4856548 0.0230090 0
2454888.7724303239956498 16.4946404 0.0240096 0
2454888.7733620372600853 16.4955215 0.0260138 0
2454888.7743105324916542 16.5320091 0.0230100 0
2454888.7761843749321997 16.5324326 0.0400120 0
2454888.7771444446407259 16.5659351 0.0551142 0
2454888.7781050927005708 16.504187175 99 1
2454888.7790119214914739 16.504187175 99 1
2454888.7799465279094875 16.504187175 99 1
2454888.7809378472156823 16.4924984 0.0200154 0
2454888.7818875000812113 16.4846916 0.0190275 0
2454888.7828354164958000 16.504187175 99 1
2454888.7837873841635883 16.504187175 99 1
2454888.7847306714393198 16.4743137 0.0200111 0
2454888.7856895835138857 16.5265427 0.0200087 0
2454888.7866369211114943 16.4860554 0.0190089 0
2454888.7875900464132428 16.4952679 0.0190169 0
2454888.7885396992787719 16.4790154 0.0190112 0
2454888.7894795136526227 16.4817467 0.0200169 0
