0.917073170731707
2454887.7398140048608184 16.9258404 0.0180069 0
2454887.7406988427974284 16.9476891 0.0180089 0
2454887.7416172455996275 16.9673767 0.0190148 0
2454887.7425315971486270 16.9394836 0.0190119 0
2454887.7434355323202908 16.9436378 0.0190087 0
2454887.7444280092604458 16.9615593 0.0200108 0
2454887.7453365740366280 16.9417419 0.0190093 0
2454887.7462584492750466 16.9671879 0.0190093 0
2454887.7471716436557472 16.9675446 0.0190080 0
2454887.7480946760624647 16.9295444 0.0190054 0
2454887.7490032408386469 16.9482613 0.0190061 0
2454887.7499204860068858 16.9295959 0.0190123 0
2454887.7508365740068257 16.9464111 0.0190063 0
2454887.7517543979920447 16.9565601 0.0200058 0
2454887.7526531252078712 16.9342480 0.0190065 0
2454887.7535726851783693 16.9665298 0.0200041 0
2454887.7544905091635883 16.9442730 0.0200066 0
2454887.7554083331488073 16.9439545 0.0210072 0
2454887.7563325231894851 16.9774685 0.0200125 0
2454887.7572474535554647 16.9857330 0.0220129 0
2454887.7581785880029202 16.9810448 0.0210065 0
2454887.7590917823836207 16.9627838 0.0210099 0
2454887.7600171295925975 16.9713230 0.0200062 0
2454887.7618961804546416 16.9615669 0.0210054 0
2454887.7627902776002884 16.9862347 0.0200217 0
2454887.7637017359957099 16.9658089 0.0200058 0
2454887.7646328704431653 16.9845448 0.0210094 0
2454887.7655541668646038 16.9625587 0.0210069 0
2454887.7664656247943640 16.9518223 0.0220058 0
2454887.7674204860813916 16.9562836 0.0220060 0
2454887.7683498840779066 16.9545269 0.0210047 0
2454887.7693741898983717 16.9645386 0.0230050 0
2454887.7705530091188848 16.9642906 0.0230071 0
2454887.7714465279132128 16.9375553 0.0210082 0
2454887.7723736111074686 16.9692554 0.0240044 0
2454887.7732908562757075 16.9740849 0.0220065 0
2454887.7742555555887520 16.9746819 0.0220049 0
2454887.7751803239807487 16.9236202 0.0230048 0
2454887.7761074071750045 16.9543457 0.0230053 0
2454887.7770414352416992 16.9931698 0.0240077 0
2454887.7779604168608785 16.9615726 0.0220063 0
2454887.7788863424211740 16.9897213 0.0230084 0
2454887.7798122684471309 16.9702549 0.0220051 0
2454887.7807370368391275 16.9857464 0.0230084 0
2454887.7817167825996876 16.9724293 0.0230064 0
2454887.7835888890549541 17.0146294 0.0260136 0
2454887.7844922454096377 16.9602852 0.0270159 0
2454887.7854181714355946 16.9862938 0.0240050 0
2454887.7863481482490897 16.9324150 0.0220055 0
2454887.7872862266376615 17.0179996 0.0260064 0
2454887.7882127314805984 16.9586639 0.0250055 0
2454887.7891357638873160 16.9899330 0.0340049 0
2454887.7900576386600733 16.9259090 0.0340084 0
2454887.7909748842939734 16.9998608 0.0270076 0
2454887.7919089118950069 16.9664536 0.0280082 0
2454887.7928527779877186 16.9573917 0.0270070 0
2454887.7937896992079914 16.9854565 0.0270062 0
2454887.7947162035852671 16.9382877 0.0270058 0
2454887.7956571760587394 16.8921185 0.0310050 0
2454887.7965848380699754 16.8974876 0.0270081 0
2454887.7975275460630655 16.9600048 0.0270102 0
2454887.7985703703016043 16.9335155 0.0300067 0
2454887.7997063659131527 16.9719524 0.0310068 0
2454887.8006496527232230 16.9878578 0.0300266 0
2454887.8016322916373610 16.9908905 0.0310062 0
2454887.8026537038385868 16.9842396 0.0290051 0
2454887.8036947916261852 17.0118675 0.0330069 0
2454887.8047144678421319 16.9411678 0.0320079 0
2454887.8056924766860902 16.9475288 0.0300079 0
2454887.8066947916522622 16.9607468 0.0320071 0
2454887.8085750001482666 16.9939022 0.0360065 0
2454887.8095032409764826 16.9766483 0.0300062 0
2454887.8114725695922971 16.9662571 0.0350100 0
2454887.8123961803503335 16.9696083 0.0350065 0
2454887.8133319444023073 17.0083504 0.0330096 0
2454887.8142671296373010 16.9029408 0.0350081 0
2454887.8152069444768131 16.9749260 0.0360088 0
2454887.8161473381333053 16.9323750 0.0370085 0
2454887.8170964121818542 17.0054283 0.0390120 0
2454887.8191074072383344 16.9814186 0.0380066 0
2454887.8200408564880490 16.9156246 0.0380244 0
2454887.8209934029728174 16.9937134 0.0420185 0
2454887.8219609954394400 16.956939687234 99 1
2454887.8229123842902482 16.9504662 0.0380096 0
2454887.8238782407715917 16.9746323 0.0420115 0
2454887.8248504628427327 16.9826698 0.0490174 0
2454887.8258990738540888 16.956939687234 99 1
2454887.8268562499433756 17.0811005 0.0570234 0
2454887.8278082176111639 17.0009041 0.0510086 0
2454887.8287613424472511 17.0093594 0.0590173 0
2454887.8297381945885718 16.9223423 0.0540099 0
2454887.8306537037715316 17.0114460 0.0550345 0
2454887.8315848377533257 16.9064598 0.0560115 0
2454887.8325101854279637 16.956939687234 99 1
2454887.8334546294063330 16.956939687234 99 1
2454888.6674447916448116 16.9621906 0.0210105 0
2454888.6683608796447515 16.9440536 0.0200159 0
2454888.6692607640288770 16.9444389 0.0190137 0
2454888.6701681711710989 16.9419937 0.0200181 0
2454888.6710802083835006 16.9288731 0.0200221 0
2454888.6719829859212041 16.9128895 0.0190082 0
2454888.6729060183279216 16.9637642 0.0220100 0
2454888.6738012731075287 16.9250698 0.0190170 0
2454888.6747040511108935 16.9346676 0.0200227 0
2454888.6756184026598930 16.9386730 0.0190095 0
2454888.6765431715175509 16.9501991 0.0190112 0
2454888.6774395834654570 16.9517651 0.0190111 0
2454888.6895935186184943 16.9295063 0.0200046 0
2454888.6905084489844739 16.9413033 0.0190054 0
2454888.6914349538274109 16.9475479 0.0200061 0
2454888.6923412038013339 16.9128437 0.0210083 0
2454888.6932462961412966 16.9626579 0.0220051 0
2454888.6941357636824250 16.9304790 0.0230049 0
2454888.6950402776710689 16.9613056 0.0230045 0
2454888.6959453704766929 16.9541588 0.0230053 0
2454888.6968608796596527 16.9717541 0.0230045 0
2454888.7025194442830980 16.9877415 0.0400068 0
2454888.7034413195215166 17.0058651 0.0440052 0
2454888.7043498842976987 17.0310593 0.0490046 0
2454888.7072759261354804 16.9193249 0.0390052 0
2454888.7081872685812414 16.9837456 0.0450065 0
2454888.7090981481596828 16.9895725 0.0480061 0
2454888.7100136573426425 16.8865299 0.0550059 0
2454888.7109413193538785 16.9649391 0.0520068 0
2454888.7118799770250916 16.8749523 0.0490068 0
2454888.7128006946295500 16.8773766 0.0580077 0
2454888.7137162038125098 16.9000587 0.0520057 0
2454888.7146427081897855 16.9271049 0.0520101 0
2454888.7155553242191672 16.956939687234 99 1
2454888.7165379631333053 16.9495296 0.0530046 0
2454888.7174476850777864 16.956939687234 99 1
2454888.7183736111037433 17.0487461 0.0710047 0
2454888.7193006942979991 16.9773979 0.0570070 0
2454888.7211502315476537 16.8798523 0.0740108 0
2454888.7220478011295199 16.956939687234 99 1
2454888.7229563659057021 16.956939687234 99 1
2454888.7238770835101604 16.956939687234 99 1
2454888.7247787038795650 16.956939687234 99 1
2454888.7256785877980292 16.956939687234 99 1
2454888.7266351850703359 16.9929543 0.0590039 0
2454888.7275616899132729 16.8562489 0.0470048 0
2454888.7284939815290272 16.9348049 0.0440047 0
2454888.7294222223572433 16.9807987 0.0450044 0
2454888.7312717591412365 16.9373074 0.0460070 0
2454888.7321843751706183 17.0269833 0.0480057 0
2454888.7331114583648741 16.9647045 0.0370044 0
2454888.7340130787342787 16.9171734 0.0340039 0
2454888.7349737267941236 17.0205498 0.0360038 0
2454888.7358950232155621 17.0087986 0.0380054 0
2454888.7368302084505558 16.9324017 0.0320118 0
2454888.7377503472380340 16.9659328 0.0320055 0
2454888.7386693288572133 16.9256840 0.0320073 0
2454888.7395883100107312 16.9248276 0.0290088 0
2454888.7405211804434657 16.9981728 0.0310035 0
2454888.7414523148909211 16.9462471 0.0280054 0
2454888.7423770832829177 17.0020866 0.0300063 0
2454888.7433151621371508 16.9475307 0.0280056 0
2454888.7442549769766629 16.9859104 0.0290040 0
2454888.7451936341822147 16.9225426 0.0310063 0
2454888.7461322918534279 16.9961357 0.0350054 0
2454888.7470535878092051 16.9469776 0.0270066 0
2454888.7479812498204410 16.9414997 0.0380084 0
2454888.7489129630848765 16.9981060 0.0280033 0
2454888.7498718751594424 16.9464207 0.0310048 0
2454888.7507966435514390 16.9869118 0.0300043 0
2454888.7517289351671934 16.9727058 0.0280045 0
2454888.7526432871818542 16.9795952 0.0370081 0
2454888.7535784724168479 16.9859467 0.0300048 0
2454888.7545165508054197 16.9408607 0.0330059 0
2454888.7554476852528751 16.9698925 0.0270060 0
2454888.7563805556856096 16.9592438 0.0280060 0
2454888.7573082176968455 17.0014839 0.0310042 0
2454888.7582358797080815 16.9288845 0.0310064 0
2454888.7591681713238358 16.9663696 0.0300039 0
2454888.7600981481373310 16.9391613 0.0310047 0
2454888.7610315973870456 16.9226742 0.0260052 0
2454888.7619598377496004 16.9670830 0.0280064 0
2454888.7628956018015742 16.9260120 0.0290074 0
2454888.7638631942681968 16.9348698 0.0300050 0
2454888.7647983795031905 17.0153160 0.0300070 0
2454888.7657763888128102 16.9613285 0.0290069 0
2454888.7667086804285645 16.9316807 0.0320056 0
2454888.7676403936930001 16.9157486 0.0280182 0
2454888.7685732636600733 16.9280872 0.0290066 0
2454888.7696270835585892 16.9556293 0.0340064 0
2454888.7705732639878988 16.8691177 0.0330059 0
2454888.7715084492228925 16.9616547 0.0360058 0
2454888.7724303239956498 16.9306412 0.0370062 0
2454888.7733620372600853 16.9345226 0.0400090 0
2454888.7743105324916542 16.9700089 0.0360064 0
2454888.7761843749321997 16.9704323 0.0600080 0
2454888.7771444446407259 16.956939687234 99 1
2454888.7781050927005708 16.956939687234 99 1
2454888.7790119214914739 16.956939687234 99 1
2454888.7799465279094875 16.956939687234 99 1
2454888.7809378472156823 16.9494991 0.0300102 0
2454888.7818875000812113 16.8926907 0.0270194 0
2454888.7828354164958000 16.956939687234 99 1
2454888.7837873841635883 16.956939687234 99 1
2454888.7847306714393198 16.9243126 0.0290077 0
2454888.7856895835138857 16.8885422 0.0280062 0
2454888.7866369211114943 16.9360561 0.0280060 0
2454888.7875900464132428 16.9362679 0.0270119 0
2454888.7885396992787719 16.9180145 0.0270079 0
2454888.7894795136526227 16.9267483 0.0270125 0
