0.985365853658537
2454887.7398140048608184 15.4288425 0.0080156 0
2454887.7406988427974284 15.4156904 0.0070229 0
2454887.7416172455996275 15.4253750 0.0080350 0
2454887.7425315971486270 15.4194822 0.0080283 0
2454887.7434355323202908 15.4196396 0.0080207 0
2454887.7444280092604458 15.4115572 0.0080270 0
2454887.7453365740366280 15.3997412 0.0070252 0
2454887.7462584492750466 15.4151869 0.0070251 0
2454887.7471716436557472 15.4045429 0.0070217 0
2454887.7480946760624647 15.4165449 0.0080129 0
2454887.7490032408386469 15.4142609 0.0080146 0
2454887.7499204860068858 15.4055939 0.0080293 0
2454887.7508365740068257 15.4154119 0.0080151 0
2454887.7517543979920447 15.3955593 0.0080145 0
2454887.7526531252078712 15.4072475 0.0080154 0
2454887.7535726851783693 15.4175310 0.0080103 0
2454887.7544905091635883 15.4112730 0.0080165 0
2454887.7554083331488073 15.4089546 0.0080188 0
2454887.7563325231894851 15.4054680 0.0080312 0
2454887.7572474535554647 15.4067326 0.0080354 0
2454887.7581785880029202 15.4080448 0.0080169 0
2454887.7590917823836207 15.4207821 0.0080259 0
2454887.7600171295925975 15.4093237 0.0080155 0
2454887.7618961804546416 15.4045668 0.0080141 0
2454887.7627902776002884 15.4042368 0.0080542 0
2454887.7637017359957099 15.4018106 0.0080145 0
2454887.7646328704431653 15.4065428 0.0080247 0
2454887.7655541668646038 15.4075565 0.0080182 0
2454887.7664656247943640 15.4088230 0.0080159 0
2454887.7674204860813916 15.3982840 0.0080165 0
2454887.7683498840779066 15.4095297 0.0080124 0
2454887.7693741898983717 15.4065390 0.0080144 0
2454887.7705530091188848 15.4172907 0.0080205 0
2454887.7714465279132128 15.4045553 0.0080214 0
2454887.7723736111074686 15.3962545 0.0090116 0
2454887.7732908562757075 15.4150839 0.0080179 0
2454887.7742555555887520 15.4016819 0.0080134 0
2454887.7751803239807487 15.3926201 0.0080139 0
2454887.7761074071750045 15.4053450 0.0090135 0
2454887.7770414352416992 15.3971710 0.0080230 0
2454887.7779604168608785 15.4135742 0.0080173 0
2454887.7788863424211740 15.4277201 0.0080241 0
2454887.7798122684471309 15.4012556 0.0080141 0
2454887.7807370368391275 15.4167461 0.0080242 0
2454887.7817167825996876 15.4164295 0.0080183 0
2454887.7835888890549541 15.4186287 0.0090392 0
2454887.7844922454096377 15.4112835 0.0090477 0
2454887.7854181714355946 15.4002943 0.0080149 0
2454887.7863481482490897 15.3744135 0.0080152 0
2454887.7872862266376615 15.4209986 0.0090185 0
2454887.7882127314805984 15.4026613 0.0090151 0
2454887.7891357638873160 15.4069347 0.0110150 0
2454887.7900576386600733 15.3919086 0.0110258 0
2454887.7909748842939734 15.4288616 0.0090227 0
2454887.7919089118950069 15.4034510 0.0090255 0
2454887.7928527779877186 15.3823910 0.0090210 0
2454887.7937896992079914 15.4014540 0.0090186 0
2454887.7947162035852671 15.4092875 0.0090175 0
2454887.7956571760587394 15.3811188 0.0100154 0
2454887.7965848380699754 15.3944883 0.0090244 0
2454887.7975275460630655 15.3930054 0.0090305 0
2454887.7985703703016043 15.4145155 0.0100202 0
2454887.7997063659131527 15.3839512 0.0100211 0
2454887.8006496527232230 15.4218597 0.0100796 0
2454887.8016322916373610 15.3728914 0.0090213 0
2454887.8026537038385868 15.3932381 0.0090165 0
2454887.8036947916261852 15.3968678 0.0100229 0
2454887.8047144678421319 15.4021673 0.0100251 0
2454887.8056924766860902 15.3935280 0.0100236 0
2454887.8066947916522622 15.4077473 0.0100226 0
2454887.8085750001482666 15.3909035 0.0100233 0
2454887.8095032409764826 15.4106483 0.0100185 0
2454887.8114725695922971 15.3942566 0.0110316 0
2454887.8123961803503335 15.4066076 0.0110208 0
2454887.8133319444023073 15.3823490 0.0100317 0
2454887.8142671296373010 15.3809395 0.0110258 0
2454887.8152069444768131 15.3849268 0.0110289 0
2454887.8161473381333053 15.3993721 0.0110285 0
2454887.8170964121818542 15.3974257 0.0120388 0
2454887.8191074072383344 15.4024200 0.0110227 0
2454887.8200408564880490 15.4216242 0.0130711 0
2454887.8209934029728174 15.4167147 0.0120645 0
2454887.8219609954394400 15.4063635 0.0120251 0
2454887.8229123842902482 15.3964672 0.0120304 0
2454887.8238782407715917 15.3936329 0.0120402 0
2454887.8248504628427327 15.3926687 0.0130654 0
2454887.8258990738540888 15.3629236 0.0150486 0
2454887.8268562499433756 15.4201012 0.0150886 0
2454887.8278082176111639 15.3999033 0.0130336 0
2454887.8287613424472511 15.3403606 0.0150679 0
2454887.8297381945885718 15.3563414 0.0140380 0
2454887.8306537037715316 15.4254475 0.0151261 0
2454887.8315848377533257 15.3754616 0.0150430 0
2454887.8325101854279637 15.3820648 0.0160644 0
2454887.8334546294063330 15.4448538 0.0162256 0
2454888.6674447916448116 15.3961887 0.0080276 0
2454888.6683608796447515 15.3870554 0.0080397 0
2454888.6692607640288770 15.4004374 0.0080325 0
2454888.6701681711710989 15.3919935 0.0080453 0
2454888.6710802083835006 15.3918705 0.0080552 0
2454888.6719829859212041 15.3958902 0.0080195 0
2454888.6729060183279216 15.3937654 0.0080275 0
2454888.6738012731075287 15.4050684 0.0080402 0
2454888.6747040511108935 15.3976669 0.0080565 0
2454888.6756184026598930 15.3946724 0.0070258 0
2454888.6765431715175509 15.4002008 0.0080266 0
2454888.6774395834654570 15.4017649 0.0070300 0
2454888.6895935186184943 15.3885069 0.0080114 0
2454888.6905084489844739 15.4073029 0.0070147 0
2454888.6914349538274109 15.4045467 0.0080152 0
2454888.6923412038013339 15.3898449 0.0080218 0
2454888.6932462961412966 15.3966560 0.0080139 0
2454888.6941357636824250 15.3934774 0.0080140 0
2454888.6950402776710689 15.4113045 0.0090116 0
2454888.6959453704766929 15.4001579 0.0090136 0
2454888.6968608796596527 15.4197540 0.0080130 0
2454888.7025194442830980 15.3937416 0.0120225 0
2454888.7034413195215166 15.3948641 0.0130175 0
2454888.7043498842976987 15.3860598 0.0130175 0
2454888.7072759261354804 15.4063234 0.0130155 0
2454888.7081872685812414 15.3937435 0.0130225 0
2454888.7090981481596828 15.3875723 0.0130224 0
2454888.7100136573426425 15.3725300 0.0170192 0
2454888.7109413193538785 15.3679390 0.0150237 0
2454888.7118799770250916 15.3919516 0.0150223 0
2454888.7128006946295500 15.4013777 0.0170261 0
2454888.7137162038125098 15.4050589 0.0160184 0
2454888.7146427081897855 15.3831043 0.0150351 0
2454888.7155553242191672 15.4039602 0.0160551 0
2454888.7165379631333053 15.4095287 0.0160153 0
2454888.7174476850777864 15.3893185 0.0160269 0
2454888.7183736111037433 15.3917446 0.0190175 0
2454888.7193006942979991 15.4023972 0.0160248 0
2454888.7211502315476537 15.3918524 0.0230346 0
2454888.7220478011295199 15.3871155 0.0300309 0
2454888.7229563659057021 15.3560801 0.0370311 0
2454888.7238770835101604 15.5238333 0.0770352 0
2454888.7247787038795650 15.3964987 0.0440367 0
2454888.7256785877980292 15.3906298 0.0250364 0
2454888.7266351850703359 15.4139557 0.0170137 0
2454888.7275616899132729 15.4092484 0.0140159 0
2454888.7284939815290272 15.3838043 0.0120173 0
2454888.7294222223572433 15.4217987 0.0140141 0
2454888.7312717591412365 15.3843069 0.0140230 0
2454888.7321843751706183 15.3829842 0.0130210 0
2454888.7331114583648741 15.3867035 0.0110149 0
2454888.7340130787342787 15.3941736 0.0110120 0
2454888.7349737267941236 15.4005499 0.0100135 0
2454888.7358950232155621 15.3928003 0.0110188 0
2454888.7368302084505558 15.3604031 0.0110343 0
2454888.7377503472380340 15.3849344 0.0100176 0
2454888.7386693288572133 15.3526831 0.0100235 0
2454888.7395883100107312 15.3778267 0.0100256 0
2454888.7405211804434657 15.3771744 0.0090121 0
2454888.7414523148909211 15.3902473 0.0090169 0
2454888.7423770832829177 15.4060860 0.0100189 0
2454888.7433151621371508 15.3835316 0.0090174 0
2454888.7442549769766629 15.3839111 0.0090128 0
2454888.7451936341822147 15.3785429 0.0100195 0
2454888.7461322918534279 15.3461380 0.0100189 0
2454888.7470535878092051 15.3819771 0.0090198 0
2454888.7479812498204410 15.3075008 0.0110289 0
2454888.7489129630848765 15.3901043 0.0090102 0
2454888.7498718751594424 15.3684206 0.0100147 0
2454888.7507966435514390 15.3999109 0.0100129 0
2454888.7517289351671934 15.3817062 0.0090140 0
2454888.7526432871818542 15.3395939 0.0110273 0
2454888.7535784724168479 15.4099464 0.0100144 0
2454888.7545165508054197 15.3498611 0.0100195 0
2454888.7554476852528751 15.3858900 0.0090179 0
2454888.7563805556856096 15.3832445 0.0090186 0
2454888.7573082176968455 15.3544846 0.0090144 0
2454888.7582358797080815 15.3788834 0.0100199 0
2454888.7591681713238358 15.3843699 0.0090129 0
2454888.7600981481373310 15.3901606 0.0100146 0
2454888.7610315973870456 15.3846750 0.0090150 0
2454888.7619598377496004 15.3930836 0.0090198 0
2454888.7628956018015742 15.3810110 0.0100213 0
2454888.7638631942681968 15.3908701 0.0100150 0
2454888.7647983795031905 15.3753166 0.0090234 0
2454888.7657763888128102 15.3803291 0.0090222 0
2454888.7667086804285645 15.3936825 0.0100180 0
2454888.7676403936930001 15.3807478 0.0100508 0
2454888.7685732636600733 15.3980885 0.0090214 0
2454888.7696270835585892 15.3736286 0.0100216 0
2454888.7705732639878988 15.3631182 0.0100195 0
2454888.7715084492228925 15.3686552 0.0100208 0
2454888.7724303239956498 15.3546410 0.0100229 0
2454888.7733620372600853 15.3555222 0.0120299 0
2454888.7743105324916542 15.3800077 0.0100231 0
2454888.7761843749321997 15.4054327 0.0160300 0
2454888.7771444446407259 15.3409357 0.0212973 0
2454888.7781050927005708 15.3963766 0.0361317 0
2454888.7790119214914739 15.3828440 0.0692113 0
2454888.7799465279094875 15.3956605722772 99 1
2454888.7809378472156823 15.4035006 0.0100307 0
2454888.7818875000812113 15.3756895 0.0090579 0
2454888.7828354164958000 15.3956605722772 99 1
2454888.7837873841635883 15.3956605722772 99 1
2454888.7847306714393198 15.4283133 0.0100222 0
2454888.7856895835138857 15.3935413 0.0090194 0
2454888.7866369211114943 15.3870564 0.0090188 0
2454888.7875900464132428 15.4112682 0.0090356 0
2454888.7885396992787719 15.4050150 0.0100212 0
2454888.7894795136526227 15.3777475 0.0090374 0
