0.985365853658537
2454887.7398140048608184 12.9368420 0.0020616 0
2454887.7406988427974284 12.9376898 0.0020787 0
2454887.7416172455996275 12.9283752 0.0021357 0
2454887.7425315971486270 12.9314823 0.0021103 0
2454887.7434355323202908 12.9346390 0.0020813 0
2454887.7444280092604458 12.9245577 0.0021054 0
2454887.7453365740366280 12.9307413 0.0020863 0
2454887.7462584492750466 12.9471874 0.0020861 0
2454887.7471716436557472 12.9375429 0.0020745 0
2454887.7480946760624647 12.9395447 0.0020511 0
2454887.7490032408386469 12.9342604 0.0020575 0
2454887.7499204860068858 12.9385939 0.0021140 0
2454887.7508365740068257 12.9344120 0.0020594 0
2454887.7517543979920447 12.9395590 0.0020574 0
2454887.7526531252078712 12.9442472 0.0020608 0
2454887.7535726851783693 12.9385309 0.0020406 0
2454887.7544905091635883 12.9512730 0.0020650 0
2454887.7554083331488073 12.9279547 0.0020740 0
2454887.7563325231894851 12.9344683 0.0021213 0
2454887.7572474535554647 12.9177332 0.0021373 0
2454887.7581785880029202 12.9350443 0.0020667 0
2454887.7590917823836207 12.9337826 0.0021010 0
2454887.7600171295925975 12.9233236 0.0020610 0
2454887.7618961804546416 12.9315672 0.0020555 0
2454887.7627902776002884 12.9262362 0.0022068 0
2454887.7637017359957099 12.9368105 0.0020573 0
2454887.7646328704431653 12.9305429 0.0020968 0
2454887.7655541668646038 12.9225559 0.0020717 0
2454887.7664656247943640 12.9288235 0.0020625 0
2454887.7674204860813916 12.9362841 0.0020650 0
2454887.7683498840779066 12.9265299 0.0020489 0
2454887.7693741898983717 12.9305382 0.0020568 0
2454887.7705530091188848 12.9302912 0.0020806 0
2454887.7714465279132128 12.9195557 0.0020839 0
2454887.7723736111074686 12.9282551 0.0020518 0
2454887.7732908562757075 12.9430838 0.0020703 0
2454887.7742555555887520 12.9286823 0.0020528 0
2454887.7751803239807487 12.9316206 0.0020550 0
2454887.7761074071750045 12.9333448 0.0020599 0
2454887.7770414352416992 12.9271708 0.0020901 0
2454887.7779604168608785 12.9235744 0.0020679 0
2454887.7788863424211740 12.9297199 0.0020942 0
2454887.7798122684471309 12.9452553 0.0020558 0
2454887.7807370368391275 12.9417458 0.0020946 0
2454887.7817167825996876 12.9334288 0.0020721 0
2454887.7835888890549541 12.9236279 0.0021696 0
2454887.7844922454096377 12.9382839 0.0022048 0
2454887.7854181714355946 12.9282942 0.0020590 0
2454887.7863481482490897 12.9334135 0.0020601 0
2454887.7872862266376615 12.9279985 0.0020816 0
2454887.7882127314805984 12.9316626 0.0020670 0
2454887.7891357638873160 12.9219351 0.0030547 0
2454887.7900576386600733 12.9089088 0.0030934 0
2454887.7909748842939734 12.9188614 0.0020998 0
2454887.7919089118950069 12.9224510 0.0021119 0
2454887.7928527779877186 12.9233913 0.0020927 0
2454887.7937896992079914 12.9224539 0.0020822 0
2454887.7947162035852671 12.9122868 0.0020771 0
2454887.7956571760587394 12.9321194 0.0030508 0
2454887.7965848380699754 12.9184885 0.0021070 0
2454887.7975275460630655 12.9140053 0.0021330 0
2454887.7985703703016043 12.9155159 0.0030666 0
2454887.7997063659131527 12.9289513 0.0030695 0
2454887.8006496527232230 12.9208603 0.0032555 0
2454887.8016322916373610 12.9108915 0.0020936 0
2454887.8026537038385868 12.9272385 0.0030491 0
2454887.8036947916261852 12.9208679 0.0030755 0
2454887.8047144678421319 12.9311676 0.0030826 0
2454887.8056924766860902 12.9095287 0.0030779 0
2454887.8066947916522622 12.9017477 0.0021101 0
2454887.8085750001482666 12.9209042 0.0021133 0
2454887.8095032409764826 12.9116488 0.0020904 0
2454887.8114725695922971 12.9102564 0.0031140 0
2454887.8123961803503335 12.9216080 0.0021114 0
2454887.8133319444023073 12.9163494 0.0031041 0
2454887.8142671296373010 12.9379396 0.0030931 0
2454887.8152069444768131 12.9039268 0.0031044 0
2454887.8161473381333053 12.9143724 0.0031029 0
2454887.8170964121818542 12.9034252 0.0031516 0
2454887.8191074072383344 12.9174204 0.0030820 0
2454887.8200408564880490 12.9336243 0.0032944 0
2454887.8209934029728174 12.9157143 0.0032483 0
2454887.8219609954394400 12.9113646 0.0030990 0
2454887.8229123842902482 12.8924665 0.0031193 0
2454887.8238782407715917 12.9056330 0.0031568 0
2454887.8248504628427327 12.9006681 0.0032717 0
2454887.8258990738540888 12.8849239 0.0032343 0
2454887.8268562499433756 12.8831015 0.0034155 0
2454887.8278082176111639 12.9109030 0.0031425 0
2454887.8287613424472511 12.9403601 0.0033228 0
2454887.8297381945885718 12.9213419 0.0031726 0
2454887.8306537037715316 12.9684477 0.0035774 0
2454887.8315848377533257 12.9604616 0.0032081 0
2454887.8325101854279637 12.9280653 0.0033262 0
2454887.8334546294063330 12.9138536 0.0040336 0
2454888.6674447916448116 12.9361887 0.0021078 0
2454888.6683608796447515 12.9440546 0.0021533 0
2454888.6692607640288770 12.9394379 0.0021263 0
2454888.6701681711710989 12.9419928 0.0021740 0
2454888.6710802083835006 12.9418707 0.0022104 0
2454888.6719829859212041 12.9468899 0.0020767 0
2454888.6729060183279216 12.9357653 0.0021071 0
2454888.6738012731075287 12.9440680 0.0021553 0
2454888.6747040511108935 12.9456673 0.0022154 0
2454888.6756184026598930 12.9366732 0.0020886 0
2454888.6765431715175509 12.9362001 0.0021038 0
2454888.6774395834654570 12.9317656 0.0021027 0
2454888.6895935186184943 12.9385071 0.0020452 0
2454888.6905084489844739 12.9453020 0.0020508 0
2454888.6914349538274109 12.9515467 0.0020599 0
2454888.6923412038013339 12.9368448 0.0020853 0
2454888.6932462961412966 12.9376564 0.0020550 0
2454888.6941357636824250 12.9394779 0.0020553 0
2454888.6950402776710689 12.9323053 0.0020514 0
2454888.6959453704766929 12.9401579 0.0020605 0
2454888.6968608796596527 12.9287539 0.0020514 0
2454888.7025194442830980 12.9317417 0.0030889 0
2454888.7034413195215166 12.9348640 0.0030750 0
2454888.7043498842976987 12.9230595 0.0030748 0
2454888.7072759261354804 12.9313231 0.0030666 0
2454888.7081872685812414 12.9287434 0.0030961 0
2454888.7090981481596828 12.9305716 0.0030957 0
2454888.7100136573426425 12.9205303 0.0031070 0
2454888.7109413193538785 12.9249392 0.0031164 0
2454888.7118799770250916 12.9279509 0.0031097 0
2454888.7128006946295500 12.9303780 0.0041096 0
2454888.7137162038125098 12.9330587 0.0030966 0
2454888.7146427081897855 12.9371042 0.0031706 0
2454888.7155553242191672 12.9109602 0.0042152 0
2454888.7165379631333053 12.9235287 0.0030806 0
2454888.7174476850777864 12.9353180 0.0041064 0
2454888.7183736111037433 12.9377441 0.0040823 0
2454888.7193006942979991 12.9433966 0.0040981 0
2454888.7211502315476537 12.9258518 0.0041944 0
2454888.7220478011295199 12.9521151 0.0051824 0
2454888.7229563659057021 12.9420805 0.0061891 0
2454888.7238770835101604 12.9408331 0.0092963 0
2454888.7247787038795650 12.9264994 0.0072271 0
2454888.7256785877980292 12.9316292 0.0051790 0
2454888.7266351850703359 12.9269562 0.0030764 0
2454888.7275616899132729 12.9242487 0.0030736 0
2454888.7284939815290272 12.9258041 0.0030683 0
2454888.7294222223572433 12.9287987 0.0030653 0
2454888.7312717591412365 12.9373064 0.0031055 0
2454888.7321843751706183 12.9319839 0.0030896 0
2454888.7331114583648741 12.9237032 0.0030543 0
2454888.7340130787342787 12.9231739 0.0030435 0
2454888.7349737267941236 12.9285498 0.0030447 0
2454888.7358950232155621 12.9337997 0.0030683 0
2454888.7368302084505558 12.9434032 0.0031234 0
2454888.7377503472380340 12.9439344 0.0030583 0
2454888.7386693288572133 12.9306831 0.0021143 0
2454888.7395883100107312 12.9308262 0.0030843 0
2454888.7405211804434657 12.9281740 0.0020539 0
2454888.7414523148909211 12.9232473 0.0020747 0
2454888.7423770832829177 12.9170866 0.0020926 0
2454888.7433151621371508 12.9325314 0.0020767 0
2454888.7442549769766629 12.9319115 0.0020568 0
2454888.7451936341822147 12.9205427 0.0020951 0
2454888.7461322918534279 12.9241381 0.0030625 0
2454888.7470535878092051 12.9419765 0.0020872 0
2454888.7479812498204410 12.9325008 0.0031043 0
2454888.7489129630848765 12.9261045 0.0020455 0
2454888.7498718751594424 12.9214211 0.0020724 0
2454888.7507966435514390 12.9239111 0.0030429 0
2454888.7517289351671934 12.9227066 0.0020622 0
2454888.7526432871818542 12.9235935 0.0030987 0
2454888.7535784724168479 12.9149466 0.0030477 0
2454888.7545165508054197 12.9228611 0.0020955 0
2454888.7554476852528751 12.9228907 0.0020790 0
2454888.7563805556856096 12.9332438 0.0020819 0
2454888.7573082176968455 12.9234838 0.0030430 0
2454888.7582358797080815 12.9238834 0.0030657 0
2454888.7591681713238358 12.9193697 0.0020574 0
2454888.7600981481373310 12.9331608 0.0030484 0
2454888.7610315973870456 12.9296751 0.0020666 0
2454888.7619598377496004 12.9340830 0.0020873 0
2454888.7628956018015742 12.9340115 0.0021040 0
2454888.7638631942681968 12.9328699 0.0030497 0
2454888.7647983795031905 12.9373169 0.0021027 0
2454888.7657763888128102 12.9263287 0.0030660 0
2454888.7667086804285645 12.9236822 0.0030596 0
2454888.7676403936930001 12.9387474 0.0031653 0
2454888.7685732636600733 12.9280872 0.0020941 0
2454888.7696270835585892 12.9226303 0.0021055 0
2454888.7705732639878988 12.9251175 0.0020952 0
2454888.7715084492228925 12.9386549 0.0021014 0
2454888.7724303239956498 12.9336414 0.0030755 0
2454888.7733620372600853 12.9215221 0.0031176 0
2454888.7743105324916542 12.9300079 0.0021123 0
2454888.7761843749321997 12.9234324 0.0031559 0
2454888.7771444446407259 12.9519358 0.0053456 0
2454888.7781050927005708 12.9543762 0.0067453 0
2454888.7790119214914739 13.0978441 0.0131609 0
2454888.7799465279094875 12.9299526485149 99 1
2454888.7809378472156823 12.9385004 0.0031007 0
2454888.7818875000812113 12.9436893 0.0031694 0
2454888.7828354164958000 12.9299526485149 99 1
2454888.7837873841635883 12.9299526485149 99 1
2454888.7847306714393198 12.9163132 0.0030732 0
2454888.7856895835138857 12.9275408 0.0020856 0
2454888.7866369211114943 12.9280567 0.0020828 0
2454888.7875900464132428 12.9392681 0.0021544 0
2454888.7885396992787719 12.9240150 0.0021036 0
2454888.7894795136526227 12.9357481 0.0021623 0
