0.746341463414634
2454887.7398140048608184 17.6908417 0.0320039 0
2454887.7406988427974284 17.6786900 0.0310052 0
2454887.7416172455996275 17.6633759 0.0300094 0
2454887.7425315971486270 17.6954842 0.0310073 0
2454887.7434355323202908 17.6666374 0.0300055 0
2454887.7444280092604458 17.6905594 0.0310070 0
2454887.7453365740366280 17.6987419 0.0310057 0
2454887.7462584492750466 17.6791878 0.0310057 0
2454887.7471716436557472 17.6425438 0.0300051 0
2454887.7480946760624647 17.7005444 0.0320032 0
2454887.7490032408386469 17.6972618 0.0310038 0
2454887.7499204860068858 17.7035942 0.0330071 0
2454887.7508365740068257 17.6564121 0.0310039 0
2454887.7517543979920447 17.6835594 0.0320036 0
2454887.7526531252078712 17.6872482 0.0310040 0
2454887.7535726851783693 17.6825294 0.0320026 0
2454887.7544905091635883 17.6672726 0.0320041 0
2454887.7554083331488073 17.6819553 0.0350043 0
2454887.7563325231894851 17.6634674 0.0330076 0
2454887.7572474535554647 17.6537323 0.0350081 0
2454887.7581785880029202 17.6460438 0.0340040 0
2454887.7590917823836207 17.7397842 0.0370056 0
2454887.7600171295925975 17.6913223 0.0350035 0
2454887.7618961804546416 17.7035675 0.0340033 0
2454887.7627902776002884 17.6892357 0.0330132 0
2454887.7637017359957099 17.7188091 0.0340034 0
2454887.7646328704431653 17.6605434 0.0320062 0
2454887.7655541668646038 17.6725578 0.0360041 0
2454887.7664656247943640 17.7018223 0.0370034 0
2454887.7674204860813916 17.6582832 0.0370036 0
2454887.7683498840779066 17.6825275 0.0360027 0
2454887.7693741898983717 17.6845379 0.0390030 0
2454887.7705530091188848 17.6632919 0.0370044 0
2454887.7714465279132128 17.6195545 0.0340050 0
2454887.7723736111074686 17.6942558 0.0410026 0
2454887.7732908562757075 17.6940842 0.0370039 0
2454887.7742555555887520 17.7136822 0.0380028 0
2454887.7751803239807487 17.6996193 0.0410027 0
2454887.7761074071750045 17.7183456 0.0390031 0
2454887.7770414352416992 17.6921711 0.0390047 0
2454887.7779604168608785 17.7065735 0.0360038 0
2454887.7788863424211740 17.6987209 0.0380051 0
2454887.7798122684471309 17.6492558 0.0360031 0
2454887.7807370368391275 17.6987476 0.0380051 0
2454887.7817167825996876 17.6774292 0.0390038 0
2454887.7835888890549541 17.6966286 0.0450079 0
2454887.7844922454096377 17.7452850 0.0490088 0
2454887.7854181714355946 17.6522942 0.0400030 0
2454887.7863481482490897 17.6814137 0.0400031 0
2454887.7872862266376615 17.6709995 0.0420040 0
2454887.7882127314805984 17.6376629 0.0430032 0
2454887.7891357638873160 17.6389332 0.0550030 0
2454887.7900576386600733 17.7021718248366 99 1
2454887.7909748842939734 17.7018623 0.0460044 0
2454887.7919089118950069 17.6954536 0.0490047 0
2454887.7928527779877186 17.7583904 0.0490039 0
2454887.7937896992079914 17.7474556 0.0490034 0
2454887.7947162035852671 17.6212883 0.0450035 0
2454887.7956571760587394 17.8241177 0.0650024 0
2454887.7965848380699754 17.7184887 0.0520042 0
2454887.7975275460630655 17.7430058 0.0510054 0
2454887.7985703703016043 17.7645149 0.0550037 0
2454887.7997063659131527 17.6959515 0.0550038 0
2454887.8006496527232230 17.6768570 0.0500160 0
2454887.8016322916373610 17.6888905 0.0510038 0
2454887.8026537038385868 17.6022396 0.0490030 0
2454887.8036947916261852 17.8028679 0.0610038 0
2454887.8047144678421319 17.7611675 0.0610041 0
2454887.8056924766860902 17.7845287 0.0610039 0
2454887.8066947916522622 17.7021718248366 99 1
2454887.8085750001482666 17.7979031 0.0690034 0
2454887.8095032409764826 17.7686481 0.0580032 0
2454887.8114725695922971 17.6722584 0.0620056 0
2454887.8123961803503335 17.6976089 0.0610038 0
2454887.8133319444023073 17.6503506 0.0550058 0
2454887.8142671296373010 17.6609402 0.0640044 0
2454887.8152069444768131 17.7021718248366 99 1
2454887.8161473381333053 17.5773754 0.0610051 0
2454887.8170964121818542 17.8244267 0.0790059 0
2454887.8191074072383344 17.7554188 0.0750033 0
2454887.8200408564880490 17.7021718248366 99 1
2454887.8209934029728174 17.7021718248366 99 1
2454887.8219609954394400 17.7021718248366 99 1
2454887.8229123842902482 17.6934662 0.0690053 0
2454887.8238782407715917 17.7356319 0.0770063 0
2454887.8248504628427327 17.7021718248366 99 1
2454887.8258990738540888 17.7021718248366 99 1
2454887.8268562499433756 17.7021718248366 99 1
2454887.8278082176111639 17.7021718248366 99 1
2454887.8287613424472511 17.7021718248366 99 1
2454887.8297381945885718 17.7021718248366 99 1
2454887.8306537037715316 17.7021718248366 99 1
2454887.8315848377533257 17.7021718248366 99 1
2454887.8325101854279637 17.7021718248366 99 1
2454887.8334546294063330 17.7021718248366 99 1
2454888.6674447916448116 17.6651897 0.0360061 0
2454888.6683608796447515 17.6670532 0.0320099 0
2454888.6692607640288770 17.7004375 0.0320081 0
2454888.6701681711710989 17.6869926 0.0340107 0
2454888.6710802083835006 17.6448727 0.0320138 0
2454888.6719829859212041 17.6338882 0.0310050 0
2454888.6729060183279216 17.6737633 0.0340065 0
2454888.6738012731075287 17.6430683 0.0310104 0
2454888.6747040511108935 17.7016678 0.0340133 0
2454888.6756184026598930 17.7276726 0.0320057 0
2454888.6765431715175509 17.6851997 0.0320067 0
2454888.6774395834654570 17.6877651 0.0310068 0
2454888.6895935186184943 17.6635056 0.0330028 0
2454888.6905084489844739 17.6973038 0.0310033 0
2454888.6914349538274109 17.6895466 0.0320038 0
2454888.6923412038013339 17.6928444 0.0360048 0
2454888.6932462961412966 17.6436577 0.0350032 0
2454888.6941357636824250 17.6814785 0.0390029 0
2454888.6950402776710689 17.6813049 0.0400026 0
2454888.6959453704766929 17.7611580 0.0420029 0
2454888.6968608796596527 17.7177525 0.0370028 0
2454888.7025194442830980 17.6697426 0.0690039 0
2454888.7034413195215166 17.6398640 0.0770030 0
2454888.7043498842976987 17.7021718248366 99 1
2454888.7072759261354804 17.7021718248366 99 1
2454888.7081872685812414 17.6407452 0.0780038 0
2454888.7090981481596828 17.7445698 0.0900032 0
2454888.7100136573426425 17.7021718248366 99 1
2454888.7109413193538785 17.7021718248366 99 1
2454888.7118799770250916 17.7021718248366 99 1
2454888.7128006946295500 17.7021718248366 99 1
2454888.7137162038125098 17.7021718248366 99 1
2454888.7146427081897855 17.7021718248366 99 1
2454888.7155553242191672 17.7021718248366 99 1
2454888.7165379631333053 17.7021718248366 99 1
2454888.7174476850777864 17.7021718248366 99 1
2454888.7183736111037433 17.7021718248366 99 1
2454888.7193006942979991 17.7021718248366 99 1
2454888.7211502315476537 17.7021718248366 99 1
2454888.7220478011295199 17.7021718248366 99 1
2454888.7229563659057021 17.7021718248366 99 1
2454888.7238770835101604 17.7021718248366 99 1
2454888.7247787038795650 17.7021718248366 99 1
2454888.7256785877980292 17.7021718248366 99 1
2454888.7266351850703359 17.7021718248366 99 1
2454888.7275616899132729 17.7021718248366 99 1
2454888.7284939815290272 17.7398052 0.0820025 0
2454888.7294222223572433 17.7657986 0.0870023 0
2454888.7312717591412365 17.7021718248366 99 1
2454888.7321843751706183 17.8129826 0.0930029 0
2454888.7331114583648741 17.6517048 0.0630026 0
2454888.7340130787342787 17.6461735 0.0590022 0
2454888.7349737267941236 17.7265511 0.0580023 0
2454888.7358950232155621 17.6987991 0.0660031 0
2454888.7368302084505558 17.7684021 0.0610062 0
2454888.7377503472380340 17.6929340 0.0540033 0
2454888.7386693288572133 17.7036839 0.0580041 0
2454888.7395883100107312 17.7028275 0.0490052 0
2454888.7405211804434657 17.7451744 0.0550020 0
2454888.7414523148909211 17.7482471 0.0510030 0
2454888.7423770832829177 17.6650867 0.0490039 0
2454888.7433151621371508 17.7435322 0.0500031 0
2454888.7442549769766629 17.6039104 0.0450026 0
2454888.7451936341822147 17.7021718248366 99 1
2454888.7461322918534279 17.6301365 0.0570033 0
2454888.7470535878092051 17.7079773 0.0470038 0
2454888.7479812498204410 17.7021718248366 99 1
2454888.7489129630848765 17.7091064 0.0480019 0
2454888.7498718751594424 17.7814198 0.0590025 0
2454888.7507966435514390 17.5809116 0.0460028 0
2454888.7517289351671934 17.7857056 0.0510025 0
2454888.7526432871818542 17.7885952 0.0700043 0
2454888.7535784724168479 17.6949463 0.0500029 0
2454888.7545165508054197 17.6668606 0.0550036 0
2454888.7554476852528751 17.7168922 0.0470034 0
2454888.7563805556856096 17.7122440 0.0490034 0
2454888.7573082176968455 17.7114830 0.0500026 0
2454888.7582358797080815 17.7021718248366 99 1
2454888.7591681713238358 17.7003689 0.0500023 0
2454888.7600981481373310 17.7501621 0.0540027 0
2454888.7610315973870456 17.6706734 0.0460029 0
2454888.7619598377496004 17.7950840 0.0520034 0
2454888.7628956018015742 17.7021718248366 99 1
2454888.7638631942681968 17.7021718248366 99 1
2454888.7647983795031905 17.8053169 0.0550038 0
2454888.7657763888128102 17.6793270 0.0510039 0
2454888.7667086804285645 17.7456799 0.0570032 0
2454888.7676403936930001 17.7257481 0.0530096 0
2454888.7685732636600733 17.8510876 0.0570034 0
2454888.7696270835585892 17.7616291 0.0650033 0
2454888.7705732639878988 17.7431183 0.0650030 0
2454888.7715084492228925 17.8306541 0.0680031 0
2454888.7724303239956498 17.7346420 0.0660035 0
2454888.7733620372600853 17.7021718248366 99 1
2454888.7743105324916542 17.7021718248366 99 1
2454888.7761843749321997 17.7021718248366 99 1
2454888.7771444446407259 17.7021718248366 99 1
2454888.7781050927005708 17.7021718248366 99 1
2454888.7790119214914739 17.7021718248366 99 1
2454888.7799465279094875 17.7021718248366 99 1
2454888.7809378472156823 17.6905003 0.0500061 0
2454888.7818875000812113 17.6916904 0.0470111 0
2454888.7828354164958000 17.7021718248366 99 1
2454888.7837873841635883 17.7021718248366 99 1
2454888.7847306714393198 17.8053131 0.0570039 0
2454888.7856895835138857 17.7045422 0.0520034 0
2454888.7866369211114943 17.7150555 0.0500034 0
2454888.7875900464132428 17.6592674 0.0440073 0
2454888.7885396992787719 17.8180141 0.0550039 0
2454888.7894795136526227 17.7087479 0.0530064 0
