0.960975609756098
2454887.7398140048608184 16.5358410 0.0140089 0
2454887.7406988427974284 16.5386906 0.0140115 0
2454887.7416172455996275 16.5453758 0.0150187 0
2454887.7425315971486270 16.5224819 0.0140162 0
2454887.7434355323202908 16.5196381 0.0140118 0
2454887.7444280092604458 16.5315590 0.0150144 0
2454887.7453365740366280 16.5167427 0.0140126 0
2454887.7462584492750466 16.5091877 0.0140126 0
2454887.7471716436557472 16.5215435 0.0140108 0
2454887.7480946760624647 16.5265446 0.0140074 0
2454887.7490032408386469 16.5262604 0.0140083 0
2454887.7499204860068858 16.5115948 0.0140167 0
2454887.7508365740068257 16.5114117 0.0140086 0
2454887.7517543979920447 16.5245590 0.0150078 0
2454887.7526531252078712 16.5112476 0.0140088 0
2454887.7535726851783693 16.5265293 0.0150055 0
2454887.7544905091635883 16.5062714 0.0140094 0
2454887.7554083331488073 16.5449562 0.0160094 0
2454887.7563325231894851 16.5324669 0.0150167 0
2454887.7572474535554647 16.5497341 0.0160177 0
2454887.7581785880029202 16.5450459 0.0160085 0
2454887.7590917823836207 16.5327835 0.0160129 0
2454887.7600171295925975 16.5283222 0.0150083 0
2454887.7618961804546416 16.5225677 0.0150075 0
2454887.7627902776002884 16.5272350 0.0150290 0
2454887.7637017359957099 16.5278091 0.0150077 0
2454887.7646328704431653 16.5255451 0.0150132 0
2454887.7655541668646038 16.5305576 0.0160091 0
2454887.7664656247943640 16.5248222 0.0160079 0
2454887.7674204860813916 16.5152836 0.0160083 0
2454887.7683498840779066 16.5605278 0.0160062 0
2454887.7693741898983717 16.5145397 0.0160072 0
2454887.7705530091188848 16.5282917 0.0160103 0
2454887.7714465279132128 16.5025558 0.0160107 0
2454887.7723736111074686 16.5182552 0.0170062 0
2454887.7732908562757075 16.5250835 0.0160089 0
2454887.7742555555887520 16.5266819 0.0160067 0
2454887.7751803239807487 16.5296192 0.0170066 0
2454887.7761074071750045 16.5333443 0.0170072 0
2454887.7770414352416992 16.5091705 0.0170108 0
2454887.7779604168608785 16.5045738 0.0160086 0
2454887.7788863424211740 16.5177193 0.0160121 0
2454887.7798122684471309 16.5282555 0.0160071 0
2454887.7807370368391275 16.5157471 0.0160121 0
2454887.7817167825996876 16.5234280 0.0160092 0
2454887.7835888890549541 16.5486279 0.0190186 0
2454887.7844922454096377 16.5362835 0.0190226 0
2454887.7854181714355946 16.5392952 0.0170070 0
2454887.7863481482490897 16.5334148 0.0170072 0
2454887.7872862266376615 16.5319996 0.0180092 0
2454887.7882127314805984 16.5526638 0.0190072 0
2454887.7891357638873160 16.5059338 0.0230072 0
2454887.7900576386600733 16.5629101 0.0250114 0
2454887.7909748842939734 16.5188618 0.0180114 0
2454887.7919089118950069 16.5584526 0.0200115 0
2454887.7928527779877186 16.5193920 0.0190100 0
2454887.7937896992079914 16.5084553 0.0190088 0
2454887.7947162035852671 16.5322876 0.0200079 0
2454887.7956571760587394 16.5791187 0.0240064 0
2454887.7965848380699754 16.5554886 0.0200110 0
2454887.7975275460630655 16.5400066 0.0190145 0
2454887.7985703703016043 16.5335159 0.0210096 0
2454887.7997063659131527 16.5419521 0.0220096 0
2454887.8006496527232230 16.5238590 0.0210380 0
2454887.8016322916373610 16.5358906 0.0210091 0
2454887.8026537038385868 16.5462379 0.0210071 0
2454887.8036947916261852 16.5458679 0.0220104 0
2454887.8047144678421319 16.5521679 0.0230109 0
2454887.8056924766860902 16.5495281 0.0230103 0
2454887.8066947916522622 16.5597477 0.0240094 0
2454887.8085750001482666 16.5689030 0.0240097 0
2454887.8095032409764826 16.5366478 0.0210088 0
2454887.8114725695922971 16.5342579 0.0240145 0
2454887.8123961803503335 16.5706081 0.0250092 0
2454887.8133319444023073 16.6113491 0.0240132 0
2454887.8142671296373010 16.5719414 0.0260109 0
2454887.8152069444768131 16.5719280 0.0260122 0
2454887.8161473381333053 16.5803738 0.0260121 0
2454887.8170964121818542 16.5994263 0.0290161 0
2454887.8191074072383344 16.5274200 0.0250100 0
2454887.8200408564880490 16.6386242 0.0300309 0
2454887.8209934029728174 16.5947132 0.0290267 0
2454887.8219609954394400 16.5763645 0.0290104 0
2454887.8229123842902482 16.5814667 0.0280130 0
2454887.8238782407715917 16.5986309 0.0300161 0
2454887.8248504628427327 16.5766697 0.0320266 0
2454887.8258990738540888 16.5789261 0.0410178 0
2454887.8268562499433756 16.5720997 0.0360370 0
2454887.8278082176111639 16.5699024 0.0330133 0
2454887.8287613424472511 16.5833607 0.0400255 0
2454887.8297381945885718 16.5923424 0.0390137 0
2454887.8306537037715316 16.6024475 0.0380499 0
2454887.8315848377533257 16.5624599 0.0420154 0
2454887.8325101854279637 16.5190639 0.0410252 0
2454887.8334546294063330 16.6558533 0.0430845 0
2454888.6674447916448116 16.5361900 0.0160138 0
2454888.6683608796447515 16.5410538 0.0150212 0
2454888.6692607640288770 16.5074387 0.0150174 0
2454888.6701681711710989 16.5209923 0.0150242 0
2454888.6710802083835006 16.5148716 0.0150295 0
2454888.6719829859212041 16.5308895 0.0150104 0
2454888.6729060183279216 16.5567646 0.0150147 0
2454888.6738012731075287 16.5110683 0.0150215 0
2454888.6747040511108935 16.5446682 0.0150302 0
2454888.6756184026598930 16.5546722 0.0140129 0
2454888.6765431715175509 16.5191994 0.0140152 0
2454888.6774395834654570 16.5267639 0.0140150 0
2454888.6895935186184943 16.5185070 0.0150061 0
2454888.6905084489844739 16.5213032 0.0140073 0
2454888.6914349538274109 16.5295486 0.0150081 0
2454888.6923412038013339 16.5128441 0.0150116 0
2454888.6932462961412966 16.5176563 0.0150074 0
2454888.6941357636824250 16.5174789 0.0160070 0
2454888.6950402776710689 16.5013046 0.0170061 0
2454888.6959453704766929 16.5241585 0.0170072 0
2454888.6968608796596527 16.5047531 0.0160065 0
2454888.7025194442830980 16.5177422 0.0260104 0
2454888.7034413195215166 16.5628643 0.0310073 0
2454888.7043498842976987 16.5370598 0.0310073 0
2454888.7072759261354804 16.5143242 0.0280072 0
2454888.7081872685812414 16.5897446 0.0310094 0
2454888.7090981481596828 16.5385723 0.0310094 0
2454888.7100136573426425 16.6485310 0.0440074 0
2454888.7109413193538785 16.5599384 0.0370096 0
2454888.7118799770250916 16.5229530 0.0360093 0
2454888.7128006946295500 16.5933762 0.0470095 0
2454888.7137162038125098 16.5670586 0.0380077 0
2454888.7146427081897855 16.6131039 0.0390135 0
2454888.7155553242191672 16.5489597 0.0380232 0
2454888.7165379631333053 16.5765305 0.0380064 0
2454888.7174476850777864 16.5993176 0.0390111 0
2454888.7183736111037433 16.5237446 0.0450074 0
2454888.7193006942979991 16.4713974 0.0380105 0
2454888.7211502315476537 16.4618530 0.0550145 0
2454888.7220478011295199 16.5487415005076 99 1
2454888.7229563659057021 16.5487415005076 99 1
2454888.7238770835101604 16.5487415005076 99 1
2454888.7247787038795650 16.5487415005076 99 1
2454888.7256785877980292 16.5636272 0.0700130 0
2454888.7266351850703359 16.5039558 0.0390060 0
2454888.7275616899132729 16.5642490 0.0350064 0
2454888.7284939815290272 16.5308056 0.0300069 0
2454888.7294222223572433 16.5647984 0.0310064 0
2454888.7312717591412365 16.5603065 0.0330098 0
2454888.7321843751706183 16.5499840 0.0310088 0
2454888.7331114583648741 16.5347042 0.0270061 0
2454888.7340130787342787 16.5341721 0.0240055 0
2454888.7349737267941236 16.4935493 0.0210064 0
2454888.7358950232155621 16.4987984 0.0250083 0
2454888.7368302084505558 16.5544033 0.0230164 0
2454888.7377503472380340 16.5859337 0.0230077 0
2454888.7386693288572133 16.5566845 0.0220107 0
2454888.7395883100107312 16.5628262 0.0210122 0
2454888.7405211804434657 16.5391731 0.0210052 0
2454888.7414523148909211 16.5562458 0.0200076 0
2454888.7423770832829177 16.5730858 0.0210090 0
2454888.7433151621371508 16.5615330 0.0200078 0
2454888.7442549769766629 16.5409107 0.0200058 0
2454888.7451936341822147 16.6095428 0.0230085 0
2454888.7461322918534279 16.5351372 0.0230082 0
2454888.7470535878092051 16.5579777 0.0190094 0
2454888.7479812498204410 16.5655003 0.0270118 0
2454888.7489129630848765 16.5521049 0.0190048 0
2454888.7498718751594424 16.5264206 0.0210070 0
2454888.7507966435514390 16.5589123 0.0200065 0
2454888.7517289351671934 16.5847054 0.0200063 0
2454888.7526432871818542 16.6045952 0.0270111 0
2454888.7535784724168479 16.5519466 0.0210069 0
2454888.7545165508054197 16.5688610 0.0230085 0
2454888.7554476852528751 16.5338917 0.0190085 0
2454888.7563805556856096 16.5332432 0.0190088 0
2454888.7573082176968455 16.5354843 0.0210062 0
2454888.7582358797080815 16.5588837 0.0220091 0
2454888.7591681713238358 16.5803699 0.0200058 0
2454888.7600981481373310 16.5171623 0.0200073 0
2454888.7610315973870456 16.5196743 0.0190071 0
2454888.7619598377496004 16.5480824 0.0200089 0
2454888.7628956018015742 16.5710125 0.0210102 0
2454888.7638631942681968 16.5388699 0.0220068 0
2454888.7647983795031905 16.5843163 0.0200105 0
2454888.7657763888128102 16.5683289 0.0210095 0
2454888.7667086804285645 16.5476799 0.0230079 0
2454888.7676403936930001 16.5447483 0.0210242 0
2454888.7685732636600733 16.5280876 0.0200096 0
2454888.7696270835585892 16.5876293 0.0240090 0
2454888.7705732639878988 16.5811176 0.0250078 0
2454888.7715084492228925 16.5806541 0.0240087 0
2454888.7724303239956498 16.5486412 0.0260088 0
2454888.7733620372600853 16.5675220 0.0270133 0
2454888.7743105324916542 16.5770092 0.0250092 0
2454888.7761843749321997 16.5384331 0.0430112 0
2454888.7771444446407259 16.6269360 0.0670938 0
2454888.7781050927005708 16.7843761 0.1360349 0
2454888.7790119214914739 16.5487415005076 99 1
2454888.7799465279094875 16.5487415005076 99 1
2454888.7809378472156823 16.5354996 0.0210146 0
2454888.7818875000812113 16.5956917 0.0220237 0
2454888.7828354164958000 16.5487415005076 99 1
2454888.7837873841635883 16.5487415005076 99 1
2454888.7847306714393198 16.5903130 0.0220101 0
2454888.7856895835138857 16.6235428 0.0220079 0
2454888.7866369211114943 16.5970554 0.0210081 0
2454888.7875900464132428 16.6082668 0.0210153 0
2454888.7885396992787719 16.6070156 0.0220097 0
2454888.7894795136526227 16.6197472 0.0220153 0
