0.980487804878049
2454887.7398140048608184 15.4538422 0.0080156 0
2454887.7406988427974284 15.4466906 0.0080200 0
2454887.7416172455996275 15.4423752 0.0080350 0
2454887.7425315971486270 15.4444828 0.0080283 0
2454887.7434355323202908 15.4356394 0.0080207 0
2454887.7444280092604458 15.4475574 0.0080270 0
2454887.7453365740366280 15.4427414 0.0080220 0
2454887.7462584492750466 15.4341869 0.0080220 0
2454887.7471716436557472 15.4405432 0.0080190 0
2454887.7480946760624647 15.4305449 0.0080129 0
2454887.7490032408386469 15.4352608 0.0080146 0
2454887.7499204860068858 15.4395943 0.0080293 0
2454887.7508365740068257 15.4214115 0.0070172 0
2454887.7517543979920447 15.4255590 0.0080145 0
2454887.7526531252078712 15.4312477 0.0080154 0
2454887.7535726851783693 15.4385309 0.0080103 0
2454887.7544905091635883 15.4422731 0.0080165 0
2454887.7554083331488073 15.4459553 0.0080188 0
2454887.7563325231894851 15.4504681 0.0080312 0
2454887.7572474535554647 15.4417334 0.0080354 0
2454887.7581785880029202 15.4410448 0.0080169 0
2454887.7590917823836207 15.4347820 0.0080259 0
2454887.7600171295925975 15.4283237 0.0080155 0
2454887.7618961804546416 15.4325666 0.0080141 0
2454887.7627902776002884 15.4342365 0.0080542 0
2454887.7637017359957099 15.4448099 0.0080145 0
2454887.7646328704431653 15.4405432 0.0080247 0
2454887.7655541668646038 15.4365568 0.0080182 0
2454887.7664656247943640 15.4418230 0.0090141 0
2454887.7674204860813916 15.4412832 0.0080165 0
2454887.7683498840779066 15.4465294 0.0080124 0
2454887.7693741898983717 15.4445391 0.0080144 0
2454887.7705530091188848 15.4402914 0.0080205 0
2454887.7714465279132128 15.4315557 0.0080214 0
2454887.7723736111074686 15.4402552 0.0090116 0
2454887.7732908562757075 15.4500837 0.0080179 0
2454887.7742555555887520 15.4506826 0.0080134 0
2454887.7751803239807487 15.4376202 0.0080139 0
2454887.7761074071750045 15.4353447 0.0090135 0
2454887.7770414352416992 15.4391708 0.0080230 0
2454887.7779604168608785 15.4425745 0.0080173 0
2454887.7788863424211740 15.4317207 0.0080241 0
2454887.7798122684471309 15.4202557 0.0080141 0
2454887.7807370368391275 15.4367466 0.0080242 0
2454887.7817167825996876 15.4314289 0.0090163 0
2454887.7835888890549541 15.4436283 0.0090392 0
2454887.7844922454096377 15.4592838 0.0090477 0
2454887.7854181714355946 15.4402943 0.0080149 0
2454887.7863481482490897 15.4464130 0.0090136 0
2454887.7872862266376615 15.4499989 0.0090185 0
2454887.7882127314805984 15.4416628 0.0090151 0
2454887.7891357638873160 15.4509344 0.0110150 0
2454887.7900576386600733 15.4329090 0.0110258 0
2454887.7909748842939734 15.4468613 0.0090227 0
2454887.7919089118950069 15.4374514 0.0100230 0
2454887.7928527779877186 15.4523907 0.0090210 0
2454887.7937896992079914 15.4634542 0.0090186 0
2454887.7947162035852671 15.4412870 0.0090175 0
2454887.7956571760587394 15.4591188 0.0110140 0
2454887.7965848380699754 15.4774885 0.0100219 0
2454887.7975275460630655 15.4640055 0.0100274 0
2454887.7985703703016043 15.4605150 0.0100202 0
2454887.7997063659131527 15.4529505 0.0100211 0
2454887.8006496527232230 15.4988594 0.0100796 0
2454887.8016322916373610 15.4838915 0.0100191 0
2454887.8026537038385868 15.4742384 0.0100148 0
2454887.8036947916261852 15.4528675 0.0110208 0
2454887.8047144678421319 15.4661674 0.0110228 0
2454887.8056924766860902 15.4945297 0.0110215 0
2454887.8066947916522622 15.4927473 0.0110205 0
2454887.8085750001482666 15.4849043 0.0110212 0
2454887.8095032409764826 15.4736490 0.0100185 0
2454887.8114725695922971 15.4832563 0.0110316 0
2454887.8123961803503335 15.4726076 0.0110208 0
2454887.8133319444023073 15.4563494 0.0110288 0
2454887.8142671296373010 15.4789400 0.0120236 0
2454887.8152069444768131 15.4549265 0.0120265 0
2454887.8161473381333053 15.5133724 0.0120261 0
2454887.8170964121818542 15.4914255 0.0120388 0
2454887.8191074072383344 15.4654198 0.0120208 0
2454887.8200408564880490 15.4646235 0.0130711 0
2454887.8209934029728174 15.4767141 0.0130595 0
2454887.8219609954394400 15.4793634 0.0120251 0
2454887.8229123842902482 15.4714670 0.0120304 0
2454887.8238782407715917 15.4776325 0.0130371 0
2454887.8248504628427327 15.4906683 0.0140607 0
2454887.8258990738540888 15.4969234 0.0170429 0
2454887.8268562499433756 15.4471006 0.0150886 0
2454887.8278082176111639 15.4589033 0.0140312 0
2454887.8287613424472511 15.4343605 0.0160637 0
2454887.8297381945885718 15.4623423 0.0150355 0
2454887.8306537037715316 15.4554472 0.0151261 0
2454887.8315848377533257 15.4344616 0.0170380 0
2454887.8325101854279637 15.4620647 0.0170606 0
2454887.8334546294063330 15.4998541 0.0172125 0
2454888.6674447916448116 15.4321890 0.0080276 0
2454888.6683608796447515 15.4310551 0.0080397 0
2454888.6692607640288770 15.4304371 0.0080325 0
2454888.6701681711710989 15.4279928 0.0080453 0
2454888.6710802083835006 15.4358702 0.0080552 0
2454888.6719829859212041 15.4318895 0.0080195 0
2454888.6729060183279216 15.4127655 0.0080275 0
2454888.6738012731075287 15.4370680 0.0080402 0
2454888.6747040511108935 15.4276676 0.0080565 0
2454888.6756184026598930 15.4276724 0.0070258 0
2454888.6765431715175509 15.4301996 0.0080266 0
2454888.6774395834654570 15.4257650 0.0070300 0
2454888.6895935186184943 15.4285069 0.0080114 0
2454888.6905084489844739 15.4233027 0.0070147 0
2454888.6914349538274109 15.4345465 0.0080152 0
2454888.6923412038013339 15.4148445 0.0080218 0
2454888.6932462961412966 15.4286566 0.0080139 0
2454888.6941357636824250 15.4184771 0.0080140 0
2454888.6950402776710689 15.4343052 0.0090116 0
2454888.6959453704766929 15.4241581 0.0090136 0
2454888.6968608796596527 15.4367542 0.0080130 0
2454888.7025194442830980 15.4507418 0.0120225 0
2454888.7034413195215166 15.4468641 0.0130175 0
2454888.7043498842976987 15.4340591 0.0140162 0
2454888.7072759261354804 15.4303226 0.0130155 0
2454888.7081872685812414 15.4417439 0.0130225 0
2454888.7090981481596828 15.4555721 0.0140208 0
2454888.7100136573426425 15.4245300 0.0180181 0
2454888.7109413193538785 15.4329395 0.0160222 0
2454888.7118799770250916 15.4219513 0.0150223 0
2454888.7128006946295500 15.4533777 0.0180247 0
2454888.7137162038125098 15.4320593 0.0160184 0
2454888.7146427081897855 15.4141045 0.0150351 0
2454888.7155553242191672 15.4519606 0.0170519 0
2454888.7165379631333053 15.4305286 0.0150163 0
2454888.7174476850777864 15.4043188 0.0160269 0
2454888.7183736111037433 15.4257441 0.0180185 0
2454888.7193006942979991 15.4373970 0.0170234 0
2454888.7211502315476537 15.4388523 0.0230346 0
2454888.7220478011295199 15.4371147 0.0310299 0
2454888.7229563659057021 15.4910803 0.0430268 0
2454888.7238770835101604 15.4648333 0.0690393 0
2454888.7247787038795650 15.4844980 0.0480336 0
2454888.7256785877980292 15.4556293 0.0270337 0
2454888.7266351850703359 15.4579563 0.0170137 0
2454888.7275616899132729 15.4482479 0.0150149 0
2454888.7284939815290272 15.4628048 0.0140148 0
2454888.7294222223572433 15.4567986 0.0140141 0
2454888.7312717591412365 15.4493065 0.0140230 0
2454888.7321843751706183 15.4549847 0.0140195 0
2454888.7331114583648741 15.4447031 0.0120137 0
2454888.7340130787342787 15.4321737 0.0110120 0
2454888.7349737267941236 15.4495497 0.0110123 0
2454888.7358950232155621 15.4498005 0.0110188 0
2454888.7368302084505558 15.4504032 0.0110343 0
2454888.7377503472380340 15.4379339 0.0100176 0
2454888.7386693288572133 15.4426832 0.0100235 0
2454888.7395883100107312 15.4438267 0.0100256 0
2454888.7405211804434657 15.4511747 0.0100109 0
2454888.7414523148909211 15.4472466 0.0100152 0
2454888.7423770832829177 15.4580860 0.0100189 0
2454888.7433151621371508 15.4335318 0.0100156 0
2454888.7442549769766629 15.4449110 0.0100115 0
2454888.7451936341822147 15.4625425 0.0100195 0
2454888.7461322918534279 15.4471388 0.0110172 0
2454888.7470535878092051 15.4439764 0.0090198 0
2454888.7479812498204410 15.4185009 0.0120265 0
2454888.7489129630848765 15.4491043 0.0090102 0
2454888.7498718751594424 15.4384212 0.0100147 0
2454888.7507966435514390 15.4509106 0.0100129 0
2454888.7517289351671934 15.4537067 0.0100126 0
2454888.7526432871818542 15.4555941 0.0120251 0
2454888.7535784724168479 15.4459467 0.0100144 0
2454888.7545165508054197 15.4378614 0.0110178 0
2454888.7554476852528751 15.4298906 0.0090179 0
2454888.7563805556856096 15.4442444 0.0090186 0
2454888.7573082176968455 15.4454842 0.0100130 0
2454888.7582358797080815 15.4648829 0.0100199 0
2454888.7591681713238358 15.4423704 0.0090129 0
2454888.7600981481373310 15.4701605 0.0100146 0
2454888.7610315973870456 15.4496746 0.0090150 0
2454888.7619598377496004 15.4740829 0.0100178 0
2454888.7628956018015742 15.4540110 0.0100213 0
2454888.7638631942681968 15.4488697 0.0100150 0
2454888.7647983795031905 15.4743166 0.0100210 0
2454888.7657763888128102 15.4623280 0.0100200 0
2454888.7667086804285645 15.4706821 0.0110164 0
2454888.7676403936930001 15.4537477 0.0100508 0
2454888.7685732636600733 15.4690876 0.0100193 0
2454888.7696270835585892 15.4576302 0.0100216 0
2454888.7705732639878988 15.4571180 0.0110177 0
2454888.7715084492228925 15.4836550 0.0110189 0
2454888.7724303239956498 15.4636412 0.0110208 0
2454888.7733620372600853 15.4735222 0.0120299 0
2454888.7743105324916542 15.4560080 0.0110210 0
2454888.7761843749321997 15.4424324 0.0180266 0
2454888.7771444446407259 15.4839354 0.0252503 0
2454888.7781050927005708 15.7343769 0.0530895 0
2454888.7790119214914739 15.4511571517413 99 1
2454888.7799465279094875 15.4511571517413 99 1
2454888.7809378472156823 15.4504995 0.0100307 0
2454888.7818875000812113 15.4636889 0.0100521 0
2454888.7828354164958000 15.4511571517413 99 1
2454888.7837873841635883 15.4511571517413 99 1
2454888.7847306714393198 15.4973135 0.0100222 0
2454888.7856895835138857 15.4735413 0.0100175 0
2454888.7866369211114943 15.4710560 0.0100169 0
2454888.7875900464132428 15.4672680 0.0100320 0
2454888.7885396992787719 15.4860144 0.0100212 0
2454888.7894795136526227 15.4767475 0.0100337 0
