0.546341463414634
2454887.7398140048608184 18.0278416 0.0410031 0
2454887.7406988427974284 18.1056900 0.0420038 0
2454887.7416172455996275 18.0423756 0.0430065 0
2454887.7425315971486270 17.9994831 0.0400057 0
2454887.7434355323202908 17.9826374 0.0390043 0
2454887.7444280092604458 17.9645596 0.0390055 0
2454887.7453365740366280 18.0817413 0.0430041 0
2454887.7462584492750466 18.0141869 0.0410043 0
2454887.7471716436557472 17.9875431 0.0400038 0
2454887.7480946760624647 17.9775448 0.0410025 0
2454887.7490032408386469 17.9852619 0.0420028 0
2454887.7499204860068858 18.0645943 0.0430055 0
2454887.7508365740068257 18.0434113 0.0430028 0
2454887.7517543979920447 18.0815601 0.0450026 0
2454887.7526531252078712 18.0092487 0.0420029 0
2454887.7535726851783693 17.9805298 0.0430019 0
2454887.7544905091635883 18.0742722 0.0440030 0
2454887.7554083331488073 18.0799541 0.0490031 0
2454887.7563325231894851 18.0784683 0.0450056 0
2454887.7572474535554647 17.9887333 0.0460062 0
2454887.7581785880029202 18.0430450 0.0470029 0
2454887.7590917823836207 18.0337830 0.0480043 0
2454887.7600171295925975 18.0753231 0.0470026 0
2454887.7618961804546416 18.0535679 0.0470024 0
2454887.7627902776002884 18.0522346 0.0450097 0
2454887.7637017359957099 18.0188103 0.0440026 0
2454887.7646328704431653 18.0925446 0.0480041 0
2454887.7655541668646038 18.0875587 0.0530028 0
2454887.7664656247943640 18.0908222 0.0520024 0
2454887.7674204860813916 18.0112839 0.0510026 0
2454887.7683498840779066 18.0695267 0.0530019 0
2454887.7693741898983717 18.0155392 0.0540021 0
2454887.7705530091188848 17.9182911 0.0480034 0
2454887.7714465279132128 18.0145550 0.0470036 0
2454887.7723736111074686 18.0182552 0.0580018 0
2454887.7732908562757075 18.0380840 0.0520028 0
2454887.7742555555887520 18.0136814 0.0510021 0
2454887.7751803239807487 18.0296192 0.0530021 0
2454887.7761074071750045 18.0733452 0.0540023 0
2454887.7770414352416992 17.9701710 0.0550033 0
2454887.7779604168608785 17.9795742 0.0490028 0
2454887.7788863424211740 18.0537205 0.0520037 0
2454887.7798122684471309 18.0462551 0.0500023 0
2454887.7807370368391275 17.9487476 0.0480040 0
2454887.7817167825996876 17.9324284 0.0480031 0
2454887.7835888890549541 18.0016289 0.0610058 0
2454887.7844922454096377 18.0291469616071 99 1
2454887.7854181714355946 18.0482941 0.0580021 0
2454887.7863481482490897 18.0354137 0.0550022 0
2454887.7872862266376615 17.9569988 0.0530031 0
2454887.7882127314805984 18.0696640 0.0650021 0
2454887.7891357638873160 18.0291469616071 99 1
2454887.7900576386600733 18.1779099 0.1020028 0
2454887.7909748842939734 18.0678616 0.0650031 0
2454887.7919089118950069 18.0291469616071 99 1
2454887.7928527779877186 18.0313911 0.0660029 0
2454887.7937896992079914 17.9814568 0.0640026 0
2454887.7947162035852671 18.0002880 0.0680023 0
2454887.7956571760587394 18.0291469616071 99 1
2454887.7965848380699754 18.0194893 0.0700031 0
2454887.7975275460630655 18.0360050 0.0700039 0
2454887.7985703703016043 18.1325150 0.0790026 0
2454887.7997063659131527 18.0069523 0.0730029 0
2454887.8006496527232230 17.9708576 0.0720111 0
2454887.8016322916373610 18.0291469616071 99 1
2454887.8026537038385868 18.0291469616071 99 1
2454887.8036947916261852 18.0291469616071 99 1
2454887.8047144678421319 18.0931683 0.0820031 0
2454887.8056924766860902 17.8295288 0.0640037 0
2454887.8066947916522622 18.0291469616071 99 1
2454887.8085750001482666 18.0291469616071 99 1
2454887.8095032409764826 18.0066471 0.0720026 0
2454887.8114725695922971 18.0291469616071 99 1
2454887.8123961803503335 18.0291469616071 99 1
2454887.8133319444023073 18.0291469616071 99 1
2454887.8142671296373010 18.0291469616071 99 1
2454887.8152069444768131 18.0291469616071 99 1
2454887.8161473381333053 18.0291469616071 99 1
2454887.8170964121818542 18.0291469616071 99 1
2454887.8191074072383344 18.0291469616071 99 1
2454887.8200408564880490 18.0291469616071 99 1
2454887.8209934029728174 18.0291469616071 99 1
2454887.8219609954394400 18.0291469616071 99 1
2454887.8229123842902482 18.0291469616071 99 1
2454887.8238782407715917 18.0291469616071 99 1
2454887.8248504628427327 18.0291469616071 99 1
2454887.8258990738540888 18.0291469616071 99 1
2454887.8268562499433756 18.0291469616071 99 1
2454887.8278082176111639 18.0291469616071 99 1
2454887.8287613424472511 18.0291469616071 99 1
2454887.8297381945885718 18.0291469616071 99 1
2454887.8306537037715316 18.0291469616071 99 1
2454887.8315848377533257 18.0291469616071 99 1
2454887.8325101854279637 18.0291469616071 99 1
2454887.8334546294063330 18.0291469616071 99 1
2454888.6674447916448116 18.1241894 0.0560040 0
2454888.6683608796447515 18.0140533 0.0450071 0
2454888.6692607640288770 18.0974388 0.0470055 0
2454888.6701681711710989 17.9989929 0.0440083 0
2454888.6710802083835006 17.9528732 0.0420105 0
2454888.6719829859212041 17.9958897 0.0440036 0
2454888.6729060183279216 18.0467644 0.0500044 0
2454888.6738012731075287 18.0590687 0.0440073 0
2454888.6747040511108935 18.0486679 0.0470097 0
2454888.6756184026598930 17.9956722 0.0420043 0
2454888.6765431715175509 18.0411987 0.0450047 0
2454888.6774395834654570 18.0047646 0.0410051 0
2454888.6895935186184943 18.0455055 0.0480019 0
2454888.6905084489844739 18.0383034 0.0410025 0
2454888.6914349538274109 18.0215473 0.0440028 0
2454888.6923412038013339 17.9358444 0.0460038 0
2454888.6932462961412966 18.0416565 0.0500022 0
2454888.6941357636824250 18.0174789 0.0550020 0
2454888.6950402776710689 17.9433041 0.0520020 0
2454888.6959453704766929 18.1261578 0.0590021 0
2454888.6968608796596527 18.0637531 0.0550019 0
2454888.7025194442830980 18.0291469616071 99 1
2454888.7034413195215166 18.0291469616071 99 1
2454888.7043498842976987 18.0291469616071 99 1
2454888.7072759261354804 18.0291469616071 99 1
2454888.7081872685812414 18.0291469616071 99 1
2454888.7090981481596828 18.0291469616071 99 1
2454888.7100136573426425 18.0291469616071 99 1
2454888.7109413193538785 18.0291469616071 99 1
2454888.7118799770250916 18.0291469616071 99 1
2454888.7128006946295500 18.0291469616071 99 1
2454888.7137162038125098 18.0291469616071 99 1
2454888.7146427081897855 18.0291469616071 99 1
2454888.7155553242191672 18.0291469616071 99 1
2454888.7165379631333053 18.0291469616071 99 1
2454888.7174476850777864 18.0291469616071 99 1
2454888.7183736111037433 18.0291469616071 99 1
2454888.7193006942979991 18.0291469616071 99 1
2454888.7211502315476537 18.0291469616071 99 1
2454888.7220478011295199 18.0291469616071 99 1
2454888.7229563659057021 18.0291469616071 99 1
2454888.7238770835101604 18.0291469616071 99 1
2454888.7247787038795650 18.0291469616071 99 1
2454888.7256785877980292 18.0291469616071 99 1
2454888.7266351850703359 18.0291469616071 99 1
2454888.7275616899132729 18.0291469616071 99 1
2454888.7284939815290272 18.0291469616071 99 1
2454888.7294222223572433 18.0291469616071 99 1
2454888.7312717591412365 18.0291469616071 99 1
2454888.7321843751706183 18.0291469616071 99 1
2454888.7331114583648741 18.0291469616071 99 1
2454888.7340130787342787 18.0291469616071 99 1
2454888.7349737267941236 18.1115494 0.0870016 0
2454888.7358950232155621 18.0957985 0.0990021 0
2454888.7368302084505558 18.0291469616071 99 1
2454888.7377503472380340 18.0291469616071 99 1
2454888.7386693288572133 17.9776859 0.0790030 0
2454888.7395883100107312 18.0291469616071 99 1
2454888.7405211804434657 18.0291469616071 99 1
2454888.7414523148909211 18.0291469616071 99 1
2454888.7423770832829177 17.9730873 0.0660029 0
2454888.7433151621371508 18.0291469616071 99 1
2454888.7442549769766629 17.9369106 0.0650018 0
2454888.7451936341822147 17.8545437 0.0710027 0
2454888.7461322918534279 18.0071373 0.0880022 0
2454888.7470535878092051 17.9689770 0.0640028 0
2454888.7479812498204410 18.0291469616071 99 1
2454888.7489129630848765 18.0221062 0.0700013 0
2454888.7498718751594424 17.9814205 0.0810018 0
2454888.7507966435514390 18.0291469616071 99 1
2454888.7517289351671934 18.0291469616071 99 1
2454888.7526432871818542 18.2685947 0.1230025 0
2454888.7535784724168479 18.0291469616071 99 1
2454888.7545165508054197 18.0291469616071 99 1
2454888.7554476852528751 18.0291469616071 99 1
2454888.7563805556856096 18.0642433 0.0680025 0
2454888.7573082176968455 18.0974827 0.0780017 0
2454888.7582358797080815 18.0291469616071 99 1
2454888.7591681713238358 18.0291469616071 99 1
2454888.7600981481373310 17.9901619 0.0680021 0
2454888.7610315973870456 17.9936733 0.0630022 0
2454888.7619598377496004 18.0030842 0.0680026 0
2454888.7628956018015742 18.0291469616071 99 1
2454888.7638631942681968 18.0291469616071 99 1
2454888.7647983795031905 18.0043163 0.0690031 0
2454888.7657763888128102 17.9973278 0.0740027 0
2454888.7667086804285645 18.1636810 0.0910020 0
2454888.7676403936930001 18.0337486 0.0760067 0
2454888.7685732636600733 18.0890884 0.0730026 0
2454888.7696270835585892 18.0291469616071 99 1
2454888.7705732639878988 17.9591179 0.0850023 0
2454888.7715084492228925 18.1686535 0.1030020 0
2454888.7724303239956498 17.9806404 0.0970024 0
2454888.7733620372600853 18.1245213 0.1180030 0
2454888.7743105324916542 18.0291469616071 99 1
2454888.7761843749321997 18.0291469616071 99 1
2454888.7771444446407259 18.0291469616071 99 1
2454888.7781050927005708 18.0291469616071 99 1
2454888.7790119214914739 18.0291469616071 99 1
2454888.7799465279094875 18.0291469616071 99 1
2454888.7809378472156823 18.0524998 0.0730042 0
2454888.7818875000812113 18.0291469616071 99 1
2454888.7828354164958000 18.0291469616071 99 1
2454888.7837873841635883 18.0291469616071 99 1
2454888.7847306714393198 18.0291469616071 99 1
2454888.7856895835138857 17.9995422 0.0730024 0
2454888.7866369211114943 18.0291469616071 99 1
2454888.7875900464132428 18.0152664 0.0660049 0
2454888.7885396992787719 18.0291469616071 99 1
2454888.7894795136526227 18.0291469616071 99 1
