0.960975609756098
2454887.7398140048608184 16.4268417 0.0130096 0
2454887.7406988427974284 16.4426899 0.0130123 0
2454887.7416172455996275 16.4433765 0.0140200 0
2454887.7425315971486270 16.4294834 0.0140162 0
2454887.7434355323202908 16.4466381 0.0130128 0
2454887.7444280092604458 16.4405594 0.0140154 0
2454887.7453365740366280 16.4257412 0.0130136 0
2454887.7462584492750466 16.4261875 0.0130135 0
2454887.7471716436557472 16.4085426 0.0130117 0
2454887.7480946760624647 16.4295444 0.0140074 0
2454887.7490032408386469 16.4292622 0.0140083 0
2454887.7499204860068858 16.4595947 0.0140167 0
2454887.7508365740068257 16.4414120 0.0140086 0
2454887.7517543979920447 16.4595604 0.0140083 0
2454887.7526531252078712 16.4472485 0.0140088 0
2454887.7535726851783693 16.4565296 0.0140059 0
2454887.7544905091635883 16.4472713 0.0140094 0
2454887.7554083331488073 16.4519558 0.0150100 0
2454887.7563325231894851 16.4644680 0.0140179 0
2454887.7572474535554647 16.4327335 0.0150189 0
2454887.7581785880029202 16.4250450 0.0150090 0
2454887.7590917823836207 16.4627838 0.0150138 0
2454887.7600171295925975 16.4573231 0.0140089 0
2454887.7618961804546416 16.4365673 0.0140080 0
2454887.7627902776002884 16.4282360 0.0140310 0
2454887.7637017359957099 16.4388084 0.0140083 0
2454887.7646328704431653 16.4465446 0.0140142 0
2454887.7655541668646038 16.4525585 0.0150097 0
2454887.7664656247943640 16.4308224 0.0150085 0
2454887.7674204860813916 16.4282837 0.0150088 0
2454887.7683498840779066 16.4575272 0.0150066 0
2454887.7693741898983717 16.4415398 0.0160072 0
2454887.7705530091188848 16.4492912 0.0160103 0
2454887.7714465279132128 16.4385548 0.0150114 0
2454887.7723736111074686 16.4092541 0.0160066 0
2454887.7732908562757075 16.4550838 0.0160089 0
2454887.7742555555887520 16.4616814 0.0150071 0
2454887.7751803239807487 16.4796200 0.0160070 0
2454887.7761074071750045 16.4373455 0.0160076 0
2454887.7770414352416992 16.4331703 0.0160115 0
2454887.7779604168608785 16.4215736 0.0150092 0
2454887.7788863424211740 16.4687195 0.0160121 0
2454887.7798122684471309 16.4502544 0.0150075 0
2454887.7807370368391275 16.4377460 0.0150129 0
2454887.7817167825996876 16.4354286 0.0160092 0
2454887.7835888890549541 16.4546280 0.0180196 0
2454887.7844922454096377 16.4272842 0.0180239 0
2454887.7854181714355946 16.4352951 0.0160075 0
2454887.7863481482490897 16.4434147 0.0160076 0
2454887.7872862266376615 16.4639988 0.0170098 0
2454887.7882127314805984 16.4326630 0.0170080 0
2454887.7891357638873160 16.4459343 0.0220075 0
2454887.7900576386600733 16.4609089 0.0230124 0
2454887.7909748842939734 16.4538612 0.0180114 0
2454887.7919089118950069 16.4244537 0.0180128 0
2454887.7928527779877186 16.4863911 0.0190100 0
2454887.7937896992079914 16.4194565 0.0180093 0
2454887.7947162035852671 16.5012875 0.0190083 0
2454887.7956571760587394 16.4381180 0.0220070 0
2454887.7965848380699754 16.4454880 0.0200110 0
2454887.7975275460630655 16.4210052 0.0180153 0
2454887.7985703703016043 16.4705162 0.0210096 0
2454887.7997063659131527 16.4379520 0.0200105 0
2454887.8006496527232230 16.4588585 0.0200399 0
2454887.8016322916373610 16.4718914 0.0200096 0
2454887.8026537038385868 16.4592381 0.0200074 0
2454887.8036947916261852 16.4188690 0.0200115 0
2454887.8047144678421319 16.4431667 0.0210120 0
2454887.8056924766860902 16.4295292 0.0210113 0
2454887.8066947916522622 16.4767475 0.0220103 0
2454887.8085750001482666 16.4589043 0.0220106 0
2454887.8095032409764826 16.4456463 0.0200092 0
2454887.8114725695922971 16.4952564 0.0250139 0
2454887.8123961803503335 16.4946079 0.0230100 0
2454887.8133319444023073 16.4583492 0.0220144 0
2454887.8142671296373010 16.4839401 0.0240118 0
2454887.8152069444768131 16.4849281 0.0240133 0
2454887.8161473381333053 16.5013733 0.0240131 0
2454887.8170964121818542 16.4464264 0.0250186 0
2454887.8191074072383344 16.4344196 0.0240104 0
2454887.8200408564880490 16.3876247 0.0250370 0
2454887.8209934029728174 16.4437122 0.0260298 0
2454887.8219609954394400 16.4443645 0.0250121 0
2454887.8229123842902482 16.4424667 0.0250146 0
2454887.8238782407715917 16.4876328 0.0280172 0
2454887.8248504628427327 16.3996696 0.0280304 0
2454887.8258990738540888 16.3969250 0.0350209 0
2454887.8268562499433756 16.5270996 0.0340392 0
2454887.8278082176111639 16.4819031 0.0320137 0
2454887.8287613424472511 16.6143608 0.0420243 0
2454887.8297381945885718 16.5343418 0.0380140 0
2454887.8306537037715316 16.4004478 0.0340558 0
2454887.8315848377533257 16.4164600 0.0360179 0
2454887.8325101854279637 16.4210644 0.0380271 0
2454887.8334546294063330 16.4548531 0.0361008 0
2454888.6674447916448116 16.4401894 0.0150148 0
2454888.6683608796447515 16.4610538 0.0140227 0
2454888.6692607640288770 16.4504375 0.0140186 0
2454888.6701681711710989 16.4449921 0.0140259 0
2454888.6710802083835006 16.4588718 0.0140316 0
2454888.6719829859212041 16.4358902 0.0140112 0
2454888.6729060183279216 16.4537640 0.0150147 0
2454888.6738012731075287 16.4580688 0.0140230 0
2454888.6747040511108935 16.4796677 0.0140324 0
2454888.6756184026598930 16.4366722 0.0130139 0
2454888.6765431715175509 16.4501991 0.0140152 0
2454888.6774395834654570 16.4557648 0.0140150 0
2454888.6895935186184943 16.4455051 0.0150061 0
2454888.6905084489844739 16.4563026 0.0130079 0
2454888.6914349538274109 16.4585476 0.0140087 0
2454888.6923412038013339 16.4378433 0.0150116 0
2454888.6932462961412966 16.4316559 0.0150074 0
2454888.6941357636824250 16.4084797 0.0160070 0
2454888.6950402776710689 16.4443054 0.0170061 0
2454888.6959453704766929 16.4321575 0.0170072 0
2454888.6968608796596527 16.4127541 0.0150069 0
2454888.7025194442830980 16.4187412 0.0250108 0
2454888.7034413195215166 16.4468651 0.0290079 0
2454888.7043498842976987 16.4970589 0.0320071 0
2454888.7072759261354804 16.4513245 0.0260078 0
2454888.7081872685812414 16.4667454 0.0270108 0
2454888.7090981481596828 16.4675694 0.0300097 0
2454888.7100136573426425 16.5075302 0.0400082 0
2454888.7109413193538785 16.4779377 0.0340105 0
2454888.7118799770250916 16.4639530 0.0350096 0
2454888.7128006946295500 16.4603767 0.0420106 0
2454888.7137162038125098 16.4540577 0.0350084 0
2454888.7146427081897855 16.4081039 0.0330159 0
2454888.7155553242191672 16.4329605 0.0360245 0
2454888.7165379631333053 16.4075298 0.0320077 0
2454888.7174476850777864 16.4463177 0.0360120 0
2454888.7183736111037433 16.4047451 0.0410081 0
2454888.7193006942979991 16.4283962 0.0360110 0
2454888.7211502315476537 16.4668522 0.0560142 0
2454888.7220478011295199 16.5491161 0.0780119 0
2454888.7229563659057021 16.4530548426396 99 1
2454888.7238770835101604 16.4530548426396 99 1
2454888.7247787038795650 16.4530548426396 99 1
2454888.7256785877980292 16.5486279 0.0660138 0
2454888.7266351850703359 16.4969559 0.0370063 0
2454888.7275616899132729 16.4682484 0.0320070 0
2454888.7284939815290272 16.4368057 0.0280074 0
2454888.7294222223572433 16.4377975 0.0280071 0
2454888.7312717591412365 16.4413071 0.0310104 0
2454888.7321843751706183 16.4689827 0.0300091 0
2454888.7331114583648741 16.4787045 0.0260063 0
2454888.7340130787342787 16.4271717 0.0220060 0
2454888.7349737267941236 16.4285488 0.0210064 0
2454888.7358950232155621 16.4217987 0.0230090 0
2454888.7368302084505558 16.4184017 0.0210180 0
2454888.7377503472380340 16.4409332 0.0210084 0
2454888.7386693288572133 16.4826832 0.0220107 0
2454888.7395883100107312 16.4428272 0.0190135 0
2454888.7405211804434657 16.4501743 0.0190057 0
2454888.7414523148909211 16.4552460 0.0190080 0
2454888.7423770832829177 16.4400864 0.0190100 0
2454888.7433151621371508 16.4645329 0.0190082 0
2454888.7442549769766629 16.4559116 0.0190061 0
2454888.7451936341822147 16.4025421 0.0200097 0
2454888.7461322918534279 16.4501362 0.0210090 0
2454888.7470535878092051 16.4639778 0.0180099 0
2454888.7479812498204410 16.4645004 0.0230138 0
2454888.7489129630848765 16.4631062 0.0180051 0
2454888.7498718751594424 16.4614201 0.0200074 0
2454888.7507966435514390 16.4429111 0.0190068 0
2454888.7517289351671934 16.4927063 0.0190066 0
2454888.7526432871818542 16.4785957 0.0240125 0
2454888.7535784724168479 16.4729462 0.0200072 0
2454888.7545165508054197 16.4338608 0.0210093 0
2454888.7554476852528751 16.4538918 0.0190085 0
2454888.7563805556856096 16.4552441 0.0190088 0
2454888.7573082176968455 16.4784832 0.0200065 0
2454888.7582358797080815 16.4478836 0.0200100 0
2454888.7591681713238358 16.4423695 0.0190061 0
2454888.7600981481373310 16.4551620 0.0200073 0
2454888.7610315973870456 16.4416752 0.0180075 0
2454888.7619598377496004 16.4480839 0.0190094 0
2454888.7628956018015742 16.4720135 0.0200107 0
2454888.7638631942681968 16.4298706 0.0200075 0
2454888.7647983795031905 16.4593163 0.0190111 0
2454888.7657763888128102 16.4443283 0.0190105 0
2454888.7667086804285645 16.4586811 0.0210086 0
2454888.7676403936930001 16.4817486 0.0200255 0
2454888.7685732636600733 16.4860878 0.0200096 0
2454888.7696270835585892 16.4916286 0.0230094 0
2454888.7705732639878988 16.4631176 0.0230085 0
2454888.7715084492228925 16.4416542 0.0220095 0
2454888.7724303239956498 16.5446415 0.0260088 0
2454888.7733620372600853 16.5175228 0.0270133 0
2454888.7743105324916542 16.4740086 0.0220105 0
2454888.7761843749321997 16.4954338 0.0380126 0
2454888.7771444446407259 16.5609360 0.0611030 0
2454888.7781050927005708 16.4530548426396 99 1
2454888.7790119214914739 16.4530548426396 99 1
2454888.7799465279094875 16.4530548426396 99 1
2454888.7809378472156823 16.4764996 0.0200154 0
2454888.7818875000812113 16.4826908 0.0190275 0
2454888.7828354164958000 16.4530548426396 99 1
2454888.7837873841635883 16.4530548426396 99 1
2454888.7847306714393198 16.4373131 0.0190117 0
2454888.7856895835138857 16.4305420 0.0190092 0
2454888.7866369211114943 16.3950558 0.0180094 0
2454888.7875900464132428 16.4742680 0.0180178 0
2454888.7885396992787719 16.4480152 0.0190112 0
2454888.7894795136526227 16.4507465 0.0190178 0
