0.590243902439024
2454887.7398140048608184 11.4822234636364 99 1
2454887.7406988427974284 11.4822234636364 99 1
2454887.7416172455996275 11.4822234636364 99 1
2454887.7425315971486270 11.4822234636364 99 1
2454887.7434355323202908 11.4822234636364 99 1
2454887.7444280092604458 11.4822234636364 99 1
2454887.7453365740366280 11.4822234636364 99 1
2454887.7462584492750466 11.4822234636364 99 1
2454887.7471716436557472 11.4822234636364 99 1
2454887.7480946760624647 11.4822234636364 99 1
2454887.7490032408386469 11.4822234636364 99 1
2454887.7499204860068858 11.4822234636364 99 1
2454887.7508365740068257 11.4822234636364 99 1
2454887.7517543979920447 11.4822234636364 99 1
2454887.7526531252078712 11.4822234636364 99 1
2454887.7535726851783693 11.4822234636364 99 1
2454887.7544905091635883 11.4822234636364 99 1
2454887.7554083331488073 11.4822234636364 99 1
2454887.7563325231894851 11.4822234636364 99 1
2454887.7572474535554647 11.4822234636364 99 1
2454887.7581785880029202 11.4822234636364 99 1
2454887.7590917823836207 11.4822234636364 99 1
2454887.7600171295925975 11.4822234636364 99 1
2454887.7618961804546416 11.4822234636364 99 1
2454887.7627902776002884 11.4822234636364 99 1
2454887.7637017359957099 11.4822234636364 99 1
2454887.7646328704431653 11.4822234636364 99 1
2454887.7655541668646038 11.4822234636364 99 1
2454887.7664656247943640 11.4822234636364 99 1
2454887.7674204860813916 11.4822234636364 99 1
2454887.7683498840779066 11.4822234636364 99 1
2454887.7693741898983717 11.4822234636364 99 1
2454887.7705530091188848 11.4822234636364 99 1
2454887.7714465279132128 11.4822234636364 99 1
2454887.7723736111074686 11.4822234636364 99 1
2454887.7732908562757075 11.4822234636364 99 1
2454887.7742555555887520 11.4822234636364 99 1
2454887.7751803239807487 11.4822234636364 99 1
2454887.7761074071750045 11.4822234636364 99 1
2454887.7770414352416992 11.4822234636364 99 1
2454887.7779604168608785 11.4822234636364 99 1
2454887.7788863424211740 11.4822234636364 99 1
2454887.7798122684471309 11.4822234636364 99 1
2454887.7807370368391275 11.4822234636364 99 1
2454887.7817167825996876 11.4822234636364 99 1
2454887.7835888890549541 12.1076279 0.0021696 0
2454887.7844922454096377 12.0022840 0.0022048 0
2454887.7854181714355946 11.4822234636364 99 1
2454887.7863481482490897 11.4822234636364 99 1
2454887.7872862266376615 11.4822234636364 99 1
2454887.7882127314805984 11.4822234636364 99 1
2454887.7891357638873160 11.4822234636364 99 1
2454887.7900576386600733 11.3289089 0.0012527 0
2454887.7909748842939734 11.4822234636364 99 1
2454887.7919089118950069 11.9814510 0.0021119 0
2454887.7928527779877186 11.4822234636364 99 1
2454887.7937896992079914 12.2284555 0.0020822 0
2454887.7947162035852671 11.4822234636364 99 1
2454887.7956571760587394 11.4822234636364 99 1
2454887.7965848380699754 11.9754887 0.0021070 0
2454887.7975275460630655 12.1480055 0.0021330 0
2454887.7985703703016043 11.8105154 0.0011850 0
2454887.7997063659131527 11.7929506 0.0011923 0
2454887.8006496527232230 11.7808599 0.0016119 0
2454887.8016322916373610 11.9748907 0.0020936 0
2454887.8026537038385868 11.9212379 0.0020729 0
2454887.8036947916261852 11.7148676 0.0012077 0
2454887.8047144678421319 11.6611681 0.0012258 0
2454887.8056924766860902 11.7665291 0.0012138 0
2454887.8066947916522622 11.5217476 0.0012052 0
2454887.8085750001482666 11.4399042 0.0012108 0
2454887.8095032409764826 11.9916487 0.0020904 0
2454887.8114725695922971 11.4772568 0.0013027 0
2454887.8123961803503335 11.4916077 0.0012075 0
2454887.8133319444023073 11.8943491 0.0021530 0
2454887.8142671296373010 11.5389395 0.0012520 0
2454887.8152069444768131 11.4549265 0.0012795 0
2454887.8161473381333053 11.4463730 0.0012758 0
2454887.8170964121818542 11.4822234636364 99 1
2454887.8191074072383344 11.4214201 0.0012243 0
2454887.8200408564880490 11.3286238 0.0016891 0
2454887.8209934029728174 11.3477144 0.0015974 0
2454887.8219609954394400 11.3663645 0.0012664 0
2454887.8229123842902482 11.3844671 0.0013154 0
2454887.8238782407715917 11.3666325 0.0014019 0
2454887.8248504628427327 11.2986679 0.0016445 0
2454887.8258990738540888 11.3239231 0.0015686 0
2454887.8268562499433756 11.2911015 0.0019145 0
2454887.8278082176111639 11.3239031 0.0013694 0
2454887.8287613424472511 11.2993603 0.0017438 0
2454887.8297381945885718 11.3133421 0.0014370 0
2454887.8306537037715316 11.4324474 0.0021904 0
2454887.8315848377533257 11.3294621 0.0015138 0
2454887.8325101854279637 11.3370647 0.0017503 0
2454887.8334546294063330 11.3758545 0.0028758 0
2454888.6674447916448116 11.8651886 0.0012012 0
2454888.6683608796447515 11.4822234636364 99 1
2454888.6692607640288770 11.4822234636364 99 1
2454888.6701681711710989 11.4822234636364 99 1
2454888.6710802083835006 11.4822234636364 99 1
2454888.6719829859212041 11.4822234636364 99 1
2454888.6729060183279216 11.9737654 0.0012000 0
2454888.6738012731075287 11.4822234636364 99 1
2454888.6747040511108935 11.4822234636364 99 1
2454888.6756184026598930 11.4822234636364 99 1
2454888.6765431715175509 11.4822234636364 99 1
2454888.6774395834654570 11.4822234636364 99 1
2454888.6895935186184943 11.4822234636364 99 1
2454888.6905084489844739 11.4822234636364 99 1
2454888.6914349538274109 11.4822234636364 99 1
2454888.6923412038013339 11.4822234636364 99 1
2454888.6932462961412966 11.4822234636364 99 1
2454888.6941357636824250 11.7444773 0.0011065 0
2454888.6950402776710689 11.9353046 0.0020514 0
2454888.6959453704766929 12.1171579 0.0020605 0
2454888.6968608796596527 11.4822234636364 99 1
2454888.7025194442830980 11.4087420 0.0012415 0
2454888.7034413195215166 11.2998638 0.0012064 0
2454888.7043498842976987 11.3050594 0.0012059 0
2454888.7072759261354804 11.4563227 0.0011850 0
2454888.7081872685812414 11.3157434 0.0012592 0
2454888.7090981481596828 11.3025723 0.0012583 0
2454888.7100136573426425 11.2965298 0.0021572 0
2454888.7109413193538785 11.2759390 0.0013083 0
2454888.7118799770250916 11.3169518 0.0021610 0
2454888.7128006946295500 11.2873774 0.0022110 0
2454888.7137162038125098 11.3180590 0.0021422 0
2454888.7146427081897855 11.3381042 0.0022479 0
2454888.7155553242191672 11.3339605 0.0024016 0
2454888.7165379631333053 11.3405285 0.0021190 0
2454888.7174476850777864 11.3163185 0.0022051 0
2454888.7183736111037433 11.2917442 0.0021600 0
2454888.7193006942979991 11.3483973 0.0021897 0
2454888.7211502315476537 11.2718525 0.0023649 0
2454888.7220478011295199 11.3171158 0.0024203 0
2454888.7229563659057021 11.3370810 0.0033623 0
2454888.7238770835101604 11.3438330 0.0037975 0
2454888.7247787038795650 11.2654982 0.0034973 0
2454888.7256785877980292 11.3016300 0.0024128 0
2454888.7266351850703359 11.3229561 0.0021129 0
2454888.7275616899132729 11.4822234636364 99 1
2454888.7284939815290272 11.4822234636364 99 1
2454888.7294222223572433 11.3447981 0.0011815 0
2454888.7312717591412365 11.3053064 0.0012821 0
2454888.7321843751706183 11.2939844 0.0012432 0
2454888.7331114583648741 11.4822234636364 99 1
2454888.7340130787342787 11.5131731 0.0011239 0
2454888.7349737267941236 11.4822234636364 99 1
2454888.7358950232155621 11.3078003 0.0011892 0
2454888.7368302084505558 11.3034029 0.0013250 0
2454888.7377503472380340 11.3229342 0.0011632 0
2454888.7386693288572133 11.2806835 0.0012125 0
2454888.7395883100107312 11.4822234636364 99 1
2454888.7405211804434657 11.3071747 0.0011038 0
2454888.7414523148909211 11.4252472 0.0011421 0
2454888.7423770832829177 11.4822234636364 99 1
2454888.7433151621371508 11.4705315 0.0011457 0
2454888.7442549769766629 11.5029116 0.0011092 0
2454888.7451936341822147 11.2935429 0.0011787 0
2454888.7461322918534279 11.2871380 0.0011743 0
2454888.7470535878092051 11.4919767 0.0011646 0
2454888.7479812498204410 11.2685003 0.0012792 0
2454888.7489129630848765 11.4461040 0.0010882 0
2454888.7498718751594424 11.2854214 0.0011379 0
2454888.7507966435514390 11.3449106 0.0011221 0
2454888.7517289351671934 11.3787079 0.0011192 0
2454888.7526432871818542 11.2665939 0.0012657 0
2454888.7535784724168479 11.4822234636364 99 1
2454888.7545165508054197 11.2878618 0.0011795 0
2454888.7554476852528751 11.5168905 0.0011499 0
2454888.7563805556856096 11.5352440 0.0011552 0
2454888.7573082176968455 11.3694839 0.0011224 0
2454888.7582358797080815 11.4822234636364 99 1
2454888.7591681713238358 11.4663696 0.0011104 0
2454888.7600981481373310 11.4471607 0.0011369 0
2454888.7610315973870456 11.5836754 0.0011274 0
2454888.7619598377496004 11.5100832 0.0011649 0
2454888.7628956018015742 11.4260111 0.0011945 0
2454888.7638631942681968 11.3348694 0.0011404 0
2454888.7647983795031905 11.4553165 0.0011922 0
2454888.7657763888128102 11.4773273 0.0011833 0
2454888.7667086804285645 11.3116817 0.0011668 0
2454888.7676403936930001 11.3987474 0.0014209 0
2454888.7685732636600733 11.5030880 0.0011770 0
2454888.7696270835585892 11.2936287 0.0011972 0
2454888.7705732639878988 11.2751179 0.0011790 0
2454888.7715084492228925 11.2836552 0.0011900 0
2454888.7724303239956498 11.2786407 0.0012077 0
2454888.7733620372600853 11.2705221 0.0013113 0
2454888.7743105324916542 11.2840080 0.0012091 0
2454888.7761843749321997 11.3234320 0.0022271 0
2454888.7771444446407259 11.2329359 0.0040713 0
2454888.7781050927005708 11.2543764 0.0036740 0
2454888.7790119214914739 11.2108440 0.0061814 0
2454888.7799465279094875 11.4822234636364 99 1
2454888.7809378472156823 11.9184999 0.0021481 0
2454888.7818875000812113 11.8506889 0.0022462 0
2454888.7828354164958000 11.4822234636364 99 1
2454888.7837873841635883 11.4822234636364 99 1
2454888.7847306714393198 11.9053135 0.0021083 0
2454888.7856895835138857 11.5865412 0.0011617 0
2454888.7866369211114943 11.4822234636364 99 1
2454888.7875900464132428 11.4822234636364 99 1
2454888.7885396992787719 11.9830151 0.0021036 0
2454888.7894795136526227 11.9927483 0.0021623 0
