0.985365853658537
2454887.7398140048608184 14.2038422 0.0040312 0
2454887.7406988427974284 14.2146902 0.0040399 0
2454887.7416172455996275 14.2053757 0.0040696 0
2454887.7425315971486270 14.1934824 0.0040563 0
2454887.7434355323202908 14.2086391 0.0040412 0
2454887.7444280092604458 14.2035580 0.0040537 0
2454887.7453365740366280 14.1987410 0.0040439 0
2454887.7462584492750466 14.1931877 0.0040437 0
2454887.7471716436557472 14.1945429 0.0040378 0
2454887.7480946760624647 14.2085447 0.0040258 0
2454887.7490032408386469 14.1922607 0.0040291 0
2454887.7499204860068858 14.2085943 0.0040582 0
2454887.7508365740068257 14.2064114 0.0040300 0
2454887.7517543979920447 14.2065592 0.0040290 0
2454887.7526531252078712 14.2082472 0.0040307 0
2454887.7535726851783693 14.2025309 0.0040205 0
2454887.7544905091635883 14.2002726 0.0040329 0
2454887.7554083331488073 14.2029552 0.0040375 0
2454887.7563325231894851 14.2024679 0.0040620 0
2454887.7572474535554647 14.2037334 0.0040704 0
2454887.7581785880029202 14.1920443 0.0040338 0
2454887.7590917823836207 14.1967821 0.0040515 0
2454887.7600171295925975 14.1973238 0.0040309 0
2454887.7618961804546416 14.1985674 0.0040280 0
2454887.7627902776002884 14.2052364 0.0041073 0
2454887.7637017359957099 14.1948099 0.0040289 0
2454887.7646328704431653 14.2115431 0.0040493 0
2454887.7655541668646038 14.2095566 0.0040363 0
2454887.7664656247943640 14.2128229 0.0040316 0
2454887.7674204860813916 14.2052841 0.0040329 0
2454887.7683498840779066 14.2085295 0.0040247 0
2454887.7693741898983717 14.2035389 0.0040287 0
2454887.7705530091188848 14.1952906 0.0040409 0
2454887.7714465279132128 14.2085552 0.0040426 0
2454887.7723736111074686 14.2042551 0.0040261 0
2454887.7732908562757075 14.2010832 0.0040356 0
2454887.7742555555887520 14.2046824 0.0040266 0
2454887.7751803239807487 14.1986208 0.0040278 0
2454887.7761074071750045 14.2073450 0.0050243 0
2454887.7770414352416992 14.1961708 0.0040458 0
2454887.7779604168608785 14.2055740 0.0040344 0
2454887.7788863424211740 14.1987200 0.0040479 0
2454887.7798122684471309 14.2142553 0.0040282 0
2454887.7807370368391275 14.1997461 0.0040481 0
2454887.7817167825996876 14.2024288 0.0040365 0
2454887.7835888890549541 14.1966286 0.0040874 0
2454887.7844922454096377 14.2112837 0.0050854 0
2454887.7854181714355946 14.2042942 0.0040298 0
2454887.7863481482490897 14.2054138 0.0040304 0
2454887.7872862266376615 14.2129993 0.0040414 0
2454887.7882127314805984 14.2036619 0.0040339 0
2454887.7891357638873160 14.2069349 0.0050330 0
2454887.7900576386600733 14.2189093 0.0050566 0
2454887.7909748842939734 14.2088614 0.0040508 0
2454887.7919089118950069 14.1964512 0.0050458 0
2454887.7928527779877186 14.2153912 0.0050378 0
2454887.7937896992079914 14.1924543 0.0040417 0
2454887.7947162035852671 14.2102871 0.0050314 0
2454887.7956571760587394 14.2001190 0.0050307 0
2454887.7965848380699754 14.1914883 0.0050437 0
2454887.7975275460630655 14.2080050 0.0050547 0
2454887.7985703703016043 14.2085152 0.0050402 0
2454887.7997063659131527 14.2089510 0.0050420 0
2454887.8006496527232230 14.1988602 0.0051573 0
2454887.8016322916373610 14.1998911 0.0050382 0
2454887.8026537038385868 14.2122383 0.0050296 0
2454887.8036947916261852 14.1868677 0.0050456 0
2454887.8047144678421319 14.1891680 0.0050500 0
2454887.8056924766860902 14.1985283 0.0050471 0
2454887.8066947916522622 14.2207479 0.0050450 0
2454887.8085750001482666 14.2159042 0.0050464 0
2454887.8095032409764826 14.2006483 0.0050368 0
2454887.8114725695922971 14.2152567 0.0050692 0
2454887.8123961803503335 14.1996078 0.0050456 0
2454887.8133319444023073 14.2073488 0.0050631 0
2454887.8142671296373010 14.1939402 0.0050564 0
2454887.8152069444768131 14.2119265 0.0050633 0
2454887.8161473381333053 14.1993723 0.0050624 0
2454887.8170964121818542 14.1994257 0.0050924 0
2454887.8191074072383344 14.2074203 0.0050497 0
2454887.8200408564880490 14.1816235 0.0051820 0
2454887.8209934029728174 14.1757145 0.0051528 0
2454887.8219609954394400 14.1933641 0.0050600 0
2454887.8229123842902482 14.1864672 0.0050725 0
2454887.8238782407715917 14.2046328 0.0050956 0
2454887.8248504628427327 14.1746683 0.0061404 0
2454887.8258990738540888 14.1819239 0.0061205 0
2454887.8268562499433756 14.2231007 0.0062181 0
2454887.8278082176111639 14.2069035 0.0060725 0
2454887.8287613424472511 14.1973600 0.0061677 0
2454887.8297381945885718 14.1903419 0.0060881 0
2454887.8306537037715316 14.1734476 0.0063086 0
2454887.8315848377533257 14.1654625 0.0061067 0
2454887.8325101854279637 14.1950655 0.0071459 0
2454887.8334546294063330 14.2158537 0.0065780 0
2454888.6674447916448116 14.2031889 0.0040550 0
2454888.6683608796447515 14.2110548 0.0040788 0
2454888.6692607640288770 14.2034378 0.0040646 0
2454888.6701681711710989 14.2119932 0.0040898 0
2454888.6710802083835006 14.2088709 0.0041092 0
2454888.6719829859212041 14.2118902 0.0040389 0
2454888.6729060183279216 14.2127647 0.0040546 0
2454888.6738012731075287 14.2150679 0.0040799 0
2454888.6747040511108935 14.2186670 0.0041119 0
2454888.6756184026598930 14.2066727 0.0040450 0
2454888.6765431715175509 14.2092009 0.0040529 0
2454888.6774395834654570 14.2117653 0.0040523 0
2454888.6895935186184943 14.1995068 0.0040228 0
2454888.6905084489844739 14.2023029 0.0040256 0
2454888.6914349538274109 14.1975460 0.0040303 0
2454888.6923412038013339 14.2138443 0.0040433 0
2454888.6932462961412966 14.1916561 0.0040278 0
2454888.6941357636824250 14.2024775 0.0040279 0
2454888.6950402776710689 14.2013044 0.0050208 0
2454888.6959453704766929 14.1941576 0.0040306 0
2454888.6968608796596527 14.1957541 0.0040260 0
2454888.7025194442830980 14.1957417 0.0060449 0
2454888.7034413195215166 14.1968641 0.0060378 0
2454888.7043498842976987 14.1900597 0.0060377 0
2454888.7072759261354804 14.1843233 0.0060336 0
2454888.7081872685812414 14.1967440 0.0060486 0
2454888.7090981481596828 14.1895723 0.0060484 0
2454888.7100136573426425 14.2005301 0.0070465 0
2454888.7109413193538785 14.1989393 0.0070507 0
2454888.7118799770250916 14.1809511 0.0070477 0
2454888.7128006946295500 14.1853781 0.0080553 0
2454888.7137162038125098 14.1900587 0.0070419 0
2454888.7146427081897855 14.1821051 0.0070748 0
2454888.7155553242191672 14.1659603 0.0071251 0
2454888.7165379631333053 14.2025290 0.0070349 0
2454888.7174476850777864 14.1993189 0.0070613 0
2454888.7183736111037433 14.2087440 0.0080415 0
2454888.7193006942979991 14.1883974 0.0070565 0
2454888.7211502315476537 14.2258520 0.0090881 0
2454888.7220478011295199 14.1761150 0.0110841 0
2454888.7229563659057021 14.1680813 0.0140821 0
2454888.7238770835101604 14.1898327 0.0241127 0
2454888.7247787038795650 14.1844988 0.0161007 0
2454888.7256785877980292 14.1886292 0.0100907 0
2454888.7266351850703359 14.1949558 0.0070331 0
2454888.7275616899132729 14.1972485 0.0060371 0
2454888.7284939815290272 14.1918049 0.0060345 0
2454888.7294222223572433 14.1937981 0.0060329 0
2454888.7312717591412365 14.2083063 0.0070458 0
2454888.7321843751706183 14.1919842 0.0060453 0
2454888.7331114583648741 14.1837034 0.0060273 0
2454888.7340130787342787 14.2001734 0.0050262 0
2454888.7349737267941236 14.1975498 0.0050270 0
2454888.7358950232155621 14.2138004 0.0050413 0
2454888.7368302084505558 14.2154026 0.0050750 0
2454888.7377503472380340 14.2059345 0.0050352 0
2454888.7386693288572133 14.2046833 0.0050468 0
2454888.7395883100107312 14.2148266 0.0050510 0
2454888.7405211804434657 14.2031746 0.0040272 0
2454888.7414523148909211 14.1932468 0.0050303 0
2454888.7423770832829177 14.2020864 0.0050377 0
2454888.7433151621371508 14.2135315 0.0050312 0
2454888.7442549769766629 14.2039108 0.0050230 0
2454888.7451936341822147 14.1995430 0.0050388 0
2454888.7461322918534279 14.2001381 0.0050378 0
2454888.7470535878092051 14.2129765 0.0050355 0
2454888.7479812498204410 14.2095003 0.0050632 0
2454888.7489129630848765 14.2131042 0.0050184 0
2454888.7498718751594424 14.1994209 0.0050294 0
2454888.7507966435514390 14.2009106 0.0050258 0
2454888.7517289351671934 14.2027073 0.0050252 0
2454888.7526432871818542 14.1905937 0.0050599 0
2454888.7535784724168479 14.1999464 0.0050287 0
2454888.7545165508054197 14.1908617 0.0050390 0
2454888.7554476852528751 14.2118902 0.0050321 0
2454888.7563805556856096 14.1982441 0.0040416 0
2454888.7573082176968455 14.2054844 0.0050259 0
2454888.7582358797080815 14.1898832 0.0050397 0
2454888.7591681713238358 14.1933699 0.0050233 0
2454888.7600981481373310 14.2001610 0.0050292 0
2454888.7610315973870456 14.1956749 0.0040337 0
2454888.7619598377496004 14.1960831 0.0050356 0
2454888.7628956018015742 14.1980114 0.0050425 0
2454888.7638631942681968 14.1968699 0.0050300 0
2454888.7647983795031905 14.2053165 0.0050420 0
2454888.7657763888128102 14.2123280 0.0050399 0
2454888.7667086804285645 14.1976824 0.0050360 0
2454888.7676403936930001 14.2137480 0.0051009 0
2454888.7685732636600733 14.1990871 0.0050384 0
2454888.7696270835585892 14.2006302 0.0050431 0
2454888.7705732639878988 14.2001181 0.0050389 0
2454888.7715084492228925 14.2026548 0.0050414 0
2454888.7724303239956498 14.1986408 0.0050456 0
2454888.7733620372600853 14.1985216 0.0050715 0
2454888.7743105324916542 14.1990080 0.0050460 0
2454888.7761843749321997 14.2234325 0.0070682 0
2454888.7771444446407259 14.2309361 0.0096735 0
2454888.7781050927005708 14.2173758 0.0133603 0
2454888.7790119214914739 14.1688433 0.0255775 0
2454888.7799465279094875 14.2012892831683 99 1
2454888.7809378472156823 14.2195005 0.0050611 0
2454888.7818875000812113 14.2246895 0.0051035 0
2454888.7828354164958000 14.2012892831683 99 1
2454888.7837873841635883 14.2012892831683 99 1
2454888.7847306714393198 14.1993132 0.0050443 0
2454888.7856895835138857 14.2085409 0.0050348 0
2454888.7866369211114943 14.2140560 0.0050337 0
2454888.7875900464132428 14.2122679 0.0050637 0
2454888.7885396992787719 14.2010145 0.0050424 0
2454888.7894795136526227 14.2097483 0.0050671 0
