0.741463414634146
2454887.7398140048608184 15.5158424 0.0080156 0
2454887.7406988427974284 15.5236902 0.0080200 0
2454887.7416172455996275 15.5263758 0.0080350 0
2454887.7425315971486270 15.5124826 0.0080283 0
2454887.7434355323202908 15.5056391 0.0080207 0
2454887.7444280092604458 15.5295572 0.0080270 0
2454887.7453365740366280 15.5047417 0.0080220 0
2454887.7462584492750466 15.5141869 0.0080220 0
2454887.7471716436557472 15.5125427 0.0080190 0
2454887.7480946760624647 15.5155449 0.0080129 0
2454887.7490032408386469 15.5192604 0.0080146 0
2454887.7499204860068858 15.5175943 0.0080293 0
2454887.7508365740068257 15.5084114 0.0080151 0
2454887.7517543979920447 15.5175591 0.0080145 0
2454887.7526531252078712 15.5242472 0.0080154 0
2454887.7535726851783693 15.5165310 0.0080103 0
2454887.7544905091635883 15.5132723 0.0080165 0
2454887.7554083331488073 15.5339546 0.0090167 0
2454887.7563325231894851 15.5264683 0.0080312 0
2454887.7572474535554647 15.5167332 0.0090315 0
2454887.7581785880029202 15.4910450 0.0080169 0
2454887.7590917823836207 15.5017824 0.0090230 0
2454887.7600171295925975 15.5183239 0.0080155 0
2454887.7618961804546416 15.5345659 0.0080141 0
2454887.7627902776002884 15.5182362 0.0080542 0
2454887.7637017359957099 15.5118103 0.0080145 0
2454887.7646328704431653 15.5125427 0.0080247 0
2454887.7655541668646038 15.5185566 0.0090162 0
2454887.7664656247943640 15.5298233 0.0090141 0
2454887.7674204860813916 15.5152836 0.0080165 0
2454887.7683498840779066 15.5145292 0.0080124 0
2454887.7693741898983717 15.5255384 0.0090128 0
2454887.7705530091188848 15.5102911 0.0080205 0
2454887.7714465279132128 15.5205555 0.0090190 0
2454887.7723736111074686 15.5192547 0.0090116 0
2454887.7732908562757075 15.5200834 0.0090159 0
2454887.7742555555887520 15.4986820 0.0080134 0
2454887.7751803239807487 15.5006208 0.0090124 0
2454887.7761074071750045 15.5213451 0.0090135 0
2454887.7770414352416992 15.4891710 0.0090204 0
2454887.7779604168608785 15.5035744 0.0090153 0
2454887.7788863424211740 15.5247202 0.0090214 0
2454887.7798122684471309 15.5122557 0.0090126 0
2454887.7807370368391275 15.5177460 0.0090215 0
2454887.7817167825996876 15.5154295 0.0090163 0
2454887.7835888890549541 15.5216293 0.0090392 0
2454887.7844922454096377 15.4912844 0.0090477 0
2454887.7854181714355946 15.5002947 0.0090133 0
2454887.7863481482490897 15.4964132 0.0080152 0
2454887.7872862266376615 15.5119991 0.0090185 0
2454887.7882127314805984 15.5246630 0.0090151 0
2454887.7891357638873160 15.5329351 0.0110150 0
2454887.7900576386600733 15.5233922046053 99 1
2454887.7909748842939734 15.5233922046053 99 1
2454887.7919089118950069 15.5233922046053 99 1
2454887.7928527779877186 15.5233922046053 99 1
2454887.7937896992079914 15.5233922046053 99 1
2454887.7947162035852671 15.5233922046053 99 1
2454887.7956571760587394 15.5233922046053 99 1
2454887.7965848380699754 15.5233922046053 99 1
2454887.7975275460630655 15.5233922046053 99 1
2454887.7985703703016043 15.5233922046053 99 1
2454887.7997063659131527 15.5233922046053 99 1
2454887.8006496527232230 15.5233922046053 99 1
2454887.8016322916373610 15.5233922046053 99 1
2454887.8026537038385868 15.5233922046053 99 1
2454887.8036947916261852 15.5233922046053 99 1
2454887.8047144678421319 15.5233922046053 99 1
2454887.8056924766860902 15.5233922046053 99 1
2454887.8066947916522622 15.5233922046053 99 1
2454887.8085750001482666 15.5233922046053 99 1
2454887.8095032409764826 15.5233922046053 99 1
2454887.8114725695922971 15.5233922046053 99 1
2454887.8123961803503335 15.5233922046053 99 1
2454887.8133319444023073 15.5233922046053 99 1
2454887.8142671296373010 15.5233922046053 99 1
2454887.8152069444768131 15.5233922046053 99 1
2454887.8161473381333053 15.5233922046053 99 1
2454887.8170964121818542 15.5233922046053 99 1
2454887.8191074072383344 15.5233922046053 99 1
2454887.8200408564880490 15.5233922046053 99 1
2454887.8209934029728174 15.5233922046053 99 1
2454887.8219609954394400 15.5233922046053 99 1
2454887.8229123842902482 15.5233922046053 99 1
2454887.8238782407715917 15.5233922046053 99 1
2454887.8248504628427327 15.5233922046053 99 1
2454887.8258990738540888 15.5233922046053 99 1
2454887.8268562499433756 15.5233922046053 99 1
2454887.8278082176111639 15.5233922046053 99 1
2454887.8287613424472511 15.5233922046053 99 1
2454887.8297381945885718 15.5233922046053 99 1
2454887.8306537037715316 15.5233922046053 99 1
2454887.8315848377533257 15.5233922046053 99 1
2454887.8325101854279637 15.5233922046053 99 1
2454887.8334546294063330 15.5233922046053 99 1
2454888.6674447916448116 15.5291891 0.0080276 0
2454888.6683608796447515 15.5080547 0.0080397 0
2454888.6692607640288770 15.5124378 0.0080325 0
2454888.6701681711710989 15.5119934 0.0080453 0
2454888.6710802083835006 15.5118704 0.0080552 0
2454888.6719829859212041 15.5218897 0.0080195 0
2454888.6729060183279216 15.5207653 0.0080275 0
2454888.6738012731075287 15.5190678 0.0080402 0
2454888.6747040511108935 15.5146675 0.0080565 0
2454888.6756184026598930 15.5246725 0.0080226 0
2454888.6765431715175509 15.5262003 0.0080266 0
2454888.6774395834654570 15.5307655 0.0080263 0
2454888.6895935186184943 15.5205069 0.0080114 0
2454888.6905084489844739 15.5273027 0.0080128 0
2454888.6914349538274109 15.5225468 0.0080152 0
2454888.6923412038013339 15.5158443 0.0090193 0
2454888.6932462961412966 15.5316563 0.0090124 0
2454888.6941357636824250 15.5244780 0.0090124 0
2454888.6950402776710689 15.5193052 0.0090116 0
2454888.6959453704766929 15.5071573 0.0090136 0
2454888.6968608796596527 15.5207539 0.0090116 0
2454888.7025194442830980 15.5177422 0.0130208 0
2454888.7034413195215166 15.5258636 0.0140163 0
2454888.7043498842976987 15.4980593 0.0140162 0
2454888.7072759261354804 15.5143232 0.0140144 0
2454888.7081872685812414 15.5077438 0.0140209 0
2454888.7090981481596828 15.4895716 0.0150194 0
2454888.7100136573426425 15.5095301 0.0190172 0
2454888.7109413193538785 15.4909391 0.0170209 0
2454888.7118799770250916 15.5199509 0.0170197 0
2454888.7128006946295500 15.4853773 0.0200222 0
2454888.7137162038125098 15.4900589 0.0170173 0
2454888.7146427081897855 15.4931049 0.0170309 0
2454888.7155553242191672 15.5219603 0.0180490 0
2454888.7165379631333053 15.5215292 0.0180136 0
2454888.7174476850777864 15.5143185 0.0180239 0
2454888.7183736111037433 15.5167446 0.0220151 0
2454888.7193006942979991 15.5223970 0.0190209 0
2454888.7211502315476537 15.5408525 0.0260306 0
2454888.7220478011295199 15.5711155 0.0370251 0
2454888.7229563659057021 15.4500818 0.0410281 0
2454888.7238770835101604 15.5233922046053 99 1
2454888.7247787038795650 15.5874987 0.0560288 0
2454888.7256785877980292 15.5686293 0.0310294 0
2454888.7266351850703359 15.5619564 0.0180129 0
2454888.7275616899132729 15.5112486 0.0160140 0
2454888.7284939815290272 15.5468044 0.0140148 0
2454888.7294222223572433 15.5147982 0.0140141 0
2454888.7312717591412365 15.5173063 0.0150214 0
2454888.7321843751706183 15.5299845 0.0140195 0
2454888.7331114583648741 15.5237036 0.0120137 0
2454888.7340130787342787 15.5391731 0.0120110 0
2454888.7349737267941236 15.5595503 0.0110123 0
2454888.7358950232155621 15.5517998 0.0120173 0
2454888.7368302084505558 15.5204029 0.0110343 0
2454888.7377503472380340 15.5419340 0.0110160 0
2454888.7386693288572133 15.5386829 0.0110214 0
2454888.7395883100107312 15.5328264 0.0100256 0
2454888.7405211804434657 15.5461740 0.0100109 0
2454888.7414523148909211 15.5292473 0.0100152 0
2454888.7423770832829177 15.5590868 0.0100189 0
2454888.7433151621371508 15.5475311 0.0100156 0
2454888.7442549769766629 15.5509109 0.0100115 0
2454888.7451936341822147 15.5495424 0.0110177 0
2454888.7461322918534279 15.5611382 0.0110172 0
2454888.7470535878092051 15.5419769 0.0100178 0
2454888.7479812498204410 15.5505009 0.0120265 0
2454888.7489129630848765 15.5311041 0.0100092 0
2454888.7498718751594424 15.5524206 0.0100147 0
2454888.7507966435514390 15.5579109 0.0100129 0
2454888.7517289351671934 15.5307064 0.0100126 0
2454888.7526432871818542 15.5495939 0.0120251 0
2454888.7535784724168479 15.5379467 0.0100144 0
2454888.7545165508054197 15.5558615 0.0110178 0
2454888.7554476852528751 15.5508900 0.0100161 0
2454888.7563805556856096 15.5372438 0.0090186 0
2454888.7573082176968455 15.5394840 0.0100130 0
2454888.7582358797080815 15.5378828 0.0100199 0
2454888.7591681713238358 15.5383701 0.0100116 0
2454888.7600981481373310 15.5421610 0.0100146 0
2454888.7610315973870456 15.5476751 0.0100135 0
2454888.7619598377496004 15.5330830 0.0100178 0
2454888.7628956018015742 15.5300112 0.0100213 0
2454888.7638631942681968 15.5438700 0.0110137 0
2454888.7647983795031905 15.5093164 0.0100210 0
2454888.7657763888128102 15.5313282 0.0100200 0
2454888.7667086804285645 15.5196819 0.0110164 0
2454888.7676403936930001 15.5247478 0.0100508 0
2454888.7685732636600733 15.5270882 0.0100193 0
2454888.7696270835585892 15.5436287 0.0110197 0
2454888.7705732639878988 15.5121174 0.0110177 0
2454888.7715084492228925 15.5226545 0.0110189 0
2454888.7724303239956498 15.5166416 0.0110208 0
2454888.7733620372600853 15.5205221 0.0120299 0
2454888.7743105324916542 15.5460081 0.0110210 0
2454888.7761843749321997 15.5584326 0.0190252 0
2454888.7771444446407259 15.4509354 0.0232718 0
2454888.7781050927005708 15.5053759 0.0401186 0
2454888.7790119214914739 15.5233922046053 99 1
2454888.7799465279094875 15.5233922046053 99 1
2454888.7809378472156823 15.5374994 0.0110279 0
2454888.7818875000812113 15.4956894 0.0100521 0
2454888.7828354164958000 15.5233922046053 99 1
2454888.7837873841635883 15.5233922046053 99 1
2454888.7847306714393198 15.5333138 0.0110202 0
2454888.7856895835138857 15.5233922046053 99 1
2454888.7866369211114943 15.5233922046053 99 1
2454888.7875900464132428 15.5233922046053 99 1
2454888.7885396992787719 15.5233922046053 99 1
2454888.7894795136526227 15.5233922046053 99 1
