0.965853658536585
2454887.7398140048608184 16.4588413 0.0140089 0
2454887.7406988427974284 16.4566898 0.0130123 0
2454887.7416172455996275 16.4663754 0.0140200 0
2454887.7425315971486270 16.4504833 0.0140162 0
2454887.7434355323202908 16.4446392 0.0130128 0
2454887.7444280092604458 16.4235592 0.0140154 0
2454887.7453365740366280 16.4527416 0.0130136 0
2454887.7462584492750466 16.4571877 0.0130135 0
2454887.7471716436557472 16.4475441 0.0130117 0
2454887.7480946760624647 16.4755440 0.0140074 0
2454887.7490032408386469 16.4482613 0.0140083 0
2454887.7499204860068858 16.4655952 0.0140167 0
2454887.7508365740068257 16.4704113 0.0140086 0
2454887.7517543979920447 16.4365597 0.0140083 0
2454887.7526531252078712 16.4712486 0.0140088 0
2454887.7535726851783693 16.4555302 0.0140059 0
2454887.7544905091635883 16.4672718 0.0140094 0
2454887.7554083331488073 16.4589558 0.0150100 0
2454887.7563325231894851 16.4624672 0.0140179 0
2454887.7572474535554647 16.4217339 0.0150189 0
2454887.7581785880029202 16.4640446 0.0150090 0
2454887.7590917823836207 16.4247837 0.0150138 0
2454887.7600171295925975 16.4533234 0.0140089 0
2454887.7618961804546416 16.4465675 0.0140080 0
2454887.7627902776002884 16.4392357 0.0140310 0
2454887.7637017359957099 16.4548092 0.0140083 0
2454887.7646328704431653 16.4485435 0.0150132 0
2454887.7655541668646038 16.4545574 0.0150097 0
2454887.7664656247943640 16.4598236 0.0150085 0
2454887.7674204860813916 16.4542828 0.0150088 0
2454887.7683498840779066 16.4755287 0.0150066 0
2454887.7693741898983717 16.4965382 0.0160072 0
2454887.7705530091188848 16.4782906 0.0160103 0
2454887.7714465279132128 16.4695549 0.0150114 0
2454887.7723736111074686 16.4632549 0.0170062 0
2454887.7732908562757075 16.4790840 0.0160089 0
2454887.7742555555887520 16.4706821 0.0150071 0
2454887.7751803239807487 16.4556198 0.0160070 0
2454887.7761074071750045 16.4523449 0.0160076 0
2454887.7770414352416992 16.4431705 0.0160115 0
2454887.7779604168608785 16.4575729 0.0160086 0
2454887.7788863424211740 16.4577198 0.0150129 0
2454887.7798122684471309 16.4682560 0.0150075 0
2454887.7807370368391275 16.4477463 0.0150129 0
2454887.7817167825996876 16.4464283 0.0150098 0
2454887.7835888890549541 16.4296284 0.0170208 0
2454887.7844922454096377 16.4542847 0.0180239 0
2454887.7854181714355946 16.4762955 0.0170070 0
2454887.7863481482490897 16.4684143 0.0160076 0
2454887.7872862266376615 16.4629993 0.0170098 0
2454887.7882127314805984 16.4426632 0.0170080 0
2454887.7891357638873160 16.4489346 0.0210079 0
2454887.7900576386600733 16.4639091 0.0240119 0
2454887.7909748842939734 16.4738617 0.0180114 0
2454887.7919089118950069 16.4824524 0.0190121 0
2454887.7928527779877186 16.4633923 0.0180105 0
2454887.7937896992079914 16.4824562 0.0180093 0
2454887.7947162035852671 16.4652882 0.0190083 0
2454887.7956571760587394 16.4461193 0.0230067 0
2454887.7965848380699754 16.4644890 0.0190116 0
2454887.7975275460630655 16.4650059 0.0190145 0
2454887.7985703703016043 16.4335155 0.0190106 0
2454887.7997063659131527 16.4629517 0.0200105 0
2454887.8006496527232230 16.4258575 0.0200399 0
2454887.8016322916373610 16.4708900 0.0200096 0
2454887.8026537038385868 16.4562378 0.0190078 0
2454887.8036947916261852 16.4298687 0.0200115 0
2454887.8047144678421319 16.4611664 0.0210120 0
2454887.8056924766860902 16.4755287 0.0220108 0
2454887.8066947916522622 16.4877472 0.0210108 0
2454887.8085750001482666 16.4539032 0.0230101 0
2454887.8095032409764826 16.4766464 0.0200092 0
2454887.8114725695922971 16.4802570 0.0240145 0
2454887.8123961803503335 16.4636078 0.0230100 0
2454887.8133319444023073 16.5043488 0.0220144 0
2454887.8142671296373010 16.4499397 0.0240118 0
2454887.8152069444768131 16.4759274 0.0240133 0
2454887.8161473381333053 16.4463749 0.0240131 0
2454887.8170964121818542 16.4454269 0.0250186 0
2454887.8191074072383344 16.4894199 0.0240104 0
2454887.8200408564880490 16.4856243 0.0270343 0
2454887.8209934029728174 16.4627132 0.0270287 0
2454887.8219609954394400 16.4643650 0.0250121 0
2454887.8229123842902482 16.4824677 0.0250146 0
2454887.8238782407715917 16.4926319 0.0280172 0
2454887.8248504628427327 16.5466690 0.0320266 0
2454887.8258990738540888 16.5319252 0.0380192 0
2454887.8268562499433756 16.4780998 0.0320416 0
2454887.8278082176111639 16.5209026 0.0320137 0
2454887.8287613424472511 16.5403595 0.0390262 0
2454887.8297381945885718 16.4643421 0.0340157 0
2454887.8306537037715316 16.4724464 0.0340558 0
2454887.8315848377533257 16.4194603 0.0370175 0
2454887.8325101854279637 16.4740639 0.0390264 0
2454887.8334546294063330 16.4918537 0.0361008 0
2454888.6674447916448116 16.5101891 0.0150148 0
2454888.6683608796447515 16.4960537 0.0140227 0
2454888.6692607640288770 16.4834385 0.0150174 0
2454888.6701681711710989 16.4919930 0.0150242 0
2454888.6710802083835006 16.4988728 0.0150295 0
2454888.6719829859212041 16.4868889 0.0140112 0
2454888.6729060183279216 16.4977646 0.0150147 0
2454888.6738012731075287 16.5010681 0.0140230 0
2454888.6747040511108935 16.5096684 0.0150302 0
2454888.6756184026598930 16.4806728 0.0140129 0
2454888.6765431715175509 16.4871998 0.0140152 0
2454888.6774395834654570 16.4927654 0.0140150 0
2454888.6895935186184943 16.4905071 0.0150061 0
2454888.6905084489844739 16.4813023 0.0140073 0
2454888.6914349538274109 16.4885483 0.0140087 0
2454888.6923412038013339 16.4838448 0.0150116 0
2454888.6932462961412966 16.4626560 0.0150074 0
2454888.6941357636824250 16.4794788 0.0160070 0
2454888.6950402776710689 16.4603062 0.0170061 0
2454888.6959453704766929 16.4771576 0.0160077 0
2454888.6968608796596527 16.4667530 0.0160065 0
2454888.7025194442830980 16.4557419 0.0250108 0
2454888.7034413195215166 16.4728642 0.0290079 0
2454888.7043498842976987 16.5050602 0.0300076 0
2454888.7072759261354804 16.4473248 0.0260078 0
2454888.7081872685812414 16.4957447 0.0290101 0
2454888.7090981481596828 16.4485722 0.0310094 0
2454888.7100136573426425 16.5115299 0.0400082 0
2454888.7109413193538785 16.4719391 0.0350102 0
2454888.7118799770250916 16.4869518 0.0350096 0
2454888.7128006946295500 16.4653759 0.0410108 0
2454888.7137162038125098 16.4790573 0.0370080 0
2454888.7146427081897855 16.4711056 0.0340155 0
2454888.7155553242191672 16.4259605 0.0350252 0
2454888.7165379631333053 16.4825306 0.0350070 0
2454888.7174476850777864 16.5283184 0.0380113 0
2454888.7183736111037433 16.3977451 0.0400083 0
2454888.7193006942979991 16.4863968 0.0380105 0
2454888.7211502315476537 16.4738522 0.0540147 0
2454888.7220478011295199 16.4891148 0.0730127 0
2454888.7229563659057021 16.4737036085859 99 1
2454888.7238770835101604 16.4737036085859 99 1
2454888.7247787038795650 16.4494972 0.1120144 0
2454888.7256785877980292 16.4906273 0.0630145 0
2454888.7266351850703359 16.4539547 0.0360064 0
2454888.7275616899132729 16.4572487 0.0310072 0
2454888.7284939815290272 16.4858055 0.0280074 0
2454888.7294222223572433 16.4407978 0.0270073 0
2454888.7312717591412365 16.4693069 0.0310104 0
2454888.7321843751706183 16.5019836 0.0290094 0
2454888.7331114583648741 16.4617043 0.0240068 0
2454888.7340130787342787 16.4811726 0.0230057 0
2454888.7349737267941236 16.4665489 0.0220061 0
2454888.7358950232155621 16.4797974 0.0230090 0
2454888.7368302084505558 16.4664021 0.0210180 0
2454888.7377503472380340 16.4909344 0.0210084 0
2454888.7386693288572133 16.5046844 0.0220107 0
2454888.7395883100107312 16.4908276 0.0190135 0
2454888.7405211804434657 16.5071735 0.0200055 0
2454888.7414523148909211 16.4792461 0.0190080 0
2454888.7423770832829177 16.4360867 0.0190100 0
2454888.7433151621371508 16.3135319 0.0210074 0
2454888.7442549769766629 16.4679108 0.0190061 0
2454888.7451936341822147 16.5005417 0.0210093 0
2454888.7461322918534279 16.4931374 0.0220086 0
2454888.7470535878092051 16.4919777 0.0180099 0
2454888.7479812498204410 16.4845009 0.0250127 0
2454888.7489129630848765 16.5101051 0.0190048 0
2454888.7498718751594424 16.4874210 0.0210070 0
2454888.7507966435514390 16.4889107 0.0200065 0
2454888.7517289351671934 16.4697075 0.0190066 0
2454888.7526432871818542 16.5225964 0.0240125 0
2454888.7535784724168479 16.4519463 0.0190076 0
2454888.7545165508054197 16.4808617 0.0220089 0
2454888.7554476852528751 16.4798908 0.0180089 0
2454888.7563805556856096 16.5302429 0.0190088 0
2454888.7573082176968455 16.4864845 0.0200065 0
2454888.7582358797080815 16.4768848 0.0200100 0
2454888.7591681713238358 16.4993687 0.0190061 0
2454888.7600981481373310 16.4871616 0.0200073 0
2454888.7610315973870456 16.4836750 0.0190071 0
2454888.7619598377496004 16.5090828 0.0190094 0
2454888.7628956018015742 16.4970131 0.0200107 0
2454888.7638631942681968 16.4388695 0.0210072 0
2454888.7647983795031905 16.5093155 0.0200105 0
2454888.7657763888128102 16.5093288 0.0210095 0
2454888.7667086804285645 16.4516811 0.0210086 0
2454888.7676403936930001 16.4947491 0.0200255 0
2454888.7685732636600733 16.4800873 0.0190101 0
2454888.7696270835585892 16.5026302 0.0220098 0
2454888.7705732639878988 16.4621181 0.0230085 0
2454888.7715084492228925 16.4746552 0.0220095 0
2454888.7724303239956498 16.4936409 0.0240096 0
2454888.7733620372600853 16.5005226 0.0260138 0
2454888.7743105324916542 16.4910088 0.0230100 0
2454888.7761843749321997 16.4804325 0.0370130 0
2454888.7771444446407259 16.6159363 0.0621013 0
2454888.7781050927005708 16.4737036085859 99 1
2454888.7790119214914739 16.4737036085859 99 1
2454888.7799465279094875 16.4737036085859 99 1
2454888.7809378472156823 16.5054989 0.0200154 0
2454888.7818875000812113 16.4776917 0.0190275 0
2454888.7828354164958000 16.4737036085859 99 1
2454888.7837873841635883 16.4737036085859 99 1
2454888.7847306714393198 16.5093136 0.0200111 0
2454888.7856895835138857 16.4935417 0.0200087 0
2454888.7866369211114943 16.4940567 0.0190089 0
2454888.7875900464132428 16.5212669 0.0190169 0
2454888.7885396992787719 16.4820156 0.0190112 0
2454888.7894795136526227 16.4947472 0.0200169 0
