0.482926829268293
2454887.7398140048608184 11.3262609333333 99 1
2454887.7406988427974284 11.3262609333333 99 1
2454887.7416172455996275 11.3262609333333 99 1
2454887.7425315971486270 11.3262609333333 99 1
2454887.7434355323202908 11.3262609333333 99 1
2454887.7444280092604458 11.3262609333333 99 1
2454887.7453365740366280 11.3262609333333 99 1
2454887.7462584492750466 11.3262609333333 99 1
2454887.7471716436557472 11.3262609333333 99 1
2454887.7480946760624647 11.3262609333333 99 1
2454887.7490032408386469 11.3262609333333 99 1
2454887.7499204860068858 11.3262609333333 99 1
2454887.7508365740068257 11.3262609333333 99 1
2454887.7517543979920447 11.3262609333333 99 1
2454887.7526531252078712 11.3262609333333 99 1
2454887.7535726851783693 11.3262609333333 99 1
2454887.7544905091635883 11.3262609333333 99 1
2454887.7554083331488073 11.3262609333333 99 1
2454887.7563325231894851 11.3262609333333 99 1
2454887.7572474535554647 11.3262609333333 99 1
2454887.7581785880029202 11.3262609333333 99 1
2454887.7590917823836207 11.3262609333333 99 1
2454887.7600171295925975 11.3262609333333 99 1
2454887.7618961804546416 11.3262609333333 99 1
2454887.7627902776002884 11.3262609333333 99 1
2454887.7637017359957099 11.3262609333333 99 1
2454887.7646328704431653 11.3262609333333 99 1
2454887.7655541668646038 11.3262609333333 99 1
2454887.7664656247943640 11.3262609333333 99 1
2454887.7674204860813916 11.3262609333333 99 1
2454887.7683498840779066 11.3262609333333 99 1
2454887.7693741898983717 11.3262609333333 99 1
2454887.7705530091188848 11.3262609333333 99 1
2454887.7714465279132128 11.3262609333333 99 1
2454887.7723736111074686 11.3262609333333 99 1
2454887.7732908562757075 11.3262609333333 99 1
2454887.7742555555887520 11.3262609333333 99 1
2454887.7751803239807487 11.3262609333333 99 1
2454887.7761074071750045 11.3262609333333 99 1
2454887.7770414352416992 11.3262609333333 99 1
2454887.7779604168608785 11.3262609333333 99 1
2454887.7788863424211740 11.3262609333333 99 1
2454887.7798122684471309 11.3262609333333 99 1
2454887.7807370368391275 11.3262609333333 99 1
2454887.7817167825996876 11.3262609333333 99 1
2454887.7835888890549541 11.3262609333333 99 1
2454887.7844922454096377 11.3262609333333 99 1
2454887.7854181714355946 11.3262609333333 99 1
2454887.7863481482490897 11.3262609333333 99 1
2454887.7872862266376615 11.3262609333333 99 1
2454887.7882127314805984 11.3262609333333 99 1
2454887.7891357638873160 11.3169346 0.0011538 0
2454887.7900576386600733 11.3262609333333 99 1
2454887.7909748842939734 11.3262609333333 99 1
2454887.7919089118950069 11.3262609333333 99 1
2454887.7928527779877186 11.3262609333333 99 1
2454887.7937896992079914 11.3262609333333 99 1
2454887.7947162035852671 11.3262609333333 99 1
2454887.7956571760587394 11.3331194 0.0011434 0
2454887.7965848380699754 12.0294886 0.0021070 0
2454887.7975275460630655 11.3262609333333 99 1
2454887.7985703703016043 11.9115152 0.0020986 0
2454887.7997063659131527 11.8279505 0.0021028 0
2454887.8006496527232230 11.9038601 0.0023660 0
2454887.8016322916373610 11.3262609333333 99 1
2454887.8026537038385868 11.3262609333333 99 1
2454887.8036947916261852 11.8518677 0.0021115 0
2454887.8047144678421319 11.7981682 0.0021219 0
2454887.8056924766860902 11.7645283 0.0012138 0
2454887.8066947916522622 11.5277481 0.0012052 0
2454887.8085750001482666 11.4439039 0.0012108 0
2454887.8095032409764826 11.3262609333333 99 1
2454887.8114725695922971 11.5292568 0.0013027 0
2454887.8123961803503335 11.4356079 0.0012075 0
2454887.8133319444023073 11.3262609333333 99 1
2454887.8142671296373010 11.5859404 0.0012520 0
2454887.8152069444768131 11.4249268 0.0012795 0
2454887.8161473381333053 11.3262609333333 99 1
2454887.8170964121818542 11.3144255 0.0013901 0
2454887.8191074072383344 11.4874201 0.0012243 0
2454887.8200408564880490 11.3262609333333 99 1
2454887.8209934029728174 11.2987146 0.0015974 0
2454887.8219609954394400 11.3663645 0.0012664 0
2454887.8229123842902482 11.4714670 0.0013154 0
2454887.8238782407715917 11.3216324 0.0014019 0
2454887.8248504628427327 11.1486683 0.0016445 0
2454887.8258990738540888 11.1029234 0.0015686 0
2454887.8268562499433756 11.1471014 0.0019145 0
2454887.8278082176111639 11.1649036 0.0013694 0
2454887.8287613424472511 11.1133604 0.0017438 0
2454887.8297381945885718 11.1173420 0.0014370 0
2454887.8306537037715316 11.1184473 0.0021904 0
2454887.8315848377533257 11.0964622 0.0015138 0
2454887.8325101854279637 11.1050653 0.0017503 0
2454887.8334546294063330 11.0928545 0.0028758 0
2454888.6674447916448116 11.3262609333333 99 1
2454888.6683608796447515 11.3262609333333 99 1
2454888.6692607640288770 11.3262609333333 99 1
2454888.6701681711710989 11.3262609333333 99 1
2454888.6710802083835006 11.3262609333333 99 1
2454888.6719829859212041 11.3262609333333 99 1
2454888.6729060183279216 11.3262609333333 99 1
2454888.6738012731075287 11.3262609333333 99 1
2454888.6747040511108935 11.3262609333333 99 1
2454888.6756184026598930 11.3262609333333 99 1
2454888.6765431715175509 11.3262609333333 99 1
2454888.6774395834654570 11.3262609333333 99 1
2454888.6895935186184943 11.3262609333333 99 1
2454888.6905084489844739 11.3262609333333 99 1
2454888.6914349538274109 11.3262609333333 99 1
2454888.6923412038013339 11.3262609333333 99 1
2454888.6932462961412966 11.3262609333333 99 1
2454888.6941357636824250 11.3262609333333 99 1
2454888.6950402776710689 11.3262609333333 99 1
2454888.6959453704766929 11.3262609333333 99 1
2454888.6968608796596527 11.3262609333333 99 1
2454888.7025194442830980 11.3262609333333 99 1
2454888.7034413195215166 11.3262609333333 99 1
2454888.7043498842976987 11.1600599 0.0012059 0
2454888.7072759261354804 11.4473228 0.0011850 0
2454888.7081872685812414 11.1717434 0.0012592 0
2454888.7090981481596828 11.1665716 0.0012583 0
2454888.7100136573426425 11.1325302 0.0012858 0
2454888.7109413193538785 11.1259394 0.0013083 0
2454888.7118799770250916 11.1629515 0.0012923 0
2454888.7128006946295500 11.1783781 0.0022110 0
2454888.7137162038125098 11.1870594 0.0012605 0
2454888.7146427081897855 11.2551050 0.0014328 0
2454888.7155553242191672 11.1569605 0.0016636 0
2454888.7165379631333053 11.3262609333333 99 1
2454888.7174476850777864 11.1663189 0.0013647 0
2454888.7183736111037433 11.1307449 0.0021600 0
2454888.7193006942979991 11.2083969 0.0013397 0
2454888.7211502315476537 11.1268520 0.0023649 0
2454888.7220478011295199 11.0991154 0.0024203 0
2454888.7229563659057021 11.1180811 0.0025110 0
2454888.7238770835101604 11.1358328 0.0037975 0
2454888.7247787038795650 11.1314993 0.0026891 0
2454888.7256785877980292 11.1436300 0.0024128 0
2454888.7266351850703359 11.2009563 0.0012101 0
2454888.7275616899132729 11.3052483 0.0012028 0
2454888.7284939815290272 11.4128046 0.0011894 0
2454888.7294222223572433 11.3262609333333 99 1
2454888.7312717591412365 11.2113066 0.0012821 0
2454888.7321843751706183 11.1699839 0.0012432 0
2454888.7331114583648741 11.3262609333333 99 1
2454888.7340130787342787 11.5821733 0.0011239 0
2454888.7349737267941236 11.4435501 0.0011272 0
2454888.7358950232155621 11.1668005 0.0011892 0
2454888.7368302084505558 11.3262609333333 99 1
2454888.7377503472380340 11.3262609333333 99 1
2454888.7386693288572133 11.1546831 0.0012125 0
2454888.7395883100107312 11.3498268 0.0012300 0
2454888.7405211804434657 11.3262609333333 99 1
2454888.7414523148909211 11.4572468 0.0011421 0
2454888.7423770832829177 11.4440861 0.0011743 0
2454888.7433151621371508 11.4905319 0.0011457 0
2454888.7442549769766629 11.4339113 0.0011092 0
2454888.7451936341822147 11.1865425 0.0011787 0
2454888.7461322918534279 11.1441383 0.0011743 0
2454888.7470535878092051 11.4739771 0.0011646 0
2454888.7479812498204410 11.1275005 0.0012792 0
2454888.7489129630848765 11.4211044 0.0010882 0
2454888.7498718751594424 11.1744213 0.0011379 0
2454888.7507966435514390 11.3262609333333 99 1
2454888.7517289351671934 11.3657074 0.0011192 0
2454888.7526432871818542 11.1345940 0.0012657 0
2454888.7535784724168479 11.3262609333333 99 1
2454888.7545165508054197 11.1428614 0.0011795 0
2454888.7554476852528751 11.5418901 0.0011499 0
2454888.7563805556856096 11.5892439 0.0011552 0
2454888.7573082176968455 11.3454838 0.0011224 0
2454888.7582358797080815 11.3098831 0.0011826 0
2454888.7591681713238358 11.4493704 0.0011104 0
2454888.7600981481373310 11.3681602 0.0011369 0
2454888.7610315973870456 11.6236753 0.0011274 0
2454888.7619598377496004 11.6040831 0.0011649 0
2454888.7628956018015742 11.4040108 0.0011945 0
2454888.7638631942681968 11.2778702 0.0011404 0
2454888.7647983795031905 11.4683161 0.0011922 0
2454888.7657763888128102 11.4603291 0.0011833 0
2454888.7667086804285645 11.3262609333333 99 1
2454888.7676403936930001 11.4167480 0.0014209 0
2454888.7685732636600733 11.5270882 0.0011770 0
2454888.7696270835585892 11.1686287 0.0011972 0
2454888.7705732639878988 11.1541176 0.0011790 0
2454888.7715084492228925 11.1656551 0.0011900 0
2454888.7724303239956498 11.1436415 0.0012077 0
2454888.7733620372600853 11.1485224 0.0013113 0
2454888.7743105324916542 11.1830082 0.0012091 0
2454888.7761843749321997 11.1954327 0.0013999 0
2454888.7771444446407259 11.1019354 0.0040713 0
2454888.7781050927005708 11.0863762 0.0036740 0
2454888.7790119214914739 11.0488434 0.0061814 0
2454888.7799465279094875 11.3262609333333 99 1
2454888.7809378472156823 11.9665003 0.0021481 0
2454888.7818875000812113 11.3262609333333 99 1
2454888.7828354164958000 11.3262609333333 99 1
2454888.7837873841635883 11.3262609333333 99 1
2454888.7847306714393198 11.3262609333333 99 1
2454888.7856895835138857 11.3262609333333 99 1
2454888.7866369211114943 11.3262609333333 99 1
2454888.7875900464132428 11.3262609333333 99 1
2454888.7885396992787719 11.3262609333333 99 1
2454888.7894795136526227 11.3262609333333 99 1
