0.882926829268293
2454887.7398140048608184 16.5298424 0.0140089 0
2454887.7406988427974284 16.5276890 0.0140115 0
2454887.7416172455996275 16.5753765 0.0150187 0
2454887.7425315971486270 16.5124836 0.0140162 0
2454887.7434355323202908 16.5226383 0.0140118 0
2454887.7444280092604458 16.5225582 0.0140154 0
2454887.7453365740366280 16.5167427 0.0140126 0
2454887.7462584492750466 16.5101871 0.0140126 0
2454887.7471716436557472 16.5075436 0.0140108 0
2454887.7480946760624647 16.4895439 0.0140074 0
2454887.7490032408386469 16.5332603 0.0140083 0
2454887.7499204860068858 16.5255947 0.0140167 0
2454887.7508365740068257 16.5154114 0.0140086 0
2454887.7517543979920447 16.5365601 0.0150078 0
2454887.7526531252078712 16.5082493 0.0140088 0
2454887.7535726851783693 16.521843420442 99 1
2454887.7544905091635883 16.5302715 0.0140094 0
2454887.7554083331488073 16.521843420442 99 1
2454887.7563325231894851 16.521843420442 99 1
2454887.7572474535554647 16.521843420442 99 1
2454887.7581785880029202 16.521843420442 99 1
2454887.7590917823836207 16.521843420442 99 1
2454887.7600171295925975 16.521843420442 99 1
2454887.7618961804546416 16.5165672 0.0150075 0
2454887.7627902776002884 16.5262356 0.0150290 0
2454887.7637017359957099 16.5318089 0.0150077 0
2454887.7646328704431653 16.5205441 0.0150132 0
2454887.7655541668646038 16.5165577 0.0160091 0
2454887.7664656247943640 16.5078220 0.0160079 0
2454887.7674204860813916 16.5252838 0.0160083 0
2454887.7683498840779066 16.5055275 0.0160062 0
2454887.7693741898983717 16.5045395 0.0170068 0
2454887.7705530091188848 16.4962921 0.0160103 0
2454887.7714465279132128 16.5375557 0.0160107 0
2454887.7723736111074686 16.5062542 0.0170062 0
2454887.7732908562757075 16.5020847 0.0160089 0
2454887.7742555555887520 16.5436821 0.0160067 0
2454887.7751803239807487 16.5676193 0.0170066 0
2454887.7761074071750045 16.5033455 0.0170072 0
2454887.7770414352416992 16.5041714 0.0170108 0
2454887.7779604168608785 16.5195732 0.0160086 0
2454887.7788863424211740 16.5377197 0.0160121 0
2454887.7798122684471309 16.5332546 0.0160071 0
2454887.7807370368391275 16.4937458 0.0160121 0
2454887.7817167825996876 16.4944286 0.0160092 0
2454887.7835888890549541 16.5106277 0.0180196 0
2454887.7844922454096377 16.4952850 0.0180239 0
2454887.7854181714355946 16.5352936 0.0170070 0
2454887.7863481482490897 16.5174141 0.0170072 0
2454887.7872862266376615 16.5310001 0.0170098 0
2454887.7882127314805984 16.5056629 0.0180076 0
2454887.7891357638873160 16.5369339 0.0230072 0
2454887.7900576386600733 16.5619087 0.0250114 0
2454887.7909748842939734 16.5398617 0.0190108 0
2454887.7919089118950069 16.5354519 0.0200115 0
2454887.7928527779877186 16.5213909 0.0190100 0
2454887.7937896992079914 16.5204563 0.0190088 0
2454887.7947162035852671 16.5392876 0.0200079 0
2454887.7956571760587394 16.5171185 0.0230067 0
2454887.7965848380699754 16.4954872 0.0200110 0
2454887.7975275460630655 16.4700050 0.0190145 0
2454887.7985703703016043 16.5495167 0.0210096 0
2454887.7997063659131527 16.5489521 0.0210100 0
2454887.8006496527232230 16.5608578 0.0210380 0
2454887.8016322916373610 16.5108910 0.0200096 0
2454887.8026537038385868 16.5182381 0.0200074 0
2454887.8036947916261852 16.5518684 0.0230100 0
2454887.8047144678421319 16.5311680 0.0230109 0
2454887.8056924766860902 16.5055294 0.0220108 0
2454887.8066947916522622 16.5347481 0.0230098 0
2454887.8085750001482666 16.5339031 0.0240097 0
2454887.8095032409764826 16.5016479 0.0210088 0
2454887.8114725695922971 16.5372562 0.0250139 0
2454887.8123961803503335 16.5646076 0.0240095 0
2454887.8133319444023073 16.4763489 0.0220144 0
2454887.8142671296373010 16.5829411 0.0260109 0
2454887.8152069444768131 16.5359268 0.0240133 0
2454887.8161473381333053 16.5183735 0.0250126 0
2454887.8170964121818542 16.5554276 0.0270173 0
2454887.8191074072383344 16.4984188 0.0250100 0
2454887.8200408564880490 16.5886250 0.0280331 0
2454887.8209934029728174 16.5387135 0.0290267 0
2454887.8219609954394400 16.5473652 0.0270112 0
2454887.8229123842902482 16.5184669 0.0260140 0
2454887.8238782407715917 16.5246315 0.0270179 0
2454887.8248504628427327 16.5046692 0.0290294 0
2454887.8258990738540888 16.5709248 0.0390187 0
2454887.8268562499433756 16.4981003 0.0320416 0
2454887.8278082176111639 16.5089035 0.0300146 0
2454887.8287613424472511 16.5563602 0.0380268 0
2454887.8297381945885718 16.5243416 0.0360148 0
2454887.8306537037715316 16.5224476 0.0360527 0
2454887.8315848377533257 16.4064598 0.0350184 0
2454887.8325101854279637 16.5190639 0.0400258 0
2454887.8334546294063330 16.4668541 0.0341067 0
2454888.6674447916448116 16.5181885 0.0150148 0
2454888.6683608796447515 16.5340538 0.0150212 0
2454888.6692607640288770 16.5144386 0.0140186 0
2454888.6701681711710989 16.5319920 0.0150242 0
2454888.6710802083835006 16.5308723 0.0150295 0
2454888.6719829859212041 16.5318890 0.0150104 0
2454888.6729060183279216 16.5227642 0.0150147 0
2454888.6738012731075287 16.5190678 0.0140230 0
2454888.6747040511108935 16.5056667 0.0150302 0
2454888.6756184026598930 16.5126724 0.0140129 0
2454888.6765431715175509 16.5271988 0.0150142 0
2454888.6774395834654570 16.5087643 0.0140150 0
2454888.6895935186184943 16.5355053 0.0150061 0
2454888.6905084489844739 16.5373020 0.0140073 0
2454888.6914349538274109 16.5205479 0.0150081 0
2454888.6923412038013339 16.5218449 0.0150116 0
2454888.6932462961412966 16.5176563 0.0160070 0
2454888.6941357636824250 16.5294781 0.0160070 0
2454888.6950402776710689 16.5303059 0.0170061 0
2454888.6959453704766929 16.5281582 0.0170072 0
2454888.6968608796596527 16.5197544 0.0160065 0
2454888.7025194442830980 16.5057411 0.0270100 0
2454888.7034413195215166 16.5228653 0.0300076 0
2454888.7043498842976987 16.4590588 0.0290078 0
2454888.7072759261354804 16.4913254 0.0280072 0
2454888.7081872685812414 16.4967442 0.0280105 0
2454888.7090981481596828 16.5205708 0.0300097 0
2454888.7100136573426425 16.4835300 0.0380086 0
2454888.7109413193538785 16.5149384 0.0360099 0
2454888.7118799770250916 16.5029526 0.0360093 0
2454888.7128006946295500 16.4583759 0.0410108 0
2454888.7137162038125098 16.5560589 0.0390076 0
2454888.7146427081897855 16.5151043 0.0340155 0
2454888.7155553242191672 16.5679607 0.0400221 0
2454888.7165379631333053 16.5465298 0.0360068 0
2454888.7174476850777864 16.5273170 0.0370117 0
2454888.7183736111037433 16.4677448 0.0430077 0
2454888.7193006942979991 16.5143967 0.0390102 0
2454888.7211502315476537 16.521843420442 99 1
2454888.7220478011295199 16.521843420442 99 1
2454888.7229563659057021 16.521843420442 99 1
2454888.7238770835101604 16.521843420442 99 1
2454888.7247787038795650 16.521843420442 99 1
2454888.7256785877980292 16.6166267 0.0690132 0
2454888.7266351850703359 16.5709553 0.0400058 0
2454888.7275616899132729 16.5472488 0.0340066 0
2454888.7284939815290272 16.5278053 0.0290071 0
2454888.7294222223572433 16.5287991 0.0300066 0
2454888.7312717591412365 16.4953060 0.0320101 0
2454888.7321843751706183 16.5739841 0.0310088 0
2454888.7331114583648741 16.5157051 0.0250066 0
2454888.7340130787342787 16.5081730 0.0240055 0
2454888.7349737267941236 16.5375500 0.0230059 0
2454888.7358950232155621 16.5447979 0.0250083 0
2454888.7368302084505558 16.5084019 0.0220172 0
2454888.7377503472380340 16.5369320 0.0220080 0
2454888.7386693288572133 16.5226841 0.0220107 0
2454888.7395883100107312 16.5568275 0.0210122 0
2454888.7405211804434657 16.4911747 0.0200055 0
2454888.7414523148909211 16.5062466 0.0190080 0
2454888.7423770832829177 16.5550861 0.0200095 0
2454888.7433151621371508 16.5255318 0.0190082 0
2454888.7442549769766629 16.5269108 0.0190061 0
2454888.7451936341822147 16.5175419 0.0220088 0
2454888.7461322918534279 16.5271378 0.0230082 0
2454888.7470535878092051 16.5359764 0.0190094 0
2454888.7479812498204410 16.5074997 0.0250127 0
2454888.7489129630848765 16.5151062 0.0190048 0
2454888.7498718751594424 16.521843420442 99 1
2454888.7507966435514390 16.521843420442 99 1
2454888.7517289351671934 16.521843420442 99 1
2454888.7526432871818542 16.521843420442 99 1
2454888.7535784724168479 16.521843420442 99 1
2454888.7545165508054197 16.521843420442 99 1
2454888.7554476852528751 16.521843420442 99 1
2454888.7563805556856096 16.4502430 0.0180093 0
2454888.7573082176968455 16.5094833 0.0200065 0
2454888.7582358797080815 16.4928837 0.0200100 0
2454888.7591681713238358 16.5253696 0.0200058 0
2454888.7600981481373310 16.5421619 0.0210070 0
2454888.7610315973870456 16.5236740 0.0180075 0
2454888.7619598377496004 16.5610828 0.0200089 0
2454888.7628956018015742 16.5040131 0.0200107 0
2454888.7638631942681968 16.5228710 0.0210072 0
2454888.7647983795031905 16.5273151 0.0200105 0
2454888.7657763888128102 16.4673290 0.0200100 0
2454888.7667086804285645 16.5386810 0.0220082 0
2454888.7676403936930001 16.5157490 0.0200255 0
2454888.7685732636600733 16.5060883 0.0190101 0
2454888.7696270835585892 16.5016289 0.0220098 0
2454888.7705732639878988 16.4821167 0.0230085 0
2454888.7715084492228925 16.5256538 0.0220095 0
2454888.7724303239956498 16.5246410 0.0240096 0
2454888.7733620372600853 16.5005226 0.0260138 0
2454888.7743105324916542 16.4940090 0.0220105 0
2454888.7761843749321997 16.5404339 0.0410117 0
2454888.7771444446407259 16.4829350 0.0521208 0
2454888.7781050927005708 16.521843420442 99 1
2454888.7790119214914739 16.521843420442 99 1
2454888.7799465279094875 16.521843420442 99 1
2454888.7809378472156823 16.5514984 0.0210146 0
2454888.7818875000812113 16.4846916 0.0190275 0
2454888.7828354164958000 16.521843420442 99 1
2454888.7837873841635883 16.521843420442 99 1
2454888.7847306714393198 16.5813122 0.0210106 0
2454888.7856895835138857 16.5285416 0.0210083 0
2454888.7866369211114943 16.5350552 0.0190089 0
2454888.7875900464132428 16.5472679 0.0190169 0
2454888.7885396992787719 16.5050144 0.0190112 0
2454888.7894795136526227 16.5277481 0.0190178 0
