0.673170731707317
2454887.7398140048608184 17.9068413 0.0370034 0
2454887.7406988427974284 17.8806896 0.0370043 0
2454887.7416172455996275 17.9213772 0.0380074 0
2454887.7425315971486270 17.8274841 0.0360063 0
2454887.7434355323202908 17.8296375 0.0360046 0
2454887.7444280092604458 17.9155598 0.0390055 0
2454887.7453365740366280 17.8697414 0.0370048 0
2454887.7462584492750466 17.8971882 0.0380046 0
2454887.7471716436557472 17.8505440 0.0360042 0
2454887.7480946760624647 17.7985458 0.0350030 0
2454887.7490032408386469 17.8332615 0.0360032 0
2454887.7499204860068858 17.9095955 0.0390060 0
2454887.7508365740068257 17.8374119 0.0370033 0
2454887.7517543979920447 17.8675594 0.0380031 0
2454887.7526531252078712 17.9142475 0.0400031 0
2454887.7535726851783693 17.8845291 0.0390021 0
2454887.7544905091635883 17.8282719 0.0360037 0
2454887.7554083331488073 17.8629551 0.0420036 0
2454887.7563325231894851 17.9114685 0.0400063 0
2454887.7572474535554647 17.8327332 0.0420068 0
2454887.7581785880029202 17.8500443 0.0410033 0
2454887.7590917823836207 17.9217834 0.0440047 0
2454887.7600171295925975 17.9233227 0.0420029 0
2454887.7618961804546416 17.9395676 0.0430026 0
2454887.7627902776002884 17.8472347 0.0390112 0
2454887.7637017359957099 17.8448086 0.0390030 0
2454887.7646328704431653 17.8985443 0.0400050 0
2454887.7655541668646038 17.8865585 0.0440033 0
2454887.7664656247943640 17.8538227 0.0430030 0
2454887.7674204860813916 17.8942833 0.0470028 0
2454887.7683498840779066 17.8955269 0.0470021 0
2454887.7693741898983717 17.8755379 0.0470024 0
2454887.7705530091188848 17.9052906 0.0480034 0
2454887.7714465279132128 17.8605537 0.0440039 0
2454887.7723736111074686 17.8552551 0.0500021 0
2454887.7732908562757075 17.8630848 0.0440032 0
2454887.7742555555887520 17.8116817 0.0430025 0
2454887.7751803239807487 17.8566189 0.0470024 0
2454887.7761074071750045 17.8773460 0.0470026 0
2454887.7770414352416992 17.9441700 0.0530035 0
2454887.7779604168608785 17.8585739 0.0430032 0
2454887.7788863424211740 17.8457203 0.0440044 0
2454887.7798122684471309 17.8652554 0.0420027 0
2454887.7807370368391275 17.8317471 0.0440044 0
2454887.7817167825996876 17.9284286 0.0470031 0
2454887.7835888890549541 17.8046284 0.0510069 0
2454887.7844922454096377 17.7912846 0.0540080 0
2454887.7854181714355946 17.8122940 0.0470025 0
2454887.7863481482490897 17.7794151 0.0450027 0
2454887.7872862266376615 17.8099995 0.0490034 0
2454887.7882127314805984 17.8576641 0.0520026 0
2454887.7891357638873160 17.9109344 0.0770021 0
2454887.7900576386600733 17.8719510028985 99 1
2454887.7909748842939734 17.8778610 0.0550037 0
2454887.7919089118950069 17.8554535 0.0580040 0
2454887.7928527779877186 17.8473911 0.0550034 0
2454887.7937896992079914 17.8964558 0.0580029 0
2454887.7947162035852671 17.8212891 0.0570028 0
2454887.7956571760587394 17.8719510028985 99 1
2454887.7965848380699754 17.8194885 0.0610036 0
2454887.7975275460630655 17.9320049 0.0620044 0
2454887.7985703703016043 17.8255157 0.0620033 0
2454887.7997063659131527 17.9139519 0.0690031 0
2454887.8006496527232230 17.8918571 0.0650123 0
2454887.8016322916373610 17.8938904 0.0640030 0
2454887.8026537038385868 17.8432388 0.0610024 0
2454887.8036947916261852 17.9238682 0.0710032 0
2454887.8047144678421319 17.8719510028985 99 1
2454887.8056924766860902 17.9255276 0.0730032 0
2454887.8066947916522622 17.8719510028985 99 1
2454887.8085750001482666 17.9019032 0.0760031 0
2454887.8095032409764826 17.7516479 0.0570032 0
2454887.8114725695922971 17.8362560 0.0760046 0
2454887.8123961803503335 17.8006077 0.0720032 0
2454887.8133319444023073 17.8719510028985 99 1
2454887.8142671296373010 17.8719510028985 99 1
2454887.8152069444768131 17.8719510028985 99 1
2454887.8161473381333053 17.8719510028985 99 1
2454887.8170964121818542 17.8719510028985 99 1
2454887.8191074072383344 18.0114193 0.0960026 0
2454887.8200408564880490 17.8719510028985 99 1
2454887.8209934029728174 17.8719510028985 99 1
2454887.8219609954394400 17.8103638 0.0860035 0
2454887.8229123842902482 17.8719510028985 99 1
2454887.8238782407715917 17.8719510028985 99 1
2454887.8248504628427327 17.8719510028985 99 1
2454887.8258990738540888 17.8719510028985 99 1
2454887.8268562499433756 17.8719510028985 99 1
2454887.8278082176111639 17.8719510028985 99 1
2454887.8287613424472511 17.8719510028985 99 1
2454887.8297381945885718 17.8719510028985 99 1
2454887.8306537037715316 17.8719510028985 99 1
2454887.8315848377533257 17.8719510028985 99 1
2454887.8325101854279637 17.8719510028985 99 1
2454887.8334546294063330 17.8719510028985 99 1
2454888.6674447916448116 17.9081898 0.0480046 0
2454888.6683608796447515 17.8150539 0.0380084 0
2454888.6692607640288770 17.8274384 0.0380069 0
2454888.6701681711710989 17.8289928 0.0390093 0
2454888.6710802083835006 17.8578720 0.0380117 0
2454888.6719829859212041 17.8038883 0.0380041 0
2454888.6729060183279216 17.8207645 0.0420052 0
2454888.6738012731075287 17.8830681 0.0390083 0
2454888.6747040511108935 17.9416676 0.0440103 0
2454888.6756184026598930 17.8826714 0.0380048 0
2454888.6765431715175509 17.8302002 0.0370058 0
2454888.6774395834654570 17.8527641 0.0360059 0
2454888.6895935186184943 17.8735065 0.0430021 0
2454888.6905084489844739 17.9033031 0.0380027 0
2454888.6914349538274109 17.8275471 0.0400030 0
2454888.6923412038013339 17.8678436 0.0430041 0
2454888.6932462961412966 17.8776550 0.0480023 0
2454888.6941357636824250 17.8724785 0.0500022 0
2454888.6950402776710689 17.9183044 0.0520020 0
2454888.6959453704766929 17.8191586 0.0450027 0
2454888.6968608796596527 17.8987541 0.0470022 0
2454888.7025194442830980 17.9257412 0.0900030 0
2454888.7034413195215166 17.8719510028985 99 1
2454888.7043498842976987 17.8719510028985 99 1
2454888.7072759261354804 17.8719510028985 99 1
2454888.7081872685812414 17.8719510028985 99 1
2454888.7090981481596828 17.8719510028985 99 1
2454888.7100136573426425 17.8719510028985 99 1
2454888.7109413193538785 17.8719510028985 99 1
2454888.7118799770250916 17.8719510028985 99 1
2454888.7128006946295500 17.8719510028985 99 1
2454888.7137162038125098 17.8719510028985 99 1
2454888.7146427081897855 17.8719510028985 99 1
2454888.7155553242191672 17.8719510028985 99 1
2454888.7165379631333053 17.8719510028985 99 1
2454888.7174476850777864 17.8719510028985 99 1
2454888.7183736111037433 17.8719510028985 99 1
2454888.7193006942979991 17.8719510028985 99 1
2454888.7211502315476537 17.8719510028985 99 1
2454888.7220478011295199 17.8719510028985 99 1
2454888.7229563659057021 17.8719510028985 99 1
2454888.7238770835101604 17.8719510028985 99 1
2454888.7247787038795650 17.8719510028985 99 1
2454888.7256785877980292 17.8719510028985 99 1
2454888.7266351850703359 17.8719510028985 99 1
2454888.7275616899132729 17.8719510028985 99 1
2454888.7284939815290272 17.8719510028985 99 1
2454888.7294222223572433 17.7737980 0.0920022 0
2454888.7312717591412365 17.8719510028985 99 1
2454888.7321843751706183 17.8719510028985 99 1
2454888.7331114583648741 17.8727036 0.0780021 0
2454888.7340130787342787 17.8719510028985 99 1
2454888.7349737267941236 17.7655506 0.0650021 0
2454888.7358950232155621 17.8719510028985 99 1
2454888.7368302084505558 17.8719510028985 99 1
2454888.7377503472380340 17.9629326 0.0760023 0
2454888.7386693288572133 17.8806858 0.0740032 0
2454888.7395883100107312 17.9188271 0.0690037 0
2454888.7405211804434657 17.9271736 0.0720015 0
2454888.7414523148909211 17.9612465 0.0690022 0
2454888.7423770832829177 17.8520870 0.0640030 0
2454888.7433151621371508 17.8755322 0.0610026 0
2454888.7442549769766629 17.8639107 0.0620019 0
2454888.7451936341822147 17.7845421 0.0700028 0
2454888.7461322918534279 17.8891373 0.0840023 0
2454888.7470535878092051 17.8309784 0.0570031 0
2454888.7479812498204410 17.8885002 0.0980032 0
2454888.7489129630848765 17.7451057 0.0550017 0
2454888.7498718751594424 17.8174210 0.0730020 0
2454888.7507966435514390 17.9079113 0.0670019 0
2454888.7517289351671934 18.0177078 0.0710018 0
2454888.7526432871818542 17.8719510028985 99 1
2454888.7535784724168479 17.8719510028985 99 1
2454888.7545165508054197 17.9798622 0.0870022 0
2454888.7554476852528751 17.9418926 0.0610026 0
2454888.7563805556856096 17.8032436 0.0560030 0
2454888.7573082176968455 17.8824825 0.0680019 0
2454888.7582358797080815 17.8719510028985 99 1
2454888.7591681713238358 17.9323692 0.0660018 0
2454888.7600981481373310 17.8719510028985 99 1
2454888.7610315973870456 17.9106731 0.0580023 0
2454888.7619598377496004 17.8330841 0.0590030 0
2454888.7628956018015742 17.8220119 0.0640033 0
2454888.7638631942681968 17.9288692 0.0750020 0
2454888.7647983795031905 17.8563156 0.0630033 0
2454888.7657763888128102 17.8953285 0.0650031 0
2454888.7667086804285645 17.8296795 0.0710026 0
2454888.7676403936930001 17.9317493 0.0670076 0
2454888.7685732636600733 17.8990879 0.0650030 0
2454888.7696270835585892 17.8719510028985 99 1
2454888.7705732639878988 17.8871174 0.0830024 0
2454888.7715084492228925 17.8306541 0.0780027 0
2454888.7724303239956498 17.8719510028985 99 1
2454888.7733620372600853 18.0225220 0.1170031 0
2454888.7743105324916542 17.8719510028985 99 1
2454888.7761843749321997 17.8674335 0.1400034 0
2454888.7771444446407259 17.8719510028985 99 1
2454888.7781050927005708 17.8719510028985 99 1
2454888.7790119214914739 17.8719510028985 99 1
2454888.7799465279094875 17.8719510028985 99 1
2454888.7809378472156823 17.8719510028985 99 1
2454888.7818875000812113 17.8096905 0.0590089 0
2454888.7828354164958000 17.8719510028985 99 1
2454888.7837873841635883 17.8719510028985 99 1
2454888.7847306714393198 17.9363136 0.0690032 0
2454888.7856895835138857 17.9045429 0.0700025 0
2454888.7866369211114943 17.8330555 0.0600028 0
2454888.7875900464132428 17.9322662 0.0640050 0
2454888.7885396992787719 17.9200153 0.0640033 0
2454888.7894795136526227 17.9057484 0.0630054 0
