0.985365853658537
2454887.7398140048608184 14.8658419 0.0060208 0
2454887.7406988427974284 14.8706903 0.0060267 0
2454887.7416172455996275 14.8633757 0.0060466 0
2454887.7425315971486270 14.8594828 0.0060377 0
2454887.7434355323202908 14.8536396 0.0060276 0
2454887.7444280092604458 14.8655577 0.0060360 0
2454887.7453365740366280 14.8597412 0.0060293 0
2454887.7462584492750466 14.8601875 0.0060292 0
2454887.7471716436557472 14.8545427 0.0060253 0
2454887.7480946760624647 14.8585453 0.0060172 0
2454887.7490032408386469 14.8472605 0.0060194 0
2454887.7499204860068858 14.8585939 0.0060390 0
2454887.7508365740068257 14.8654118 0.0060201 0
2454887.7517543979920447 14.8435593 0.0060194 0
2454887.7526531252078712 14.8532476 0.0060205 0
2454887.7535726851783693 14.8565311 0.0060137 0
2454887.7544905091635883 14.8632727 0.0060220 0
2454887.7554083331488073 14.8579550 0.0060251 0
2454887.7563325231894851 14.8684683 0.0060415 0
2454887.7572474535554647 14.8827333 0.0060472 0
2454887.7581785880029202 14.8460445 0.0060226 0
2454887.7590917823836207 14.8487825 0.0060344 0
2454887.7600171295925975 14.8413239 0.0060206 0
2454887.7618961804546416 14.8605661 0.0060187 0
2454887.7627902776002884 14.8632364 0.0060721 0
2454887.7637017359957099 14.8468103 0.0060193 0
2454887.7646328704431653 14.8525429 0.0060330 0
2454887.7655541668646038 14.8445568 0.0060243 0
2454887.7664656247943640 14.8508234 0.0060211 0
2454887.7674204860813916 14.8542833 0.0060220 0
2454887.7683498840779066 14.8675299 0.0060165 0
2454887.7693741898983717 14.8475389 0.0060192 0
2454887.7705530091188848 14.8552914 0.0060273 0
2454887.7714465279132128 14.8585558 0.0060285 0
2454887.7723736111074686 14.8432550 0.0060175 0
2454887.7732908562757075 14.8560839 0.0060238 0
2454887.7742555555887520 14.8576822 0.0060178 0
2454887.7751803239807487 14.8616199 0.0060186 0
2454887.7761074071750045 14.8563452 0.0060202 0
2454887.7770414352416992 14.8661709 0.0060306 0
2454887.7779604168608785 14.8505745 0.0060230 0
2454887.7788863424211740 14.8517208 0.0060321 0
2454887.7798122684471309 14.8522558 0.0060188 0
2454887.7807370368391275 14.8667459 0.0060322 0
2454887.7817167825996876 14.8534288 0.0060244 0
2454887.7835888890549541 14.8736286 0.0060586 0
2454887.7844922454096377 14.8872843 0.0070612 0
2454887.7854181714355946 14.8422947 0.0060199 0
2454887.7863481482490897 14.8614130 0.0060203 0
2454887.7872862266376615 14.8449993 0.0060277 0
2454887.7882127314805984 14.8616629 0.0060227 0
2454887.7891357638873160 14.8489351 0.0070236 0
2454887.7900576386600733 14.8389091 0.0070405 0
2454887.7909748842939734 14.8478613 0.0060340 0
2454887.7919089118950069 14.8554516 0.0070328 0
2454887.7928527779877186 14.8463907 0.0060315 0
2454887.7937896992079914 14.8764544 0.0060279 0
2454887.7947162035852671 14.8422871 0.0070224 0
2454887.7956571760587394 14.8491192 0.0070219 0
2454887.7965848380699754 14.8364887 0.0070313 0
2454887.7975275460630655 14.8570051 0.0070391 0
2454887.7985703703016043 14.8575153 0.0070288 0
2454887.7997063659131527 14.8409510 0.0070301 0
2454887.8006496527232230 14.8708601 0.0071132 0
2454887.8016322916373610 14.8518915 0.0070273 0
2454887.8026537038385868 14.8612385 0.0070212 0
2454887.8036947916261852 14.8638678 0.0070327 0
2454887.8047144678421319 14.8551674 0.0070358 0
2454887.8056924766860902 14.8735294 0.0070337 0
2454887.8066947916522622 14.8377476 0.0070322 0
2454887.8085750001482666 14.8419037 0.0070332 0
2454887.8095032409764826 14.8626490 0.0070264 0
2454887.8114725695922971 14.8322563 0.0070496 0
2454887.8123961803503335 14.8316078 0.0070326 0
2454887.8133319444023073 14.8463488 0.0070452 0
2454887.8142671296373010 14.8509398 0.0080354 0
2454887.8152069444768131 14.8229265 0.0070454 0
2454887.8161473381333053 14.8233728 0.0070447 0
2454887.8170964121818542 14.8434258 0.0080581 0
2454887.8191074072383344 14.8484201 0.0080311 0
2454887.8200408564880490 14.8646240 0.0081150 0
2454887.8209934029728174 14.8727150 0.0080964 0
2454887.8219609954394400 14.8243647 0.0080377 0
2454887.8229123842902482 14.8734665 0.0080455 0
2454887.8238782407715917 14.8896322 0.0080601 0
2454887.8248504628427327 14.8246679 0.0090942 0
2454887.8258990738540888 14.8849239 0.0100728 0
2454887.8268562499433756 14.8231010 0.0101324 0
2454887.8278082176111639 14.8739033 0.0090485 0
2454887.8287613424472511 14.8123608 0.0101015 0
2454887.8297381945885718 14.8533421 0.0100531 0
2454887.8306537037715316 14.9164476 0.0101881 0
2454887.8315848377533257 14.8824625 0.0100644 0
2454887.8325101854279637 14.9230652 0.0110934 0
2454887.8334546294063330 14.9398537 0.0103571 0
2454888.6674447916448116 14.8351889 0.0060368 0
2454888.6683608796447515 14.8300552 0.0060528 0
2454888.6692607640288770 14.8384371 0.0060433 0
2454888.6701681711710989 14.8349934 0.0060602 0
2454888.6710802083835006 14.8228703 0.0060734 0
2454888.6719829859212041 14.8338900 0.0060260 0
2454888.6729060183279216 14.8127651 0.0050438 0
2454888.6738012731075287 14.8280678 0.0060536 0
2454888.6747040511108935 14.8356676 0.0060752 0
2454888.6756184026598930 14.8326731 0.0050361 0
2454888.6765431715175509 14.8312006 0.0060354 0
2454888.6774395834654570 14.8387651 0.0050420 0
2454888.6895935186184943 14.8435068 0.0060152 0
2454888.6905084489844739 14.8423023 0.0050205 0
2454888.6914349538274109 14.8285465 0.0060202 0
2454888.6923412038013339 14.8298445 0.0060290 0
2454888.6932462961412966 14.8406563 0.0060186 0
2454888.6941357636824250 14.8464775 0.0060187 0
2454888.6950402776710689 14.8373051 0.0060173 0
2454888.6959453704766929 14.8451576 0.0060205 0
2454888.6968608796596527 14.8607540 0.0060173 0
2454888.7025194442830980 14.8467417 0.0080338 0
2454888.7034413195215166 14.8498640 0.0090253 0
2454888.7043498842976987 14.8320599 0.0090252 0
2454888.7072759261354804 14.8333225 0.0090224 0
2454888.7081872685812414 14.8467436 0.0080365 0
2454888.7090981481596828 14.8485718 0.0090324 0
2454888.7100136573426425 14.8505306 0.0110297 0
2454888.7109413193538785 14.8139391 0.0100355 0
2454888.7118799770250916 14.8539515 0.0100334 0
2454888.7128006946295500 14.8293781 0.0120370 0
2454888.7137162038125098 14.8470592 0.0110267 0
2454888.7146427081897855 14.8481045 0.0100525 0
2454888.7155553242191672 14.8729601 0.0110800 0
2454888.7165379631333053 14.8435287 0.0100245 0
2454888.7174476850777864 14.8393183 0.0110391 0
2454888.7183736111037433 14.8527441 0.0120277 0
2454888.7193006942979991 14.8563967 0.0110361 0
2454888.7211502315476537 14.8398523 0.0140568 0
2454888.7220478011295199 14.8471155 0.0190488 0
2454888.7229563659057021 14.8840809 0.0250461 0
2454888.7238770835101604 14.9788332 0.0460589 0
2454888.7247787038795650 14.8844995 0.0280576 0
2454888.7256785877980292 14.8446293 0.0160568 0
2454888.7266351850703359 14.8659563 0.0110211 0
2454888.7275616899132729 14.8542480 0.0100223 0
2454888.7284939815290272 14.8708048 0.0090230 0
2454888.7294222223572433 14.8607979 0.0090220 0
2454888.7312717591412365 14.8243065 0.0100321 0
2454888.7321843751706183 14.8559847 0.0090303 0
2454888.7331114583648741 14.8517036 0.0080205 0
2454888.7340130787342787 14.8671732 0.0080164 0
2454888.7349737267941236 14.8485498 0.0070193 0
2454888.7358950232155621 14.8618002 0.0080259 0
2454888.7368302084505558 14.8314028 0.0070538 0
2454888.7377503472380340 14.8379345 0.0070252 0
2454888.7386693288572133 14.8366833 0.0070335 0
2454888.7395883100107312 14.8358269 0.0070365 0
2454888.7405211804434657 14.8451748 0.0060182 0
2454888.7414523148909211 14.8312473 0.0070217 0
2454888.7423770832829177 14.8600864 0.0070270 0
2454888.7433151621371508 14.8395319 0.0070223 0
2454888.7442549769766629 14.8469114 0.0070164 0
2454888.7451936341822147 14.8575430 0.0070278 0
2454888.7461322918534279 14.8431387 0.0070270 0
2454888.7470535878092051 14.8469763 0.0060296 0
2454888.7479812498204410 14.8485012 0.0080397 0
2454888.7489129630848765 14.8431044 0.0070131 0
2454888.7498718751594424 14.8404207 0.0070210 0
2454888.7507966435514390 14.8519106 0.0070185 0
2454888.7517289351671934 14.8507080 0.0070180 0
2454888.7526432871818542 14.8525944 0.0080375 0
2454888.7535784724168479 14.8639469 0.0070206 0
2454888.7545165508054197 14.8378611 0.0070279 0
2454888.7554476852528751 14.8388901 0.0060268 0
2454888.7563805556856096 14.8392439 0.0060278 0
2454888.7573082176968455 14.8374844 0.0070185 0
2454888.7582358797080815 14.8318834 0.0070284 0
2454888.7591681713238358 14.8423700 0.0070166 0
2454888.7600981481373310 14.8401604 0.0070209 0
2454888.7610315973870456 14.8336754 0.0060225 0
2454888.7619598377496004 14.8280830 0.0060297 0
2454888.7628956018015742 14.8320112 0.0070304 0
2454888.7638631942681968 14.8488703 0.0070214 0
2454888.7647983795031905 14.8463163 0.0070300 0
2454888.7657763888128102 14.8383274 0.0070285 0
2454888.7667086804285645 14.8546820 0.0070258 0
2454888.7676403936930001 14.8207474 0.0070724 0
2454888.7685732636600733 14.8360882 0.0070275 0
2454888.7696270835585892 14.8396301 0.0070309 0
2454888.7705732639878988 14.8291178 0.0070278 0
2454888.7715084492228925 14.8346548 0.0070297 0
2454888.7724303239956498 14.8286409 0.0070327 0
2454888.7733620372600853 14.8255215 0.0080449 0
2454888.7743105324916542 14.8340082 0.0070329 0
2454888.7761843749321997 14.8354321 0.0110435 0
2454888.7771444446407259 14.8029356 0.0134750 0
2454888.7781050927005708 14.8103762 0.0212249 0
2454888.7790119214914739 14.7808428 0.0433383 0
2454888.7799465279094875 14.8490021960396 99 1
2454888.7809378472156823 14.8294992 0.0070437 0
2454888.7818875000812113 14.8306894 0.0070743 0
2454888.7828354164958000 14.8490021960396 99 1
2454888.7837873841635883 14.8490021960396 99 1
2454888.7847306714393198 14.8473129 0.0070317 0
2454888.7856895835138857 14.8245411 0.0060291 0
2454888.7866369211114943 14.8340559 0.0070241 0
2454888.7875900464132428 14.8152676 0.0060532 0
2454888.7885396992787719 14.8410149 0.0070303 0
2454888.7894795136526227 14.8217478 0.0070481 0
