0.453658536585366
2454887.7398140048608184 18.1368408 0.0440028 0
2454887.7406988427974284 18.0946884 0.0420038 0
2454887.7416172455996275 18.1843758 0.0470060 0
2454887.7425315971486270 18.1624832 0.0440052 0
2454887.7434355323202908 18.2036381 0.0460036 0
2454887.7444280092604458 18.2305603 0.0480045 0
2454887.7453365740366280 18.1547413 0.0440040 0
2454887.7462584492750466 18.1731873 0.0450039 0
2454887.7471716436557472 18.1335449 0.0430035 0
2454887.7480946760624647 18.1535454 0.0450023 0
2454887.7490032408386469 18.1072617 0.0420028 0
2454887.7499204860068858 18.1175957 0.0450052 0
2454887.7508365740068257 18.1434116 0.0450027 0
2454887.7517543979920447 18.1585598 0.0470025 0
2454887.7526531252078712 18.1172485 0.0450027 0
2454887.7535726851783693 18.1905289 0.0480017 0
2454887.7544905091635883 18.1122723 0.0440030 0
2454887.7554083331488073 18.1459541 0.0500030 0
2454887.7563325231894851 18.1934681 0.0490051 0
2454887.7572474535554647 18.1087322 0.0500057 0
2454887.7581785880029202 18.0390453 0.0460030 0
2454887.7590917823836207 18.2037830 0.0530039 0
2454887.7600171295925975 18.1183224 0.0480026 0
2454887.7618961804546416 18.1565666 0.0490023 0
2454887.7627902776002884 18.1432362 0.0460095 0
2454887.7637017359957099 18.0848103 0.0460025 0
2454887.7646328704431653 18.1785431 0.0500040 0
2454887.7655541668646038 18.0445576 0.0480030 0
2454887.7664656247943640 18.1298218 0.0510025 0
2454887.7674204860813916 18.2002831 0.0590022 0
2454887.7683498840779066 18.0915279 0.0510019 0
2454887.7693741898983717 18.1845379 0.0620019 0
2454887.7705530091188848 18.1642914 0.0580028 0
2454887.7714465279132128 18.0545540 0.0500034 0
2454887.7723736111074686 18.1782551 0.0660016 0
2454887.7732908562757075 18.0850849 0.0520028 0
2454887.7742555555887520 18.0846806 0.0530020 0
2454887.7751803239807487 18.1556187 0.0580019 0
2454887.7761074071750045 18.1663456 0.0570021 0
2454887.7770414352416992 18.1731701 0.0600031 0
2454887.7779604168608785 18.1745739 0.0570024 0
2454887.7788863424211740 18.1337204 0.0560034 0
2454887.7798122684471309 18.2712555 0.0590019 0
2454887.7807370368391275 18.2687473 0.0590033 0
2454887.7817167825996876 18.0834293 0.0550027 0
2454887.7835888890549541 18.1116295 0.0630056 0
2454887.7844922454096377 18.1042843 0.0650066 0
2454887.7854181714355946 18.1802940 0.0630019 0
2454887.7863481482490897 18.1354141 0.0590021 0
2454887.7872862266376615 18.2379990 0.0660025 0
2454887.7882127314805984 18.0336628 0.0600023 0
2454887.7891357638873160 18.1505962096774 99 1
2454887.7900576386600733 18.1505962096774 99 1
2454887.7909748842939734 18.1148605 0.0660031 0
2454887.7919089118950069 18.1505962096774 99 1
2454887.7928527779877186 18.1713905 0.0690027 0
2454887.7937896992079914 18.1505962096774 99 1
2454887.7947162035852671 18.1505962096774 99 1
2454887.7956571760587394 18.1505962096774 99 1
2454887.7965848380699754 18.1674881 0.0760029 0
2454887.7975275460630655 18.1505962096774 99 1
2454887.7985703703016043 18.1505962096774 99 1
2454887.7997063659131527 18.1099510 0.0770027 0
2454887.8006496527232230 18.1888580 0.0800100 0
2454887.8016322916373610 18.1418896 0.0780025 0
2454887.8026537038385868 18.1505962096774 99 1
2454887.8036947916261852 18.1568680 0.0860027 0
2454887.8047144678421319 18.1505962096774 99 1
2454887.8056924766860902 18.1505962096774 99 1
2454887.8066947916522622 18.1505962096774 99 1
2454887.8085750001482666 18.1505962096774 99 1
2454887.8095032409764826 18.1505962096774 99 1
2454887.8114725695922971 18.1505962096774 99 1
2454887.8123961803503335 18.1505962096774 99 1
2454887.8133319444023073 18.1505962096774 99 1
2454887.8142671296373010 18.1505962096774 99 1
2454887.8152069444768131 18.1505962096774 99 1
2454887.8161473381333053 18.1505962096774 99 1
2454887.8170964121818542 18.1505962096774 99 1
2454887.8191074072383344 18.1505962096774 99 1
2454887.8200408564880490 18.1505962096774 99 1
2454887.8209934029728174 18.1505962096774 99 1
2454887.8219609954394400 18.1505962096774 99 1
2454887.8229123842902482 18.1505962096774 99 1
2454887.8238782407715917 18.1505962096774 99 1
2454887.8248504628427327 18.1505962096774 99 1
2454887.8258990738540888 18.1505962096774 99 1
2454887.8268562499433756 18.1505962096774 99 1
2454887.8278082176111639 18.1505962096774 99 1
2454887.8287613424472511 18.1505962096774 99 1
2454887.8297381945885718 18.1505962096774 99 1
2454887.8306537037715316 18.1505962096774 99 1
2454887.8315848377533257 18.1505962096774 99 1
2454887.8325101854279637 18.1505962096774 99 1
2454887.8334546294063330 18.1505962096774 99 1
2454888.6674447916448116 18.1601906 0.0520043 0
2454888.6683608796447515 18.1830540 0.0480066 0
2454888.6692607640288770 18.2144375 0.0520050 0
2454888.6701681711710989 18.1589928 0.0500073 0
2454888.6710802083835006 18.1968727 0.0490090 0
2454888.6719829859212041 18.1328888 0.0460034 0
2454888.6729060183279216 18.1877651 0.0530041 0
2454888.6738012731075287 18.1450691 0.0460070 0
2454888.6747040511108935 18.1766682 0.0490093 0
2454888.6756184026598930 18.1556721 0.0460039 0
2454888.6765431715175509 18.1481991 0.0480044 0
2454888.6774395834654570 18.0577641 0.0410051 0
2454888.6895935186184943 18.0825062 0.0460020 0
2454888.6905084489844739 18.1323032 0.0460022 0
2454888.6914349538274109 18.1495476 0.0480025 0
2454888.6923412038013339 18.1598434 0.0540032 0
2454888.6932462961412966 18.1786575 0.0530021 0
2454888.6941357636824250 18.1174793 0.0570020 0
2454888.6950402776710689 18.1243057 0.0580018 0
2454888.6959453704766929 18.2001591 0.0600020 0
2454888.6968608796596527 18.1197529 0.0540019 0
2454888.7025194442830980 18.1505962096774 99 1
2454888.7034413195215166 18.1505962096774 99 1
2454888.7043498842976987 18.1505962096774 99 1
2454888.7072759261354804 18.1505962096774 99 1
2454888.7081872685812414 18.1505962096774 99 1
2454888.7090981481596828 18.1505962096774 99 1
2454888.7100136573426425 18.1505962096774 99 1
2454888.7109413193538785 18.1505962096774 99 1
2454888.7118799770250916 18.1505962096774 99 1
2454888.7128006946295500 18.1505962096774 99 1
2454888.7137162038125098 18.1505962096774 99 1
2454888.7146427081897855 18.1505962096774 99 1
2454888.7155553242191672 18.1505962096774 99 1
2454888.7165379631333053 18.1505962096774 99 1
2454888.7174476850777864 18.1505962096774 99 1
2454888.7183736111037433 18.1505962096774 99 1
2454888.7193006942979991 18.1505962096774 99 1
2454888.7211502315476537 18.1505962096774 99 1
2454888.7220478011295199 18.1505962096774 99 1
2454888.7229563659057021 18.1505962096774 99 1
2454888.7238770835101604 18.1505962096774 99 1
2454888.7247787038795650 18.1505962096774 99 1
2454888.7256785877980292 18.1505962096774 99 1
2454888.7266351850703359 18.1505962096774 99 1
2454888.7275616899132729 18.1505962096774 99 1
2454888.7284939815290272 18.1505962096774 99 1
2454888.7294222223572433 18.1505962096774 99 1
2454888.7312717591412365 18.1505962096774 99 1
2454888.7321843751706183 18.1505962096774 99 1
2454888.7331114583648741 18.2037048 0.1000016 0
2454888.7340130787342787 18.1505962096774 99 1
2454888.7349737267941236 18.1505962096774 99 1
2454888.7358950232155621 18.1505962096774 99 1
2454888.7368302084505558 18.1505962096774 99 1
2454888.7377503472380340 18.0669327 0.0750024 0
2454888.7386693288572133 18.3006840 0.1000024 0
2454888.7395883100107312 18.1228275 0.0710036 0
2454888.7405211804434657 18.1505962096774 99 1
2454888.7414523148909211 18.1505962096774 99 1
2454888.7423770832829177 18.1505962096774 99 1
2454888.7433151621371508 18.1505962096774 99 1
2454888.7442549769766629 18.1505962096774 99 1
2454888.7451936341822147 18.1505962096774 99 1
2454888.7461322918534279 18.1505962096774 99 1
2454888.7470535878092051 18.1505962096774 99 1
2454888.7479812498204410 18.1505962096774 99 1
2454888.7489129630848765 18.1505962096774 99 1
2454888.7498718751594424 18.1505962096774 99 1
2454888.7507966435514390 18.2229118 0.0800016 0
2454888.7517289351671934 18.1505962096774 99 1
2454888.7526432871818542 18.1505962096774 99 1
2454888.7535784724168479 18.1505962096774 99 1
2454888.7545165508054197 18.1505962096774 99 1
2454888.7554476852528751 18.1505962096774 99 1
2454888.7563805556856096 18.2422447 0.0760022 0
2454888.7573082176968455 18.1505962096774 99 1
2454888.7582358797080815 18.1505962096774 99 1
2454888.7591681713238358 18.1263695 0.0740016 0
2454888.7600981481373310 18.1505962096774 99 1
2454888.7610315973870456 18.2276745 0.0750018 0
2454888.7619598377496004 18.0950832 0.0690026 0
2454888.7628956018015742 18.1505962096774 99 1
2454888.7638631942681968 18.1505962096774 99 1
2454888.7647983795031905 18.1505962096774 99 1
2454888.7657763888128102 18.1505962096774 99 1
2454888.7667086804285645 18.1505962096774 99 1
2454888.7676403936930001 18.1057491 0.0700073 0
2454888.7685732636600733 18.1505962096774 99 1
2454888.7696270835585892 18.1505962096774 99 1
2454888.7705732639878988 18.1761169 0.0970020 0
2454888.7715084492228925 18.1505962096774 99 1
2454888.7724303239956498 18.1505962096774 99 1
2454888.7733620372600853 18.1505962096774 99 1
2454888.7743105324916542 18.1505962096774 99 1
2454888.7761843749321997 18.1505962096774 99 1
2454888.7771444446407259 18.1505962096774 99 1
2454888.7781050927005708 18.1505962096774 99 1
2454888.7790119214914739 18.1505962096774 99 1
2454888.7799465279094875 18.1505962096774 99 1
2454888.7809378472156823 18.1505962096774 99 1
2454888.7818875000812113 18.1505962096774 99 1
2454888.7828354164958000 18.1505962096774 99 1
2454888.7837873841635883 18.1505962096774 99 1
2454888.7847306714393198 18.1505962096774 99 1
2454888.7856895835138857 18.1505962096774 99 1
2454888.7866369211114943 18.1505962096774 99 1
2454888.7875900464132428 18.1822662 0.0720045 0
2454888.7885396992787719 18.0800152 0.0690031 0
2454888.7894795136526227 18.2247486 0.0810042 0
