0.770731707317073
2454887.7398140048608184 17.5938416 0.0290043 0
2454887.7406988427974284 17.6366882 0.0300053 0
2454887.7416172455996275 17.6823769 0.0310091 0
2454887.7425315971486270 17.6134834 0.0290078 0
2454887.7434355323202908 17.6776390 0.0310053 0
2454887.7444280092604458 17.6665592 0.0310070 0
2454887.7453365740366280 17.6477413 0.0310057 0
2454887.7462584492750466 17.6121864 0.0300059 0
2454887.7471716436557472 17.6605434 0.0300051 0
2454887.7480946760624647 17.6725445 0.0320032 0
2454887.7490032408386469 17.6552620 0.0320036 0
2454887.7499204860068858 17.5945950 0.0290081 0
2454887.7508365740068257 17.6324120 0.0300040 0
2454887.7517543979920447 17.6725597 0.0320036 0
2454887.7526531252078712 17.6462479 0.0310040 0
2454887.7535726851783693 17.6135292 0.0310026 0
2454887.7544905091635883 17.6372719 0.0310043 0
2454887.7554083331488073 17.6159554 0.0340044 0
2454887.7563325231894851 17.6174679 0.0310081 0
2454887.7572474535554647 17.6107330 0.0330086 0
2454887.7581785880029202 17.6300449 0.0330041 0
2454887.7590917823836207 17.6757832 0.0350059 0
2454887.7600171295925975 17.5973225 0.0320039 0
2454887.7618961804546416 17.6295662 0.0320035 0
2454887.7627902776002884 17.6292362 0.0310140 0
2454887.7637017359957099 17.7048092 0.0340034 0
2454887.7646328704431653 17.5975437 0.0320062 0
2454887.7655541668646038 17.6445580 0.0350042 0
2454887.7664656247943640 17.6288223 0.0360035 0
2454887.7674204860813916 17.6142845 0.0360037 0
2454887.7683498840779066 17.6195278 0.0360027 0
2454887.7693741898983717 17.6125393 0.0380030 0
2454887.7705530091188848 17.6002903 0.0360046 0
2454887.7714465279132128 17.6325550 0.0350049 0
2454887.7723736111074686 17.6582546 0.0400026 0
2454887.7732908562757075 17.6160851 0.0360040 0
2454887.7742555555887520 17.6136818 0.0360030 0
2454887.7751803239807487 17.6016197 0.0380029 0
2454887.7761074071750045 17.5793457 0.0350035 0
2454887.7770414352416992 17.6481724 0.0380048 0
2454887.7779604168608785 17.6045742 0.0350039 0
2454887.7788863424211740 17.6187210 0.0360054 0
2454887.7798122684471309 17.6542549 0.0350032 0
2454887.7807370368391275 17.6407471 0.0370052 0
2454887.7817167825996876 17.5904293 0.0370040 0
2454887.7835888890549541 17.6436291 0.0430082 0
2454887.7844922454096377 17.7492847 0.0480090 0
2454887.7854181714355946 17.6682930 0.0410029 0
2454887.7863481482490897 17.6334152 0.0390031 0
2454887.7872862266376615 17.7139988 0.0440038 0
2454887.7882127314805984 17.6116638 0.0420032 0
2454887.7891357638873160 17.7809334 0.0640026 0
2454887.7900576386600733 17.5489082 0.0580049 0
2454887.7909748842939734 17.5748615 0.0420049 0
2454887.7919089118950069 17.6884537 0.0500046 0
2454887.7928527779877186 17.6443901 0.0460041 0
2454887.7937896992079914 17.7344551 0.0470036 0
2454887.7947162035852671 17.5802879 0.0430037 0
2454887.7956571760587394 17.6486179968354 99 1
2454887.7965848380699754 17.7074890 0.0510043 0
2454887.7975275460630655 17.6700058 0.0480057 0
2454887.7985703703016043 17.7005157 0.0530038 0
2454887.7997063659131527 17.6499519 0.0520041 0
2454887.8006496527232230 17.6828575 0.0510157 0
2454887.8016322916373610 17.6578903 0.0510038 0
2454887.8026537038385868 17.6942387 0.0500030 0
2454887.8036947916261852 17.6178684 0.0530043 0
2454887.8047144678421319 17.5951672 0.0580043 0
2454887.8056924766860902 17.6635284 0.0570042 0
2454887.8066947916522622 17.6486179968354 99 1
2454887.8085750001482666 17.7769032 0.0650036 0
2454887.8095032409764826 17.5406475 0.0490038 0
2454887.8114725695922971 17.6652584 0.0600058 0
2454887.8123961803503335 17.7466087 0.0670034 0
2454887.8133319444023073 17.5473499 0.0520061 0
2454887.8142671296373010 17.6079407 0.0580049 0
2454887.8152069444768131 17.6229267 0.0640050 0
2454887.8161473381333053 17.5753727 0.0600052 0
2454887.8170964121818542 17.6486179968354 99 1
2454887.8191074072383344 17.6594200 0.0650038 0
2454887.8200408564880490 17.6486179968354 99 1
2454887.8209934029728174 17.6486179968354 99 1
2454887.8219609954394400 17.6486179968354 99 1
2454887.8229123842902482 17.6486179968354 99 1
2454887.8238782407715917 17.6836319 0.0740065 0
2454887.8248504628427327 17.6826687 0.0850100 0
2454887.8258990738540888 17.6486179968354 99 1
2454887.8268562499433756 17.7290993 0.0990135 0
2454887.8278082176111639 17.6486179968354 99 1
2454887.8287613424472511 17.6486179968354 99 1
2454887.8297381945885718 17.6486179968354 99 1
2454887.8306537037715316 17.6486179968354 99 1
2454887.8315848377533257 17.6486179968354 99 1
2454887.8325101854279637 17.6486179968354 99 1
2454887.8334546294063330 17.6486179968354 99 1
2454888.6674447916448116 17.6951904 0.0360061 0
2454888.6683608796447515 17.6220551 0.0310103 0
2454888.6692607640288770 17.6064377 0.0310084 0
2454888.6701681711710989 17.5959930 0.0330110 0
2454888.6710802083835006 17.6508732 0.0320138 0
2454888.6719829859212041 17.5818882 0.0300052 0
2454888.6729060183279216 17.6017647 0.0330067 0
2454888.6738012731075287 17.6080685 0.0310104 0
2454888.6747040511108935 17.6106682 0.0320142 0
2454888.6756184026598930 17.6246719 0.0290062 0
2454888.6765431715175509 17.6121998 0.0310069 0
2454888.6774395834654570 17.6377640 0.0310068 0
2454888.6895935186184943 17.6335068 0.0330028 0
2454888.6905084489844739 17.5933037 0.0290035 0
2454888.6914349538274109 17.6485481 0.0330037 0
2454888.6923412038013339 17.5478439 0.0330053 0
2454888.6932462961412966 17.6166573 0.0340033 0
2454888.6941357636824250 17.5934792 0.0360031 0
2454888.6950402776710689 17.6243057 0.0400026 0
2454888.6959453704766929 17.6321583 0.0380032 0
2454888.6968608796596527 17.6717529 0.0380027 0
2454888.7025194442830980 17.7327423 0.0730037 0
2454888.7034413195215166 17.6498642 0.0750030 0
2454888.7043498842976987 17.6486179968354 99 1
2454888.7072759261354804 17.6486179968354 99 1
2454888.7081872685812414 17.6417446 0.0740040 0
2454888.7090981481596828 17.5785694 0.0780037 0
2454888.7100136573426425 17.6486179968354 99 1
2454888.7109413193538785 17.6486179968354 99 1
2454888.7118799770250916 17.6486179968354 99 1
2454888.7128006946295500 17.6486179968354 99 1
2454888.7137162038125098 17.6486179968354 99 1
2454888.7146427081897855 17.6486179968354 99 1
2454888.7155553242191672 17.5749607 0.0890099 0
2454888.7165379631333053 17.6486179968354 99 1
2454888.7174476850777864 17.6486179968354 99 1
2454888.7183736111037433 17.6486179968354 99 1
2454888.7193006942979991 17.6486179968354 99 1
2454888.7211502315476537 17.6486179968354 99 1
2454888.7220478011295199 17.6486179968354 99 1
2454888.7229563659057021 17.6486179968354 99 1
2454888.7238770835101604 17.6486179968354 99 1
2454888.7247787038795650 17.6486179968354 99 1
2454888.7256785877980292 17.6486179968354 99 1
2454888.7266351850703359 17.6486179968354 99 1
2454888.7275616899132729 17.7652473 0.1000022 0
2454888.7284939815290272 17.6486179968354 99 1
2454888.7294222223572433 17.6327991 0.0750026 0
2454888.7312717591412365 17.6486179968354 99 1
2454888.7321843751706183 17.6486179968354 99 1
2454888.7331114583648741 17.6547050 0.0660025 0
2454888.7340130787342787 17.6486179968354 99 1
2454888.7349737267941236 17.7245502 0.0620022 0
2454888.7358950232155621 17.6577988 0.0630033 0
2454888.7368302084505558 17.6824017 0.0590064 0
2454888.7377503472380340 17.6909332 0.0540033 0
2454888.7386693288572133 17.6786861 0.0580041 0
2454888.7395883100107312 17.6868267 0.0520049 0
2454888.7405211804434657 17.6921730 0.0530021 0
2454888.7414523148909211 17.7732468 0.0520029 0
2454888.7423770832829177 17.5920868 0.0470040 0
2454888.7433151621371508 17.6235313 0.0470033 0
2454888.7442549769766629 17.6909103 0.0510023 0
2454888.7451936341822147 17.6675434 0.0580034 0
2454888.7461322918534279 17.7681370 0.0670028 0
2454888.7470535878092051 17.6229782 0.0450040 0
2454888.7479812498204410 17.6525002 0.0670048 0
2454888.7489129630848765 17.6461067 0.0470020 0
2454888.7498718751594424 17.6734200 0.0550027 0
2454888.7507966435514390 17.6479111 0.0510025 0
2454888.7517289351671934 17.6207085 0.0470027 0
2454888.7526432871818542 17.6615944 0.0660046 0
2454888.7535784724168479 17.7529469 0.0540027 0
2454888.7545165508054197 17.6478615 0.0560035 0
2454888.7554476852528751 17.6578922 0.0480034 0
2454888.7563805556856096 17.6652451 0.0470036 0
2454888.7573082176968455 17.5884838 0.0490027 0
2454888.7582358797080815 17.6638851 0.0510039 0
2454888.7591681713238358 17.6293697 0.0460025 0
2454888.7600981481373310 17.6601620 0.0510029 0
2454888.7610315973870456 17.5836735 0.0420032 0
2454888.7619598377496004 17.6820831 0.0480037 0
2454888.7628956018015742 17.6740112 0.0510042 0
2454888.7638631942681968 17.7228699 0.0560027 0
2454888.7647983795031905 17.6373158 0.0490043 0
2454888.7657763888128102 17.6803284 0.0510039 0
2454888.7667086804285645 17.6576805 0.0550033 0
2454888.7676403936930001 17.6977482 0.0520098 0
2454888.7685732636600733 17.6800880 0.0490039 0
2454888.7696270835585892 17.6466293 0.0580037 0
2454888.7705732639878988 17.7121181 0.0630031 0
2454888.7715084492228925 17.6126537 0.0610034 0
2454888.7724303239956498 17.7446404 0.0710032 0
2454888.7733620372600853 17.6486179968354 99 1
2454888.7743105324916542 17.7170086 0.0610038 0
2454888.7761843749321997 17.6486179968354 99 1
2454888.7771444446407259 17.6486179968354 99 1
2454888.7781050927005708 17.6486179968354 99 1
2454888.7790119214914739 17.6486179968354 99 1
2454888.7799465279094875 17.6486179968354 99 1
2454888.7809378472156823 17.7054996 0.0530058 0
2454888.7818875000812113 17.6546917 0.0500105 0
2454888.7828354164958000 17.6486179968354 99 1
2454888.7837873841635883 17.6486179968354 99 1
2454888.7847306714393198 17.6486179968354 99 1
2454888.7856895835138857 17.6275425 0.0480036 0
2454888.7866369211114943 17.6440563 0.0480035 0
2454888.7875900464132428 17.7062664 0.0500064 0
2454888.7885396992787719 17.6550140 0.0490043 0
2454888.7894795136526227 17.6277485 0.0480070 0
