0.804878048780488
2454887.7398140048608184 17.6048412 0.0300042 0
2454887.7406988427974284 17.5816898 0.0290055 0
2454887.7416172455996275 17.5613766 0.0290097 0
2454887.7425315971486270 17.5964832 0.0300076 0
2454887.7434355323202908 17.6036377 0.0300055 0
2454887.7444280092604458 17.5555592 0.0310070 0
2454887.7453365740366280 17.5677414 0.0300059 0
2454887.7462584492750466 17.5671864 0.0300059 0
2454887.7471716436557472 17.5785446 0.0300051 0
2454887.7480946760624647 17.5485458 0.0300035 0
2454887.7490032408386469 17.6112614 0.0310038 0
2454887.7499204860068858 17.5485954 0.0290081 0
2454887.7508365740068257 17.6084118 0.0310039 0
2454887.7517543979920447 17.5945606 0.0320036 0
2454887.7526531252078712 17.6692486 0.0330037 0
2454887.7535726851783693 17.5835285 0.0310026 0
2454887.7544905091635883 17.6212730 0.0320041 0
2454887.7554083331488073 17.5959549 0.0330046 0
2454887.7563325231894851 17.5924683 0.0310081 0
2454887.7572474535554647 17.5847321 0.0350081 0
2454887.7581785880029202 17.6340446 0.0350039 0
2454887.7590917823836207 17.5587826 0.0330063 0
2454887.7600171295925975 17.6273232 0.0340036 0
2454887.7618961804546416 17.6135674 0.0330034 0
2454887.7627902776002884 17.5822353 0.0320136 0
2454887.7637017359957099 17.6478100 0.0340034 0
2454887.7646328704431653 17.5545444 0.0320062 0
2454887.7655541668646038 17.5635586 0.0340043 0
2454887.7664656247943640 17.5168228 0.0330039 0
2454887.7674204860813916 17.5862827 0.0360037 0
2454887.7683498840779066 17.5225277 0.0350028 0
2454887.7693741898983717 17.6295395 0.0420027 0
2454887.7705530091188848 17.6512909 0.0390042 0
2454887.7714465279132128 17.6145554 0.0360048 0
2454887.7723736111074686 17.5442543 0.0410026 0
2454887.7732908562757075 17.5750847 0.0360040 0
2454887.7742555555887520 17.5946808 0.0370029 0
2454887.7751803239807487 17.5716190 0.0400028 0
2454887.7761074071750045 17.6213455 0.0390031 0
2454887.7770414352416992 17.6281719 0.0420044 0
2454887.7779604168608785 17.6075745 0.0370037 0
2454887.7788863424211740 17.5767212 0.0350055 0
2454887.7798122684471309 17.6012554 0.0350032 0
2454887.7807370368391275 17.5447464 0.0350055 0
2454887.7817167825996876 17.6144295 0.0370040 0
2454887.7835888890549541 17.6206284 0.0460077 0
2454887.7844922454096377 17.6182842 0.0450096 0
2454887.7854181714355946 17.5952950 0.0400030 0
2454887.7863481482490897 17.6504135 0.0410030 0
2454887.7872862266376615 17.6649990 0.0430039 0
2454887.7882127314805984 17.5916634 0.0430032 0
2454887.7891357638873160 17.5629349 0.0550030 0
2454887.7900576386600733 17.5949097 0.0600047 0
2454887.7909748842939734 17.6248608 0.0460044 0
2454887.7919089118950069 17.5924530 0.0460050 0
2454887.7928527779877186 17.5793915 0.0430044 0
2454887.7937896992079914 17.6754551 0.0480035 0
2454887.7947162035852671 17.5942879 0.0470033 0
2454887.7956571760587394 17.6921177 0.0660023 0
2454887.7965848380699754 17.5334892 0.0490045 0
2454887.7975275460630655 17.6110058 0.0480057 0
2454887.7985703703016043 17.6275158 0.0540037 0
2454887.7997063659131527 17.6379509 0.0550038 0
2454887.8006496527232230 17.5818577 0.0520154 0
2454887.8016322916373610 17.5248909 0.0480040 0
2454887.8026537038385868 17.6322384 0.0520029 0
2454887.8036947916261852 17.5878677 0.0540042 0
2454887.8047144678421319 17.6481686 0.0570044 0
2454887.8056924766860902 17.5725288 0.0540044 0
2454887.8066947916522622 17.6187477 0.0590038 0
2454887.8085750001482666 17.5779037 0.0590039 0
2454887.8095032409764826 17.5746479 0.0500037 0
2454887.8114725695922971 17.6092548 0.0640054 0
2454887.8123961803503335 17.6106071 0.0600038 0
2454887.8133319444023073 17.6073494 0.0560057 0
2454887.8142671296373010 17.6047091163636 99 1
2454887.8152069444768131 17.7129269 0.0710045 0
2454887.8161473381333053 17.5483723 0.0640049 0
2454887.8170964121818542 17.5714283 0.0670070 0
2454887.8191074072383344 17.6004200 0.0640039 0
2454887.8200408564880490 17.6047091163636 99 1
2454887.8209934029728174 17.6427135 0.0740105 0
2454887.8219609954394400 17.6047091163636 99 1
2454887.8229123842902482 17.5644665 0.0640057 0
2454887.8238782407715917 17.7386322 0.0860056 0
2454887.8248504628427327 17.6047091163636 99 1
2454887.8258990738540888 17.6439247 0.1070068 0
2454887.8268562499433756 17.6047091163636 99 1
2454887.8278082176111639 17.5949039 0.0800055 0
2454887.8287613424472511 17.6047091163636 99 1
2454887.8297381945885718 17.5603409 0.0900059 0
2454887.8306537037715316 17.6047091163636 99 1
2454887.8315848377533257 17.6784611 0.1100059 0
2454887.8325101854279637 17.7100639 0.1230084 0
2454887.8334546294063330 17.6047091163636 99 1
2454888.6674447916448116 17.5901890 0.0360061 0
2454888.6683608796447515 17.6130543 0.0320099 0
2454888.6692607640288770 17.5594387 0.0310084 0
2454888.6701681711710989 17.5219936 0.0320113 0
2454888.6710802083835006 17.5708733 0.0320138 0
2454888.6719829859212041 17.5528889 0.0310050 0
2454888.6729060183279216 17.5647640 0.0340065 0
2454888.6738012731075287 17.6090698 0.0320101 0
2454888.6747040511108935 17.6256676 0.0340133 0
2454888.6756184026598930 17.5396709 0.0290062 0
2454888.6765431715175509 17.5452003 0.0310069 0
2454888.6774395834654570 17.5567646 0.0300070 0
2454888.6895935186184943 17.5565052 0.0340027 0
2454888.6905084489844739 17.5913029 0.0310033 0
2454888.6914349538274109 17.5735474 0.0320038 0
2454888.6923412038013339 17.5918446 0.0360048 0
2454888.6932462961412966 17.5666580 0.0350032 0
2454888.6941357636824250 17.5424786 0.0390029 0
2454888.6950402776710689 17.5573044 0.0380027 0
2454888.6959453704766929 17.5751591 0.0370033 0
2454888.6968608796596527 17.5527534 0.0350030 0
2454888.7025194442830980 17.6587429 0.0720038 0
2454888.7034413195215166 17.6047091163636 99 1
2454888.7043498842976987 17.6047091163636 99 1
2454888.7072759261354804 17.5983257 0.0720028 0
2454888.7081872685812414 17.5807438 0.0740040 0
2454888.7090981481596828 17.6047091163636 99 1
2454888.7100136573426425 17.6047091163636 99 1
2454888.7109413193538785 17.6047091163636 99 1
2454888.7118799770250916 17.6469517 0.0920036 0
2454888.7128006946295500 17.6047091163636 99 1
2454888.7137162038125098 17.6047091163636 99 1
2454888.7146427081897855 17.6047091163636 99 1
2454888.7155553242191672 17.6047091163636 99 1
2454888.7165379631333053 17.6047091163636 99 1
2454888.7174476850777864 17.6047091163636 99 1
2454888.7183736111037433 17.6047091163636 99 1
2454888.7193006942979991 17.6047091163636 99 1
2454888.7211502315476537 17.6047091163636 99 1
2454888.7220478011295199 17.6047091163636 99 1
2454888.7229563659057021 17.6047091163636 99 1
2454888.7238770835101604 17.6047091163636 99 1
2454888.7247787038795650 17.6047091163636 99 1
2454888.7256785877980292 17.6047091163636 99 1
2454888.7266351850703359 17.6047091163636 99 1
2454888.7275616899132729 17.6047091163636 99 1
2454888.7284939815290272 17.6047091163636 99 1
2454888.7294222223572433 17.6317978 0.0790025 0
2454888.7312717591412365 17.6143074 0.0820039 0
2454888.7321843751706183 17.6047091163636 99 1
2454888.7331114583648741 17.5557041 0.0610027 0
2454888.7340130787342787 17.6047091163636 99 1
2454888.7349737267941236 17.6495495 0.0580023 0
2454888.7358950232155621 17.6287975 0.0660031 0
2454888.7368302084505558 17.6534023 0.0570066 0
2454888.7377503472380340 17.6199341 0.0540033 0
2454888.7386693288572133 17.5686855 0.0560042 0
2454888.7395883100107312 17.5168266 0.0480053 0
2454888.7405211804434657 17.6981735 0.0570019 0
2454888.7414523148909211 17.5532475 0.0450034 0
2454888.7423770832829177 17.6660862 0.0550034 0
2454888.7433151621371508 17.5955315 0.0490032 0
2454888.7442549769766629 17.5129108 0.0470024 0
2454888.7451936341822147 17.5585423 0.0560035 0
2454888.7461322918534279 17.5721359 0.0580033 0
2454888.7470535878092051 17.5719776 0.0450040 0
2454888.7479812498204410 17.7084999 0.0690046 0
2454888.7489129630848765 17.7691059 0.0540017 0
2454888.7498718751594424 17.6084194 0.0550027 0
2454888.7507966435514390 17.5709114 0.0490026 0
2454888.7517289351671934 17.6257057 0.0510025 0
2454888.7526432871818542 17.7105942 0.0730041 0
2454888.7535784724168479 17.6419468 0.0540027 0
2454888.7545165508054197 17.6047091163636 99 1
2454888.7554476852528751 17.5888920 0.0470034 0
2454888.7563805556856096 17.5902443 0.0470036 0
2454888.7573082176968455 17.5744839 0.0500026 0
2454888.7582358797080815 17.6018848 0.0540037 0
2454888.7591681713238358 17.5793686 0.0480024 0
2454888.7600981481373310 17.6931610 0.0570026 0
2454888.7610315973870456 17.6506748 0.0490028 0
2454888.7619598377496004 17.6360836 0.0510035 0
2454888.7628956018015742 17.6420116 0.0530040 0
2454888.7638631942681968 17.7168694 0.0610025 0
2454888.7647983795031905 17.6583157 0.0520041 0
2454888.7657763888128102 17.6513271 0.0510039 0
2454888.7667086804285645 17.6166801 0.0560032 0
2454888.7676403936930001 17.6437492 0.0520098 0
2454888.7685732636600733 17.6430874 0.0510038 0
2454888.7696270835585892 17.6776295 0.0620035 0
2454888.7705732639878988 17.6691170 0.0630031 0
2454888.7715084492228925 17.6446533 0.0640033 0
2454888.7724303239956498 17.6156406 0.0660035 0
2454888.7733620372600853 17.7495213 0.0800045 0
2454888.7743105324916542 17.5680084 0.0580040 0
2454888.7761843749321997 17.6047091163636 99 1
2454888.7771444446407259 17.6047091163636 99 1
2454888.7781050927005708 17.6047091163636 99 1
2454888.7790119214914739 17.6047091163636 99 1
2454888.7799465279094875 17.6047091163636 99 1
2454888.7809378472156823 17.5744991 0.0490063 0
2454888.7818875000812113 17.6576920 0.0500105 0
2454888.7828354164958000 17.6047091163636 99 1
2454888.7837873841635883 17.6047091163636 99 1
2454888.7847306714393198 17.5633125 0.0460048 0
2454888.7856895835138857 17.5635433 0.0490036 0
2454888.7866369211114943 17.6310558 0.0500034 0
2454888.7875900464132428 17.5752678 0.0460070 0
2454888.7885396992787719 17.6590137 0.0520041 0
2454888.7894795136526227 17.5577488 0.0480070 0
