0.897560975609756
2454887.7398140048608184 16.9648418 0.0190066 0
2454887.7406988427974284 16.9656887 0.0180089 0
2454887.7416172455996275 16.9613762 0.0190148 0
2454887.7425315971486270 16.9594841 0.0190119 0
2454887.7434355323202908 16.9766388 0.0190087 0
2454887.7444280092604458 16.9695587 0.0200108 0
2454887.7453365740366280 16.9677410 0.0190093 0
2454887.7462584492750466 16.9821873 0.0190093 0
2454887.7471716436557472 16.9365444 0.0180084 0
2454887.7480946760624647 16.9875450 0.0190054 0
2454887.7490032408386469 16.9602623 0.0190061 0
2454887.7499204860068858 16.9965954 0.0200117 0
2454887.7508365740068257 16.9604111 0.0190063 0
2454887.7517543979920447 16.9655590 0.0200058 0
2454887.7526531252078712 16.9612484 0.0190065 0
2454887.7535726851783693 16.9955292 0.0200041 0
2454887.7544905091635883 16.9992733 0.0200066 0
2454887.7554083331488073 16.9449558 0.0210072 0
2454887.7563325231894851 16.9874687 0.0200125 0
2454887.7572474535554647 16.9827328 0.0220129 0
2454887.7581785880029202 16.9890442 0.0220062 0
2454887.7590917823836207 16.9737835 0.0220094 0
2454887.7600171295925975 16.9853230 0.0200062 0
2454887.7618961804546416 16.9615669 0.0210054 0
2454887.7627902776002884 16.9662361 0.0200217 0
2454887.7637017359957099 16.9668102 0.0200058 0
2454887.7646328704431653 16.9705448 0.0200099 0
2454887.7655541668646038 17.0175591 0.0220066 0
2454887.7664656247943640 16.9758224 0.0220058 0
2454887.7674204860813916 16.9992828 0.0220060 0
2454887.7683498840779066 16.9595280 0.0220045 0
2454887.7693741898983717 16.9805393 0.0240048 0
2454887.7705530091188848 16.9572906 0.0220075 0
2454887.7714465279132128 16.9825554 0.0220078 0
2454887.7723736111074686 17.0132542 0.0250042 0
2454887.7732908562757075 16.9750843 0.0220065 0
2454887.7742555555887520 16.9386806 0.0220049 0
2454887.7751803239807487 16.9646187 0.0230048 0
2454887.7761074071750045 16.9813442 0.0240051 0
2454887.7770414352416992 16.9781704 0.0230080 0
2454887.7779604168608785 16.9485741 0.0220063 0
2454887.7788863424211740 16.9647198 0.0230084 0
2454887.7798122684471309 16.9982548 0.0220051 0
2454887.7807370368391275 16.9537468 0.0220088 0
2454887.7817167825996876 16.9904289 0.0230064 0
2454887.7835888890549541 16.9956284 0.0260136 0
2454887.7844922454096377 16.9702854 0.0260166 0
2454887.7854181714355946 16.9282951 0.0230052 0
2454887.7863481482490897 16.9544144 0.0230053 0
2454887.7872862266376615 16.9809990 0.0250067 0
2454887.7882127314805984 16.9436626 0.0260052 0
2454887.7891357638873160 16.8609333 0.0310053 0
2454887.7900576386600733 16.9259090 0.0360079 0
2454887.7909748842939734 16.9798622 0.0260079 0
2454887.7919089118950069 16.9684525 0.0280082 0
2454887.7928527779877186 16.9973907 0.0270070 0
2454887.7937896992079914 16.9794559 0.0260064 0
2454887.7947162035852671 16.9592876 0.0280056 0
2454887.7956571760587394 16.8441181 0.0310050 0
2454887.7965848380699754 16.9674892 0.0290076 0
2454887.7975275460630655 16.9850044 0.0280098 0
2454887.7985703703016043 16.9995155 0.0300067 0
2454887.7997063659131527 16.9709511 0.0300070 0
2454887.8006496527232230 16.9948578 0.0300266 0
2454887.8016322916373610 16.9968910 0.0310062 0
2454887.8026537038385868 16.9712391 0.0300049 0
2454887.8036947916261852 16.9038677 0.0310074 0
2454887.8047144678421319 16.9031677 0.0310081 0
2454887.8056924766860902 16.9475288 0.0310076 0
2454887.8066947916522622 16.9687481 0.0340067 0
2454887.8085750001482666 16.9279022 0.0350067 0
2454887.8095032409764826 16.9936485 0.0310060 0
2454887.8114725695922971 16.8902569 0.0320109 0
2454887.8123961803503335 16.9146080 0.0330069 0
2454887.8133319444023073 16.9583492 0.0320099 0
2454887.8142671296373010 16.9389400 0.0350081 0
2454887.8152069444768131 16.9409275 0.0350091 0
2454887.8161473381333053 16.8993740 0.0350090 0
2454887.8170964121818542 16.9194279 0.0390120 0
2454887.8191074072383344 16.9654198 0.0380066 0
2454887.8200408564880490 16.9156246 0.0410226 0
2454887.8209934029728174 16.9297123 0.0400194 0
2454887.8219609954394400 16.9913635 0.0410074 0
2454887.8229123842902482 16.9304676 0.0370099 0
2454887.8238782407715917 16.9046307 0.0410118 0
2454887.8248504628427327 16.9146690 0.0450189 0
2454887.8258990738540888 16.9454543027174 99 1
2454887.8268562499433756 16.9011002 0.0490272 0
2454887.8278082176111639 16.9099026 0.0450097 0
2454887.8287613424472511 16.9454543027174 99 1
2454887.8297381945885718 16.9454543027174 99 1
2454887.8306537037715316 16.9454543027174 99 1
2454887.8315848377533257 16.9454543027174 99 1
2454887.8325101854279637 16.9454543027174 99 1
2454887.8334546294063330 16.9454543027174 99 1
2454888.6674447916448116 16.9341888 0.0210105 0
2454888.6683608796447515 16.9400539 0.0200159 0
2454888.6692607640288770 16.9044380 0.0190137 0
2454888.6701681711710989 16.9299927 0.0200181 0
2454888.6710802083835006 16.9298725 0.0200221 0
2454888.6719829859212041 16.9768887 0.0200078 0
2454888.6729060183279216 16.8987656 0.0200110 0
2454888.6738012731075287 16.9580688 0.0200161 0
2454888.6747040511108935 16.9346676 0.0190239 0
2454888.6756184026598930 16.9636726 0.0190095 0
2454888.6765431715175509 16.9652004 0.0190112 0
2454888.6774395834654570 16.9507656 0.0190111 0
2454888.6895935186184943 16.9615059 0.0210044 0
2454888.6905084489844739 16.9683037 0.0190054 0
2454888.6914349538274109 16.9165478 0.0200061 0
2454888.6923412038013339 16.8998432 0.0210083 0
2454888.6932462961412966 16.9286575 0.0220051 0
2454888.6941357636824250 16.9284782 0.0230049 0
2454888.6950402776710689 16.9543056 0.0240043 0
2454888.6959453704766929 16.9431591 0.0230053 0
2454888.6968608796596527 16.9777527 0.0230045 0
2454888.7025194442830980 16.9457417 0.0390069 0
2454888.7034413195215166 17.0278645 0.0460050 0
2454888.7043498842976987 16.9520588 0.0470048 0
2454888.7072759261354804 17.0473251 0.0430047 0
2454888.7081872685812414 17.0637455 0.0480061 0
2454888.7090981481596828 17.1055698 0.0530055 0
2454888.7100136573426425 16.9454543027174 99 1
2454888.7109413193538785 16.9499378 0.0530067 0
2454888.7118799770250916 17.0039520 0.0540062 0
2454888.7128006946295500 17.0633774 0.0710063 0
2454888.7137162038125098 16.9810581 0.0550054 0
2454888.7146427081897855 16.9381046 0.0530099 0
2454888.7155553242191672 17.0599594 0.0630140 0
2454888.7165379631333053 17.0475292 0.0550045 0
2454888.7174476850777864 17.1293182 0.0670064 0
2454888.7183736111037433 17.0167446 0.0720046 0
2454888.7193006942979991 16.9953976 0.0610065 0
2454888.7211502315476537 16.9454543027174 99 1
2454888.7220478011295199 16.9454543027174 99 1
2454888.7229563659057021 16.9454543027174 99 1
2454888.7238770835101604 16.9454543027174 99 1
2454888.7247787038795650 17.3104973 0.2490065 0
2454888.7256785877980292 16.9454543027174 99 1
2454888.7266351850703359 16.9479542 0.0550042 0
2454888.7275616899132729 17.0572491 0.0530042 0
2454888.7284939815290272 16.9608059 0.0440047 0
2454888.7294222223572433 17.0127983 0.0450044 0
2454888.7312717591412365 16.9583073 0.0470068 0
2454888.7321843751706183 16.9689827 0.0450061 0
2454888.7331114583648741 17.0127048 0.0390042 0
2454888.7340130787342787 16.9681721 0.0360037 0
2454888.7349737267941236 16.9805508 0.0330041 0
2454888.7358950232155621 16.9454543027174 99 1
2454888.7368302084505558 16.9454543027174 99 1
2454888.7377503472380340 16.9429340 0.0310057 0
2454888.7386693288572133 16.8296833 0.0310076 0
2454888.7395883100107312 16.8958282 0.0290088 0
2454888.7405211804434657 16.8591747 0.0290038 0
2454888.7414523148909211 16.9162464 0.0260059 0
2454888.7423770832829177 16.9910870 0.0290065 0
2454888.7433151621371508 16.9235325 0.0270058 0
2454888.7442549769766629 16.9559097 0.0290040 0
2454888.7451936341822147 16.8285427 0.0310063 0
2454888.7461322918534279 16.7441368 0.0290065 0
2454888.7470535878092051 16.9629784 0.0270066 0
2454888.7479812498204410 16.6304989 0.0300106 0
2454888.7489129630848765 16.9191055 0.0280033 0
2454888.7498718751594424 16.8664207 0.0290051 0
2454888.7507966435514390 16.8859119 0.0270048 0
2454888.7517289351671934 16.9117050 0.0270047 0
2454888.7526432871818542 16.7165947 0.0330091 0
2454888.7535784724168479 16.9489460 0.0300048 0
2454888.7545165508054197 16.7938614 0.0300065 0
2454888.7554476852528751 16.9088917 0.0270060 0
2454888.7563805556856096 16.9242439 0.0260064 0
2454888.7573082176968455 16.8824825 0.0290045 0
2454888.7582358797080815 16.8688850 0.0290069 0
2454888.7591681713238358 16.9553699 0.0290040 0
2454888.7600981481373310 16.9191608 0.0280052 0
2454888.7610315973870456 16.9266739 0.0270050 0
2454888.7619598377496004 16.9440842 0.0280064 0
2454888.7628956018015742 16.8820114 0.0280076 0
2454888.7638631942681968 16.9818707 0.0320047 0
2454888.7647983795031905 16.9763165 0.0290073 0
2454888.7657763888128102 16.9173279 0.0280071 0
2454888.7667086804285645 16.8556805 0.0300060 0
2454888.7676403936930001 16.9177494 0.0280182 0
2454888.7685732636600733 16.9310875 0.0290066 0
2454888.7696270835585892 16.7396297 0.0290075 0
2454888.7705732639878988 16.7761173 0.0300065 0
2454888.7715084492228925 16.8146534 0.0320065 0
2454888.7724303239956498 16.6826401 0.0300076 0
2454888.7733620372600853 16.6645222 0.0330109 0
2454888.7743105324916542 16.7830086 0.0290080 0
2454888.7761843749321997 16.9594326 0.0570084 0
2454888.7771444446407259 16.9454543027174 99 1
2454888.7781050927005708 16.9454543027174 99 1
2454888.7790119214914739 16.9454543027174 99 1
2454888.7799465279094875 16.9454543027174 99 1
2454888.7809378472156823 16.9305000 0.0280110 0
2454888.7818875000812113 16.9536915 0.0290180 0
2454888.7828354164958000 16.9454543027174 99 1
2454888.7837873841635883 16.9454543027174 99 1
2454888.7847306714393198 16.9353142 0.0290077 0
2454888.7856895835138857 16.9605427 0.0300058 0
2454888.7866369211114943 16.9230556 0.0280060 0
2454888.7875900464132428 16.9172668 0.0260123 0
2454888.7885396992787719 16.9350147 0.0280076 0
2454888.7894795136526227 16.9397488 0.0280121 0
