0.936585365853659
2454887.7398140048608184 16.8468418 0.0180069 0
2454887.7406988427974284 16.8686905 0.0180089 0
2454887.7416172455996275 16.8653755 0.0180156 0
2454887.7425315971486270 16.8684826 0.0180126 0
2454887.7434355323202908 16.8656387 0.0180092 0
2454887.7444280092604458 16.8715591 0.0180120 0
2454887.7453365740366280 16.8627415 0.0180098 0
2454887.7462584492750466 16.8631859 0.0170103 0
2454887.7471716436557472 16.8725433 0.0180084 0
2454887.7480946760624647 16.8685436 0.0180058 0
2454887.7490032408386469 16.8472614 0.0180065 0
2454887.7499204860068858 16.8745937 0.0190123 0
2454887.7508365740068257 16.8874111 0.0180067 0
2454887.7517543979920447 16.8445587 0.0180065 0
2454887.7526531252078712 16.8532486 0.0180069 0
2454887.7535726851783693 16.8875294 0.0190043 0
2454887.7544905091635883 16.8212719 0.0180073 0
2454887.7554083331488073 16.8769550 0.0200075 0
2454887.7563325231894851 16.8774681 0.0190132 0
2454887.7572474535554647 16.8677330 0.0210135 0
2454887.7581785880029202 16.8700447 0.0200068 0
2454887.7590917823836207 16.8587837 0.0200104 0
2454887.7600171295925975 16.8693237 0.0190065 0
2454887.7618961804546416 16.8755665 0.0190059 0
2454887.7627902776002884 16.8622360 0.0190229 0
2454887.7637017359957099 16.8588085 0.0190061 0
2454887.7646328704431653 16.8675442 0.0190104 0
2454887.7655541668646038 16.8405590 0.0200073 0
2454887.7664656247943640 16.8618221 0.0210060 0
2454887.7674204860813916 16.8602829 0.0220060 0
2454887.7683498840779066 16.8495274 0.0200049 0
2454887.7693741898983717 16.8785381 0.0220052 0
2454887.7705530091188848 16.8832912 0.0210078 0
2454887.7714465279132128 16.8565540 0.0210082 0
2454887.7723736111074686 16.8902550 0.0230046 0
2454887.7732908562757075 16.8360844 0.0200071 0
2454887.7742555555887520 16.8416824 0.0210051 0
2454887.7751803239807487 16.8896198 0.0220051 0
2454887.7761074071750045 16.8673458 0.0210058 0
2454887.7770414352416992 16.8571720 0.0220084 0
2454887.7779604168608785 16.8495731 0.0200069 0
2454887.7788863424211740 16.8527203 0.0200096 0
2454887.7798122684471309 16.8562565 0.0200057 0
2454887.7807370368391275 16.8477478 0.0210092 0
2454887.7817167825996876 16.8634300 0.0210070 0
2454887.7835888890549541 16.8466282 0.0240147 0
2454887.7844922454096377 16.8692856 0.0260166 0
2454887.7854181714355946 16.8752937 0.0230052 0
2454887.7863481482490897 16.8554153 0.0210058 0
2454887.7872862266376615 16.8909988 0.0240069 0
2454887.7882127314805984 16.8426628 0.0230059 0
2454887.7891357638873160 16.8519344 0.0310053 0
2454887.7900576386600733 16.8599091 0.0340084 0
2454887.7909748842939734 16.8508606 0.0250082 0
2454887.7919089118950069 16.8844528 0.0260088 0
2454887.7928527779877186 16.8873901 0.0250076 0
2454887.7937896992079914 16.9164562 0.0270062 0
2454887.7947162035852671 16.8662872 0.0260060 0
2454887.7956571760587394 16.8971176 0.0330047 0
2454887.7965848380699754 16.8434887 0.0260084 0
2454887.7975275460630655 16.8450050 0.0260106 0
2454887.7985703703016043 16.8845158 0.0280072 0
2454887.7997063659131527 16.9159527 0.0290073 0
2454887.8006496527232230 16.8878574 0.0290275 0
2454887.8016322916373610 16.8348904 0.0270071 0
2454887.8026537038385868 16.9032383 0.0300049 0
2454887.8036947916261852 16.8628674 0.0310074 0
2454887.8047144678421319 16.8271675 0.0280090 0
2454887.8056924766860902 16.8715286 0.0310076 0
2454887.8066947916522622 16.9087486 0.0320071 0
2454887.8085750001482666 16.8279037 0.0310075 0
2454887.8095032409764826 16.8626480 0.0280066 0
2454887.8114725695922971 16.9702549 0.0360097 0
2454887.8123961803503335 16.8686085 0.0340067 0
2454887.8133319444023073 16.8983498 0.0310102 0
2454887.8142671296373010 16.7589417 0.0310092 0
2454887.8152069444768131 16.8779259 0.0350091 0
2454887.8161473381333053 16.8923740 0.0360087 0
2454887.8170964121818542 16.9194279 0.0390120 0
2454887.8191074072383344 16.8254185 0.0350071 0
2454887.8200408564880490 16.8586254 0.0390238 0
2454887.8209934029728174 16.8687134 0.0390199 0
2454887.8219609954394400 16.8863640 0.0380079 0
2454887.8229123842902482 16.9064674 0.0380096 0
2454887.8238782407715917 16.9096317 0.0420115 0
2454887.8248504628427327 16.7916698 0.0410208 0
2454887.8258990738540888 16.9039249 0.0590124 0
2454887.8268562499433756 16.8831005 0.0510261 0
2454887.8278082176111639 16.8709030 0.0450097 0
2454887.8287613424472511 16.8483601 0.0570179 0
2454887.8297381945885718 16.8933411 0.0540099 0
2454887.8306537037715316 16.8404465 0.0510372 0
2454887.8315848377533257 16.872179028125 99 1
2454887.8325101854279637 16.872179028125 99 1
2454887.8334546294063330 16.9158535 0.0570637 0
2454888.6674447916448116 16.8381901 0.0210105 0
2454888.6683608796447515 16.8650551 0.0190167 0
2454888.6692607640288770 16.8424377 0.0190137 0
2454888.6701681711710989 16.8409920 0.0190191 0
2454888.6710802083835006 16.8408718 0.0190233 0
2454888.6719829859212041 16.8478889 0.0180087 0
2454888.6729060183279216 16.8477650 0.0200110 0
2454888.6738012731075287 16.8490677 0.0180179 0
2454888.6747040511108935 16.8226681 0.0190239 0
2454888.6756184026598930 16.8366718 0.0180101 0
2454888.6765431715175509 16.8461990 0.0180118 0
2454888.6774395834654570 16.8707638 0.0180117 0
2454888.6895935186184943 16.8215065 0.0190048 0
2454888.6905084489844739 16.8323021 0.0170060 0
2454888.6914349538274109 16.8505478 0.0190064 0
2454888.6923412038013339 16.8288441 0.0200087 0
2454888.6932462961412966 16.8556557 0.0210053 0
2454888.6941357636824250 16.8364792 0.0220051 0
2454888.6950402776710689 16.8683052 0.0220047 0
2454888.6959453704766929 16.8661594 0.0230053 0
2454888.6968608796596527 16.8837528 0.0210050 0
2454888.7025194442830980 16.8877411 0.0380071 0
2454888.7034413195215166 16.9268646 0.0440052 0
2454888.7043498842976987 16.9450588 0.0480047 0
2454888.7072759261354804 16.8633251 0.0370055 0
2454888.7081872685812414 16.9327450 0.0440067 0
2454888.7090981481596828 16.8405704 0.0420069 0
2454888.7100136573426425 16.9305305 0.0630052 0
2454888.7109413193538785 16.9119377 0.0530067 0
2454888.7118799770250916 16.9469528 0.0540062 0
2454888.7128006946295500 16.8493767 0.0580077 0
2454888.7137162038125098 16.8700581 0.0500059 0
2454888.7146427081897855 16.8821049 0.0520101 0
2454888.7155553242191672 16.9519596 0.0580152 0
2454888.7165379631333053 16.9135303 0.0510048 0
2454888.7174476850777864 16.7963181 0.0520083 0
2454888.7183736111037433 16.8957462 0.0660050 0
2454888.7193006942979991 16.8743973 0.0540074 0
2454888.7211502315476537 16.872179028125 99 1
2454888.7220478011295199 16.872179028125 99 1
2454888.7229563659057021 16.872179028125 99 1
2454888.7238770835101604 16.872179028125 99 1
2454888.7247787038795650 16.872179028125 99 1
2454888.7256785877980292 16.8436279 0.0920099 0
2454888.7266351850703359 16.9629555 0.0580040 0
2454888.7275616899132729 16.8202477 0.0420053 0
2454888.7284939815290272 16.9178047 0.0430048 0
2454888.7294222223572433 16.9097977 0.0420047 0
2454888.7312717591412365 16.9323063 0.0490066 0
2454888.7321843751706183 16.9059830 0.0440062 0
2454888.7331114583648741 16.8557053 0.0350047 0
2454888.7340130787342787 16.8771725 0.0330040 0
2454888.7349737267941236 16.9325504 0.0320042 0
2454888.7358950232155621 16.8737984 0.0330063 0
2454888.7368302084505558 16.8594017 0.0310122 0
2454888.7377503472380340 16.8829327 0.0300059 0
2454888.7386693288572133 16.9306850 0.0340069 0
2454888.7395883100107312 16.8338280 0.0270095 0
2454888.7405211804434657 16.8641739 0.0290038 0
2454888.7414523148909211 16.8762474 0.0260059 0
2454888.7423770832829177 16.9050865 0.0280068 0
2454888.7433151621371508 16.8405323 0.0260060 0
2454888.7442549769766629 16.9169102 0.0270043 0
2454888.7451936341822147 16.8905430 0.0310063 0
2454888.7461322918534279 16.8811359 0.0330057 0
2454888.7470535878092051 16.8639774 0.0260069 0
2454888.7479812498204410 16.8314991 0.0350091 0
2454888.7489129630848765 16.9121056 0.0270034 0
2454888.7498718751594424 16.9364204 0.0310048 0
2454888.7507966435514390 16.8629112 0.0280046 0
2454888.7517289351671934 16.8887062 0.0270047 0
2454888.7526432871818542 16.8625946 0.0360084 0
2454888.7535784724168479 16.8699455 0.0280051 0
2454888.7545165508054197 16.9078617 0.0340058 0
2454888.7554476852528751 16.8728924 0.0250064 0
2454888.7563805556856096 16.8572445 0.0260064 0
2454888.7573082176968455 16.8334827 0.0270048 0
2454888.7582358797080815 16.8428841 0.0270074 0
2454888.7591681713238358 16.8663692 0.0270043 0
2454888.7600981481373310 16.8591614 0.0280052 0
2454888.7610315973870456 16.8746738 0.0250054 0
2454888.7619598377496004 16.8350830 0.0260069 0
2454888.7628956018015742 16.8940125 0.0290074 0
2454888.7638631942681968 16.8958702 0.0310048 0
2454888.7647983795031905 16.8093166 0.0270078 0
2454888.7657763888128102 16.8653278 0.0290069 0
2454888.7667086804285645 16.8506794 0.0300060 0
2454888.7676403936930001 16.8737488 0.0290176 0
2454888.7685732636600733 16.8880882 0.0270071 0
2454888.7696270835585892 16.8236294 0.0320068 0
2454888.7705732639878988 16.9001179 0.0340057 0
2454888.7715084492228925 16.8886547 0.0340061 0
2454888.7724303239956498 16.8916416 0.0360064 0
2454888.7733620372600853 16.9045219 0.0400090 0
2454888.7743105324916542 16.8570099 0.0320072 0
2454888.7761843749321997 17.0584335 0.0630076 0
2454888.7771444446407259 16.872179028125 99 1
2454888.7781050927005708 16.872179028125 99 1
2454888.7790119214914739 16.872179028125 99 1
2454888.7799465279094875 16.872179028125 99 1
2454888.7809378472156823 16.8824997 0.0280110 0
2454888.7818875000812113 16.8376904 0.0270194 0
2454888.7828354164958000 16.872179028125 99 1
2454888.7837873841635883 16.872179028125 99 1
2454888.7847306714393198 16.9203129 0.0290077 0
2454888.7856895835138857 16.8575420 0.0280062 0
2454888.7866369211114943 16.8770561 0.0260065 0
2454888.7875900464132428 16.8822670 0.0260123 0
2454888.7885396992787719 16.9000149 0.0280076 0
2454888.7894795136526227 16.9017487 0.0290116 0
