0.795121951219512
2454887.7398140048608184 17.4438419 0.0260048 0
2454887.7406988427974284 17.4386883 0.0250064 0
2454887.7416172455996275 17.4463768 0.0270104 0
2454887.7425315971486270 17.4594841 0.0270084 0
2454887.7434355323202908 17.4636383 0.0260064 0
2454887.7444280092604458 17.3925591 0.0250087 0
2454887.7453365740366280 17.4667416 0.0260068 0
2454887.7462584492750466 17.4841881 0.0270065 0
2454887.7471716436557472 17.4525433 0.0260058 0
2454887.7480946760624647 17.4575443 0.0270038 0
2454887.7490032408386469 17.4382610 0.0260045 0
2454887.7499204860068858 17.4355946 0.0270087 0
2454887.7508365740068257 17.4584122 0.0260046 0
2454887.7517543979920447 17.4415607 0.0270043 0
2454887.7526531252078712 17.4322491 0.0260047 0
2454887.7535726851783693 17.4735298 0.0280029 0
2454887.7544905091635883 17.4522724 0.0270049 0
2454887.7554083331488073 17.4219551 0.0290052 0
2454887.7563325231894851 17.4604683 0.0270093 0
2454887.7572474535554647 17.4637337 0.0310092 0
2454887.7581785880029202 17.4350452 0.0300045 0
2454887.7590917823836207 17.4927826 0.0310067 0
2454887.7600171295925975 17.4443226 0.0280044 0
2454887.7618961804546416 17.4715672 0.0280040 0
2454887.7627902776002884 17.4692364 0.0280155 0
2454887.7637017359957099 17.4258099 0.0280041 0
2454887.7646328704431653 17.4135437 0.0270073 0
2454887.7655541668646038 17.4635582 0.0300049 0
2454887.7664656247943640 17.4348221 0.0310041 0
2454887.7674204860813916 17.4062843 0.0310043 0
2454887.7683498840779066 17.4665279 0.0310032 0
2454887.7693741898983717 17.4305382 0.0340034 0
2454887.7705530091188848 17.4372902 0.0310053 0
2454887.7714465279132128 17.4595547 0.0300057 0
2454887.7723736111074686 17.4022541 0.0340031 0
2454887.7732908562757075 17.4370842 0.0310046 0
2454887.7742555555887520 17.4456806 0.0320033 0
2454887.7751803239807487 17.4216194 0.0310036 0
2454887.7761074071750045 17.4073448 0.0320038 0
2454887.7770414352416992 17.4301701 0.0330056 0
2454887.7779604168608785 17.5375729 0.0330042 0
2454887.7788863424211740 17.4677200 0.0320060 0
2454887.7798122684471309 17.4432564 0.0290039 0
2454887.7807370368391275 17.3837471 0.0290067 0
2454887.7817167825996876 17.4604301 0.0330044 0
2454887.7835888890549541 17.4776287 0.0390091 0
2454887.7844922454096377 17.4402847 0.0380113 0
2454887.7854181714355946 17.4292946 0.0340035 0
2454887.7863481482490897 17.4444141 0.0330037 0
2454887.7872862266376615 17.4309998 0.0360046 0
2454887.7882127314805984 17.4456635 0.0380036 0
2454887.7891357638873160 17.3039341 0.0430039 0
2454887.7900576386600733 17.3359089 0.0480059 0
2454887.7909748842939734 17.4668617 0.0390052 0
2454887.7919089118950069 17.3954525 0.0380061 0
2454887.7928527779877186 17.3863907 0.0380050 0
2454887.7937896992079914 17.4444561 0.0380044 0
2454887.7947162035852671 17.3842888 0.0390040 0
2454887.7956571760587394 17.3861179 0.0490031 0
2454887.7965848380699754 17.4134884 0.0400055 0
2454887.7975275460630655 17.3980045 0.0380072 0
2454887.7985703703016043 17.4435158 0.0420048 0
2454887.7997063659131527 17.3609524 0.0400053 0
2454887.8006496527232230 17.4528580 0.0430186 0
2454887.8016322916373610 17.3838902 0.0390049 0
2454887.8026537038385868 17.3842392 0.0420035 0
2454887.8036947916261852 17.4858685 0.0470049 0
2454887.8047144678421319 17.5061684 0.0490051 0
2454887.8056924766860902 17.3995285 0.0460051 0
2454887.8066947916522622 17.3537483 0.0430053 0
2454887.8085750001482666 17.4119034 0.0500047 0
2454887.8095032409764826 17.3786469 0.0420044 0
2454887.8114725695922971 17.3772564 0.0490071 0
2454887.8123961803503335 17.3626080 0.0470049 0
2454887.8133319444023073 17.3973503 0.0460069 0
2454887.8142671296373010 17.4099407 0.0500057 0
2454887.8152069444768131 17.3739262 0.0520061 0
2454887.8161473381333053 17.4593754 0.0560056 0
2454887.8170964121818542 17.3714275 0.0540086 0
2454887.8191074072383344 17.3864193 0.0540046 0
2454887.8200408564880490 17.3968788607362 99 1
2454887.8209934029728174 17.3968788607362 99 1
2454887.8219609954394400 17.3968788607362 99 1
2454887.8229123842902482 17.3524666 0.0520070 0
2454887.8238782407715917 17.4216309 0.0610079 0
2454887.8248504628427327 17.3968788607362 99 1
2454887.8258990738540888 17.3968788607362 99 1
2454887.8268562499433756 17.3968788607362 99 1
2454887.8278082176111639 17.3968788607362 99 1
2454887.8287613424472511 17.3968788607362 99 1
2454887.8297381945885718 17.3968788607362 99 1
2454887.8306537037715316 17.3968788607362 99 1
2454887.8315848377533257 17.3968788607362 99 1
2454887.8325101854279637 17.3968788607362 99 1
2454887.8334546294063330 17.3968788607362 99 1
2454888.6674447916448116 17.3401890 0.0290076 0
2454888.6683608796447515 17.3870544 0.0270118 0
2454888.6692607640288770 17.3534374 0.0250104 0
2454888.6701681711710989 17.3569927 0.0270134 0
2454888.6710802083835006 17.3928719 0.0270164 0
2454888.6719829859212041 17.4038887 0.0270058 0
2454888.6729060183279216 17.3547649 0.0280079 0
2454888.6738012731075287 17.4170685 0.0270120 0
2454888.6747040511108935 17.3826675 0.0260175 0
2454888.6756184026598930 17.4186726 0.0250072 0
2454888.6765431715175509 17.3901997 0.0260082 0
2454888.6774395834654570 17.4087639 0.0260081 0
2454888.6895935186184943 17.3775063 0.0280033 0
2454888.6905084489844739 17.4053040 0.0260040 0
2454888.6914349538274109 17.4505482 0.0280043 0
2454888.6923412038013339 17.4688435 0.0310056 0
2454888.6932462961412966 17.3656578 0.0290038 0
2454888.6941357636824250 17.3934784 0.0330034 0
2454888.6950402776710689 17.3793049 0.0320033 0
2454888.6959453704766929 17.4061584 0.0320038 0
2454888.6968608796596527 17.4417534 0.0310034 0
2454888.7025194442830980 17.4847412 0.0590046 0
2454888.7034413195215166 17.4148655 0.0610037 0
2454888.7043498842976987 17.3880596 0.0640036 0
2454888.7072759261354804 17.3968788607362 99 1
2454888.7081872685812414 17.3657455 0.0610048 0
2454888.7090981481596828 17.4385700 0.0690042 0
2454888.7100136573426425 17.3968788607362 99 1
2454888.7109413193538785 17.3968788607362 99 1
2454888.7118799770250916 17.3968788607362 99 1
2454888.7128006946295500 17.3968788607362 99 1
2454888.7137162038125098 17.3968788607362 99 1
2454888.7146427081897855 17.3968788607362 99 1
2454888.7155553242191672 17.3968788607362 99 1
2454888.7165379631333053 17.5105305 0.0800031 0
2454888.7174476850777864 17.3968788607362 99 1
2454888.7183736111037433 17.3968788607362 99 1
2454888.7193006942979991 17.3968788607362 99 1
2454888.7211502315476537 17.3968788607362 99 1
2454888.7220478011295199 17.3968788607362 99 1
2454888.7229563659057021 17.3968788607362 99 1
2454888.7238770835101604 17.3968788607362 99 1
2454888.7247787038795650 17.3968788607362 99 1
2454888.7256785877980292 17.3968788607362 99 1
2454888.7266351850703359 17.3968788607362 99 1
2454888.7275616899132729 17.3582478 0.0670033 0
2454888.7284939815290272 17.4718056 0.0650032 0
2454888.7294222223572433 17.4947987 0.0690029 0
2454888.7312717591412365 17.3968788607362 99 1
2454888.7321843751706183 17.3968788607362 99 1
2454888.7331114583648741 17.4577045 0.0530031 0
2454888.7340130787342787 17.3771725 0.0480027 0
2454888.7349737267941236 17.3365498 0.0430031 0
2454888.7358950232155621 17.3837986 0.0500041 0
2454888.7368302084505558 17.3934021 0.0470080 0
2454888.7377503472380340 17.3099327 0.0420042 0
2454888.7386693288572133 17.2536831 0.0430055 0
2454888.7395883100107312 17.2728271 0.0370069 0
2454888.7405211804434657 17.2001743 0.0360030 0
2454888.7414523148909211 17.3362465 0.0360042 0
2454888.7423770832829177 17.4040871 0.0390049 0
2454888.7433151621371508 17.3495312 0.0370042 0
2454888.7442549769766629 17.3999100 0.0390030 0
2454888.7451936341822147 17.2885418 0.0430045 0
2454888.7461322918534279 17.3968788607362 99 1
2454888.7470535878092051 17.3939781 0.0370048 0
2454888.7479812498204410 17.1345005 0.0420076 0
2454888.7489129630848765 17.3501053 0.0370025 0
2454888.7498718751594424 17.2624207 0.0390038 0
2454888.7507966435514390 17.3269119 0.0380034 0
2454888.7517289351671934 17.3437080 0.0370034 0
2454888.7526432871818542 17.1295948 0.0420072 0
2454888.7535784724168479 17.3619461 0.0380038 0
2454888.7545165508054197 17.1978607 0.0380051 0
2454888.7554476852528751 17.3278923 0.0370044 0
2454888.7563805556856096 17.3332443 0.0350048 0
2454888.7573082176968455 17.3234825 0.0380034 0
2454888.7582358797080815 17.4108849 0.0400050 0
2454888.7591681713238358 17.4543686 0.0410028 0
2454888.7600981481373310 17.3301620 0.0380038 0
2454888.7610315973870456 17.3956738 0.0360038 0
2454888.7619598377496004 17.4990826 0.0420042 0
2454888.7628956018015742 17.3210125 0.0390055 0
2454888.7638631942681968 17.3828697 0.0430035 0
2454888.7647983795031905 17.3203163 0.0380055 0
2454888.7657763888128102 17.3253269 0.0400050 0
2454888.7667086804285645 17.3968788607362 99 1
2454888.7676403936930001 17.3697491 0.0400127 0
2454888.7685732636600733 17.3590889 0.0380051 0
2454888.7696270835585892 17.3166294 0.0450048 0
2454888.7705732639878988 17.2911186 0.0450043 0
2454888.7715084492228925 17.2696533 0.0440047 0
2454888.7724303239956498 17.2786407 0.0450051 0
2454888.7733620372600853 17.1555214 0.0470077 0
2454888.7743105324916542 17.3890095 0.0480048 0
2454888.7761843749321997 17.3968788607362 99 1
2454888.7771444446407259 17.3968788607362 99 1
2454888.7781050927005708 17.3968788607362 99 1
2454888.7790119214914739 17.3968788607362 99 1
2454888.7799465279094875 17.3968788607362 99 1
2454888.7809378472156823 17.4034996 0.0420073 0
2454888.7818875000812113 17.3866920 0.0390134 0
2454888.7828354164958000 17.3968788607362 99 1
2454888.7837873841635883 17.3968788607362 99 1
2454888.7847306714393198 17.4533138 0.0410054 0
2454888.7856895835138857 17.3905430 0.0420042 0
2454888.7866369211114943 17.3880558 0.0380045 0
2454888.7875900464132428 17.3932667 0.0380084 0
2454888.7885396992787719 17.3640156 0.0390055 0
2454888.7894795136526227 17.4427471 0.0400084 0
