0.941463414634146
2454887.7398140048608184 16.7268410 0.0170074 0
2454887.7406988427974284 16.7266903 0.0160100 0
2454887.7416172455996275 16.7233753 0.0170165 0
2454887.7425315971486270 16.7184830 0.0170133 0
2454887.7434355323202908 16.7336388 0.0160104 0
2454887.7444280092604458 16.7265587 0.0170127 0
2454887.7453365740366280 16.7297421 0.0160110 0
2454887.7462584492750466 16.7221870 0.0160110 0
2454887.7471716436557472 16.7175426 0.0160095 0
2454887.7480946760624647 16.7005444 0.0160065 0
2454887.7490032408386469 16.7272606 0.0160073 0
2454887.7499204860068858 16.6925945 0.0160147 0
2454887.7508365740068257 16.7294121 0.0170071 0
2454887.7517543979920447 16.7745590 0.0170069 0
2454887.7526531252078712 16.7502499 0.0170073 0
2454887.7535726851783693 16.7195301 0.0170048 0
2454887.7544905091635883 16.7312717 0.0170078 0
2454887.7554083331488073 16.7219563 0.0180084 0
2454887.7563325231894851 16.7424679 0.0170147 0
2454887.7572474535554647 16.7257328 0.0180158 0
2454887.7581785880029202 16.7200451 0.0180075 0
2454887.7590917823836207 16.7227840 0.0180115 0
2454887.7600171295925975 16.7273216 0.0180069 0
2454887.7618961804546416 16.7255669 0.0180063 0
2454887.7627902776002884 16.7202358 0.0180242 0
2454887.7637017359957099 16.7438087 0.0180065 0
2454887.7646328704431653 16.7405453 0.0180110 0
2454887.7655541668646038 16.7205582 0.0180081 0
2454887.7664656247943640 16.7078228 0.0190067 0
2454887.7674204860813916 16.6952839 0.0180073 0
2454887.7683498840779066 16.7485275 0.0190052 0
2454887.7693741898983717 16.7395382 0.0200058 0
2454887.7705530091188848 16.7072906 0.0190086 0
2454887.7714465279132128 16.7545547 0.0190090 0
2454887.7723736111074686 16.7322540 0.0210050 0
2454887.7732908562757075 16.7460842 0.0190075 0
2454887.7742555555887520 16.7416821 0.0190056 0
2454887.7751803239807487 16.7616196 0.0210053 0
2454887.7761074071750045 16.7403450 0.0200061 0
2454887.7770414352416992 16.7321701 0.0200092 0
2454887.7779604168608785 16.7585735 0.0190073 0
2454887.7788863424211740 16.7287197 0.0190101 0
2454887.7798122684471309 16.7122555 0.0180063 0
2454887.7807370368391275 16.7017460 0.0190102 0
2454887.7817167825996876 16.7004280 0.0190077 0
2454887.7835888890549541 16.7156277 0.0220161 0
2454887.7844922454096377 16.6772842 0.0220196 0
2454887.7854181714355946 16.7332954 0.0210057 0
2454887.7863481482490897 16.7364140 0.0200061 0
2454887.7872862266376615 16.7299995 0.0210079 0
2454887.7882127314805984 16.7486629 0.0220062 0
2454887.7891357638873160 16.7499332 0.0290057 0
2454887.7900576386600733 16.7619095 0.0310092 0
2454887.7909748842939734 16.7078609 0.0220093 0
2454887.7919089118950069 16.7434540 0.0240096 0
2454887.7928527779877186 16.7103920 0.0220086 0
2454887.7937896992079914 16.7354565 0.0230073 0
2454887.7947162035852671 16.7542877 0.0230068 0
2454887.7956571760587394 16.7321186 0.0280055 0
2454887.7965848380699754 16.7814884 0.0250088 0
2454887.7975275460630655 16.7580051 0.0230119 0
2454887.7985703703016043 16.7315159 0.0260078 0
2454887.7997063659131527 16.7509518 0.0260081 0
2454887.8006496527232230 16.7248573 0.0260307 0
2454887.8016322916373610 16.7848911 0.0260074 0
2454887.8026537038385868 16.7382393 0.0260057 0
2454887.8036947916261852 16.7298679 0.0270085 0
2454887.8047144678421319 16.7321682 0.0270093 0
2454887.8056924766860902 16.7305279 0.0270088 0
2454887.8066947916522622 16.7597485 0.0290078 0
2454887.8085750001482666 16.7529030 0.0300078 0
2454887.8095032409764826 16.7426472 0.0270068 0
2454887.8114725695922971 16.7332554 0.0300116 0
2454887.8123961803503335 16.7856083 0.0300076 0
2454887.8133319444023073 16.7503510 0.0280113 0
2454887.8142671296373010 16.7089405 0.0300095 0
2454887.8152069444768131 16.7689266 0.0320100 0
2454887.8161473381333053 16.7843723 0.0330095 0
2454887.8170964121818542 16.8174267 0.0350133 0
2454887.8191074072383344 16.7224197 0.0300083 0
2454887.8200408564880490 16.7316246 0.0360257 0
2454887.8209934029728174 16.7607136 0.0350222 0
2454887.8219609954394400 16.7833633 0.0340089 0
2454887.8229123842902482 16.7954674 0.0350104 0
2454887.8238782407715917 16.7946320 0.0360134 0
2454887.8248504628427327 16.7426701 0.0390218 0
2454887.8258990738540888 16.7349262 0.0510143 0
2454887.8268562499433756 16.7891006 0.0470283 0
2454887.8278082176111639 16.6989040 0.0380115 0
2454887.8287613424472511 16.7343597 0.0500204 0
2454887.8297381945885718 16.7753410 0.0500107 0
2454887.8306537037715316 16.7445101051813 99 1
2454887.8315848377533257 16.7324600 0.0500129 0
2454887.8325101854279637 16.7480640 0.0520198 0
2454887.8334546294063330 16.7478523 0.0480757 0
2454888.6674447916448116 16.7701893 0.0190117 0
2454888.6683608796447515 16.7480545 0.0170187 0
2454888.6692607640288770 16.7554379 0.0170153 0
2454888.6701681711710989 16.7289925 0.0180202 0
2454888.6710802083835006 16.7498722 0.0170260 0
2454888.6719829859212041 16.7868900 0.0170092 0
2454888.6729060183279216 16.7217655 0.0180122 0
2454888.6738012731075287 16.7580681 0.0170190 0
2454888.6747040511108935 16.7786674 0.0180252 0
2454888.6756184026598930 16.7556725 0.0170106 0
2454888.6765431715175509 16.7651997 0.0170125 0
2454888.6774395834654570 16.7517643 0.0170124 0
2454888.6895935186184943 16.7195072 0.0180051 0
2454888.6905084489844739 16.7353039 0.0170060 0
2454888.6914349538274109 16.7375469 0.0170072 0
2454888.6923412038013339 16.7658443 0.0190092 0
2454888.6932462961412966 16.7126560 0.0190059 0
2454888.6941357636824250 16.7194786 0.0200056 0
2454888.6950402776710689 16.7673054 0.0220047 0
2454888.6959453704766929 16.7201576 0.0200061 0
2454888.6968608796596527 16.7347546 0.0190055 0
2454888.7025194442830980 16.7387428 0.0340080 0
2454888.7034413195215166 16.7558651 0.0390058 0
2454888.7043498842976987 16.7550602 0.0400057 0
2454888.7072759261354804 16.6913242 0.0330061 0
2454888.7081872685812414 16.8107452 0.0390075 0
2454888.7090981481596828 16.7235699 0.0400073 0
2454888.7100136573426425 16.7535305 0.0520063 0
2454888.7109413193538785 16.7509384 0.0470076 0
2454888.7118799770250916 16.7829514 0.0470071 0
2454888.7128006946295500 16.7823772 0.0560079 0
2454888.7137162038125098 16.7760582 0.0480061 0
2454888.7146427081897855 16.8201046 0.0500105 0
2454888.7155553242191672 16.7269592 0.0460192 0
2454888.7165379631333053 16.6665306 0.0420058 0
2454888.7174476850777864 16.7773170 0.0500086 0
2454888.7183736111037433 16.7997456 0.0620054 0
2454888.7193006942979991 16.7423973 0.0500080 0
2454888.7211502315476537 16.7445101051813 99 1
2454888.7220478011295199 16.7445101051813 99 1
2454888.7229563659057021 16.7445101051813 99 1
2454888.7238770835101604 16.7445101051813 99 1
2454888.7247787038795650 16.7445101051813 99 1
2454888.7256785877980292 16.7926273 0.0850107 0
2454888.7266351850703359 16.7399559 0.0490047 0
2454888.7275616899132729 16.7782478 0.0450050 0
2454888.7284939815290272 16.7638054 0.0360058 0
2454888.7294222223572433 16.7467976 0.0370053 0
2454888.7312717591412365 16.7563076 0.0420077 0
2454888.7321843751706183 16.7479839 0.0380072 0
2454888.7331114583648741 16.7697048 0.0320051 0
2454888.7340130787342787 16.7011719 0.0280047 0
2454888.7349737267941236 16.7655506 0.0290047 0
2454888.7358950232155621 16.7767982 0.0320065 0
2454888.7368302084505558 16.7374020 0.0280135 0
2454888.7377503472380340 16.7239342 0.0270065 0
2454888.7386693288572133 16.7956848 0.0310076 0
2454888.7395883100107312 16.7788277 0.0270095 0
2454888.7405211804434657 16.7901745 0.0260042 0
2454888.7414523148909211 16.7392464 0.0240063 0
2454888.7423770832829177 16.7090855 0.0250076 0
2454888.7433151621371508 16.7595310 0.0250063 0
2454888.7442549769766629 16.7569103 0.0250046 0
2454888.7451936341822147 16.7525425 0.0280070 0
2454888.7461322918534279 16.7951374 0.0300063 0
2454888.7470535878092051 16.7919769 0.0240074 0
2454888.7479812498204410 16.6924992 0.0310103 0
2454888.7489129630848765 16.7371063 0.0240038 0
2454888.7498718751594424 16.7734203 0.0290051 0
2454888.7507966435514390 16.7199116 0.0250052 0
2454888.7517289351671934 16.7237053 0.0250051 0
2454888.7526432871818542 16.7455940 0.0320094 0
2454888.7535784724168479 16.7179451 0.0260055 0
2454888.7545165508054197 16.7448616 0.0280070 0
2454888.7554476852528751 16.7328911 0.0230070 0
2454888.7563805556856096 16.7542439 0.0230073 0
2454888.7573082176968455 16.7394829 0.0250052 0
2454888.7582358797080815 16.7708855 0.0260077 0
2454888.7591681713238358 16.7403698 0.0240049 0
2454888.7600981481373310 16.7391624 0.0250059 0
2454888.7610315973870456 16.7466736 0.0240056 0
2454888.7619598377496004 16.7550831 0.0250071 0
2454888.7628956018015742 16.7400112 0.0250085 0
2454888.7638631942681968 16.7918701 0.0290052 0
2454888.7647983795031905 16.7433167 0.0240088 0
2454888.7657763888128102 16.7273273 0.0260077 0
2454888.7667086804285645 16.7806797 0.0290062 0
2454888.7676403936930001 16.7627487 0.0270189 0
2454888.7685732636600733 16.7210884 0.0250077 0
2454888.7696270835585892 16.7136288 0.0290075 0
2454888.7705732639878988 16.7311172 0.0300065 0
2454888.7715084492228925 16.7586536 0.0310067 0
2454888.7724303239956498 16.7006416 0.0320072 0
2454888.7733620372600853 16.7825222 0.0370097 0
2454888.7743105324916542 16.7770081 0.0300077 0
2454888.7761843749321997 16.7824326 0.0520092 0
2454888.7771444446407259 16.7445101051813 99 1
2454888.7781050927005708 16.7445101051813 99 1
2454888.7790119214914739 16.7445101051813 99 1
2454888.7799465279094875 16.7445101051813 99 1
2454888.7809378472156823 16.7504997 0.0250123 0
2454888.7818875000812113 16.7696915 0.0260201 0
2454888.7828354164958000 16.7445101051813 99 1
2454888.7837873841635883 16.7445101051813 99 1
2454888.7847306714393198 16.7083130 0.0240093 0
2454888.7856895835138857 16.7505417 0.0250070 0
2454888.7866369211114943 16.7230568 0.0230074 0
2454888.7875900464132428 16.7432671 0.0240134 0
2454888.7885396992787719 16.7550144 0.0250085 0
2454888.7894795136526227 16.7707481 0.0250135 0
