0.439024390243902
2454887.7398140048608184 17.6868420 0.0380033 0
2454887.7406988427974284 17.7746887 0.0390041 0
2454887.7416172455996275 17.7183762 0.0430065 0
2454887.7425315971486270 17.7094841 0.0380060 0
2454887.7434355323202908 17.7886391 0.0410040 0
2454887.7444280092604458 17.7205601 0.0390055 0
2454887.7453365740366280 17.7047405 0.0400044 0
2454887.7462584492750466 17.7331867 0.0390045 0
2454887.7471716436557472 17.7405434 0.0390039 0
2454887.7480946760624647 17.7025452 0.0390027 0
2454887.7490032408386469 17.7542610 0.0450026 0
2454887.7499204860068858 17.7775955 0.0410057 0
2454887.7508365740068257 17.7894115 0.0440027 0
2454887.7517543979920447 17.7755604 0.0400029 0
2454887.7526531252078712 17.7632484 0.0430029 0
2454887.7535726851783693 17.7165298 0.0400021 0
2454887.7544905091635883 17.7842731 0.0440030 0
2454887.7554083331488073 17.7059555 0.0450033 0
2454887.7563325231894851 17.7304688 0.0440057 0
2454887.7572474535554647 17.7247334 0.0440065 0
2454887.7581785880029202 17.7250443 0.0450030 0
2454887.7590917823836207 17.7267838 0.0470044 0
2454887.7600171295925975 17.7313232 0.0450028 0
2454887.7618961804546416 17.7295666 0.0430026 0
2454887.7627902776002884 17.7752361 0.0430101 0
2454887.7637017359957099 17.7118092 0.0410028 0
2454887.7646328704431653 17.7095432 0.0430046 0
2454887.7655541668646038 17.6955585 0.0460032 0
2454887.7664656247943640 17.6518230 0.0430030 0
2454887.7674204860813916 17.4992828 0.0450029 0
2454887.7683498840779066 17.6525269 0.0440022 0
2454887.7693741898983717 17.4935379 0.0520022 0
2454887.7705530091188848 17.5362911 0.0410040 0
2454887.7714465279132128 17.7235546 0.0490035 0
2454887.7723736111074686 17.3922558 0.0400026 0
2454887.7732908562757075 17.6930847 0.0500029 0
2454887.7742555555887520 17.6596813 0.0460023 0
2454887.7751803239807487 17.5386200 0.0480023 0
2454887.7761074071750045 17.6853447 0.0450027 0
2454887.7770414352416992 17.4371700 0.0460040 0
2454887.7779604168608785 17.6565742 0.0450031 0
2454887.7788863424211740 17.7207203 0.0510038 0
2454887.7798122684471309 17.7452564 0.0470024 0
2454887.7807370368391275 17.6977463 0.0450043 0
2454887.7817167825996876 17.7074299 0.0460032 0
2454887.7835888890549541 17.4416294 0.0470075 0
2454887.7844922454096377 17.1792850 0.0400108 0
2454887.7854181714355946 17.5312958 0.0440027 0
2454887.7863481482490897 17.6224136 0.0510024 0
2454887.7872862266376615 17.5319996 0.0440038 0
2454887.7882127314805984 17.2686634 0.0430032 0
2454887.7891357638873160 17.4666546077778 99 1
2454887.7900576386600733 17.4666546077778 99 1
2454887.7909748842939734 17.3558617 0.0440046 0
2454887.7919089118950069 17.2254524 0.0500046 0
2454887.7928527779877186 17.3463917 0.0440043 0
2454887.7937896992079914 17.3964558 0.0540031 0
2454887.7947162035852671 17.2982883 0.0440036 0
2454887.7956571760587394 17.4666546077778 99 1
2454887.7965848380699754 17.2244892 0.0400055 0
2454887.7975275460630655 17.4666546077778 99 1
2454887.7985703703016043 17.1485157 0.0410049 0
2454887.7997063659131527 17.4666546077778 99 1
2454887.8006496527232230 17.2768574 0.0470170 0
2454887.8016322916373610 17.4666546077778 99 1
2454887.8026537038385868 17.1632385 0.0420035 0
2454887.8036947916261852 17.4666546077778 99 1
2454887.8047144678421319 17.4666546077778 99 1
2454887.8056924766860902 17.2755280 0.0550043 0
2454887.8066947916522622 17.4666546077778 99 1
2454887.8085750001482666 16.7949028 0.0370063 0
2454887.8095032409764826 17.4666546077778 99 1
2454887.8114725695922971 17.4666546077778 99 1
2454887.8123961803503335 17.4666546077778 99 1
2454887.8133319444023073 17.4666546077778 99 1
2454887.8142671296373010 17.4666546077778 99 1
2454887.8152069444768131 17.4666546077778 99 1
2454887.8161473381333053 17.4666546077778 99 1
2454887.8170964121818542 17.4666546077778 99 1
2454887.8191074072383344 17.4666546077778 99 1
2454887.8200408564880490 17.4666546077778 99 1
2454887.8209934029728174 17.4666546077778 99 1
2454887.8219609954394400 17.4666546077778 99 1
2454887.8229123842902482 17.4666546077778 99 1
2454887.8238782407715917 17.4666546077778 99 1
2454887.8248504628427327 17.4666546077778 99 1
2454887.8258990738540888 17.4666546077778 99 1
2454887.8268562499433756 17.4666546077778 99 1
2454887.8278082176111639 17.4666546077778 99 1
2454887.8287613424472511 17.4666546077778 99 1
2454887.8297381945885718 17.4666546077778 99 1
2454887.8306537037715316 17.4666546077778 99 1
2454887.8315848377533257 17.4666546077778 99 1
2454887.8325101854279637 17.4666546077778 99 1
2454887.8334546294063330 17.4666546077778 99 1
2454888.6674447916448116 16.8561897 0.0270082 0
2454888.6683608796447515 17.3920536 0.0350091 0
2454888.6692607640288770 17.2484379 0.0380069 0
2454888.6701681711710989 17.2889938 0.0320113 0
2454888.6710802083835006 17.3198719 0.0340130 0
2454888.6719829859212041 17.2728882 0.0310050 0
2454888.6729060183279216 17.0187645 0.0310071 0
2454888.6738012731075287 17.3640690 0.0330098 0
2454888.6747040511108935 17.2276688 0.0350130 0
2454888.6756184026598930 17.5226727 0.0350052 0
2454888.6765431715175509 17.3092003 0.0330065 0
2454888.6774395834654570 17.4207649 0.0330064 0
2454888.6895935186184943 17.5215054 0.0400023 0
2454888.6905084489844739 17.5273037 0.0410025 0
2454888.6914349538274109 17.5825481 0.0390031 0
2454888.6923412038013339 17.4128437 0.0440040 0
2454888.6932462961412966 17.3866577 0.0360031 0
2454888.6941357636824250 16.8284798 0.0290039 0
2454888.6950402776710689 17.1793041 0.0350030 0
2454888.6959453704766929 17.0981579 0.0340036 0
2454888.6968608796596527 17.3867531 0.0380027 0
2454888.7025194442830980 17.4666546077778 99 1
2454888.7034413195215166 17.4666546077778 99 1
2454888.7043498842976987 17.4666546077778 99 1
2454888.7072759261354804 17.4666546077778 99 1
2454888.7081872685812414 17.4666546077778 99 1
2454888.7090981481596828 17.4666546077778 99 1
2454888.7100136573426425 17.4666546077778 99 1
2454888.7109413193538785 17.4666546077778 99 1
2454888.7118799770250916 17.4666546077778 99 1
2454888.7128006946295500 17.4666546077778 99 1
2454888.7137162038125098 17.4666546077778 99 1
2454888.7146427081897855 17.4666546077778 99 1
2454888.7155553242191672 17.4666546077778 99 1
2454888.7165379631333053 17.4666546077778 99 1
2454888.7174476850777864 17.4666546077778 99 1
2454888.7183736111037433 17.4666546077778 99 1
2454888.7193006942979991 17.4666546077778 99 1
2454888.7211502315476537 17.4666546077778 99 1
2454888.7220478011295199 17.4666546077778 99 1
2454888.7229563659057021 17.4666546077778 99 1
2454888.7238770835101604 17.4666546077778 99 1
2454888.7247787038795650 17.4666546077778 99 1
2454888.7256785877980292 17.4666546077778 99 1
2454888.7266351850703359 17.4666546077778 99 1
2454888.7275616899132729 17.4666546077778 99 1
2454888.7284939815290272 17.0998058 0.0740028 0
2454888.7294222223572433 17.4666546077778 99 1
2454888.7312717591412365 17.4666546077778 99 1
2454888.7321843751706183 17.4666546077778 99 1
2454888.7331114583648741 17.4666546077778 99 1
2454888.7340130787342787 17.4666546077778 99 1
2454888.7349737267941236 17.4666546077778 99 1
2454888.7358950232155621 17.4666546077778 99 1
2454888.7368302084505558 17.4666546077778 99 1
2454888.7377503472380340 17.4666546077778 99 1
2454888.7386693288572133 17.4666546077778 99 1
2454888.7395883100107312 17.4666546077778 99 1
2454888.7405211804434657 17.4666546077778 99 1
2454888.7414523148909211 17.4666546077778 99 1
2454888.7423770832829177 17.4666546077778 99 1
2454888.7433151621371508 17.4666546077778 99 1
2454888.7442549769766629 17.4666546077778 99 1
2454888.7451936341822147 17.4666546077778 99 1
2454888.7461322918534279 17.4666546077778 99 1
2454888.7470535878092051 17.4666546077778 99 1
2454888.7479812498204410 17.4666546077778 99 1
2454888.7489129630848765 17.4666546077778 99 1
2454888.7498718751594424 17.4666546077778 99 1
2454888.7507966435514390 17.4666546077778 99 1
2454888.7517289351671934 17.4666546077778 99 1
2454888.7526432871818542 17.4666546077778 99 1
2454888.7535784724168479 17.4666546077778 99 1
2454888.7545165508054197 17.4666546077778 99 1
2454888.7554476852528751 17.4666546077778 99 1
2454888.7563805556856096 17.4666546077778 99 1
2454888.7573082176968455 17.4666546077778 99 1
2454888.7582358797080815 17.4666546077778 99 1
2454888.7591681713238358 17.4666546077778 99 1
2454888.7600981481373310 17.4666546077778 99 1
2454888.7610315973870456 16.2046738 0.0180075 0
2454888.7619598377496004 17.4666546077778 99 1
2454888.7628956018015742 17.4666546077778 99 1
2454888.7638631942681968 17.4666546077778 99 1
2454888.7647983795031905 17.4666546077778 99 1
2454888.7657763888128102 17.4666546077778 99 1
2454888.7667086804285645 17.4666546077778 99 1
2454888.7676403936930001 17.4666546077778 99 1
2454888.7685732636600733 17.4666546077778 99 1
2454888.7696270835585892 17.4666546077778 99 1
2454888.7705732639878988 17.4666546077778 99 1
2454888.7715084492228925 17.4666546077778 99 1
2454888.7724303239956498 17.4666546077778 99 1
2454888.7733620372600853 17.4666546077778 99 1
2454888.7743105324916542 17.4666546077778 99 1
2454888.7761843749321997 17.4666546077778 99 1
2454888.7771444446407259 17.4666546077778 99 1
2454888.7781050927005708 17.4666546077778 99 1
2454888.7790119214914739 17.4666546077778 99 1
2454888.7799465279094875 17.4666546077778 99 1
2454888.7809378472156823 17.4666546077778 99 1
2454888.7818875000812113 17.4666546077778 99 1
2454888.7828354164958000 17.4666546077778 99 1
2454888.7837873841635883 17.4666546077778 99 1
2454888.7847306714393198 17.4666546077778 99 1
2454888.7856895835138857 16.6725426 0.0290060 0
2454888.7866369211114943 17.2410564 0.0480035 0
2454888.7875900464132428 17.3632679 0.0440073 0
2454888.7885396992787719 17.1960144 0.0490043 0
2454888.7894795136526227 16.8777485 0.0340099 0
