0.980487804878049
2454887.7398140048608184 15.3878422 0.0070179 0
2454887.7406988427974284 15.3976898 0.0070229 0
2454887.7416172455996275 15.3833752 0.0070400 0
2454887.7425315971486270 15.3824825 0.0070323 0
2454887.7434355323202908 15.3946390 0.0070237 0
2454887.7444280092604458 15.3835573 0.0080270 0
2454887.7453365740366280 15.3907413 0.0070252 0
2454887.7462584492750466 15.3951874 0.0070251 0
2454887.7471716436557472 15.3915434 0.0070217 0
2454887.7480946760624647 15.3805447 0.0070148 0
2454887.7490032408386469 15.3692608 0.0070167 0
2454887.7499204860068858 15.3895941 0.0070334 0
2454887.7508365740068257 15.3584118 0.0070172 0
2454887.7517543979920447 15.3885593 0.0080145 0
2454887.7526531252078712 15.3712473 0.0070176 0
2454887.7535726851783693 15.3845310 0.0080103 0
2454887.7544905091635883 15.3722725 0.0070188 0
2454887.7554083331488073 15.3789549 0.0080188 0
2454887.7563325231894851 15.3764677 0.0080312 0
2454887.7572474535554647 15.3657331 0.0080354 0
2454887.7581785880029202 15.3950443 0.0080169 0
2454887.7590917823836207 15.3897820 0.0080259 0
2454887.7600171295925975 15.3903236 0.0080155 0
2454887.7618961804546416 15.3665667 0.0080141 0
2454887.7627902776002884 15.3982363 0.0080542 0
2454887.7637017359957099 15.3878107 0.0080145 0
2454887.7646328704431653 15.3835430 0.0080247 0
2454887.7655541668646038 15.3725567 0.0080182 0
2454887.7664656247943640 15.3648233 0.0080159 0
2454887.7674204860813916 15.3752832 0.0080165 0
2454887.7683498840779066 15.3775291 0.0080124 0
2454887.7693741898983717 15.3635387 0.0080144 0
2454887.7705530091188848 15.3842907 0.0080205 0
2454887.7714465279132128 15.3845558 0.0080214 0
2454887.7723736111074686 15.3702545 0.0080131 0
2454887.7732908562757075 15.3710833 0.0080179 0
2454887.7742555555887520 15.3816824 0.0080134 0
2454887.7751803239807487 15.3896208 0.0080139 0
2454887.7761074071750045 15.3733454 0.0080152 0
2454887.7770414352416992 15.3801708 0.0080230 0
2454887.7779604168608785 15.3915749 0.0080173 0
2454887.7788863424211740 15.3927202 0.0080241 0
2454887.7798122684471309 15.3982553 0.0080141 0
2454887.7807370368391275 15.3887463 0.0080242 0
2454887.7817167825996876 15.3944292 0.0080183 0
2454887.7835888890549541 15.3966293 0.0090392 0
2454887.7844922454096377 15.4032841 0.0090477 0
2454887.7854181714355946 15.3672943 0.0080149 0
2454887.7863481482490897 15.3774137 0.0080152 0
2454887.7872862266376615 15.3979988 0.0080208 0
2454887.7882127314805984 15.3696623 0.0090151 0
2454887.7891357638873160 15.3639345 0.0100165 0
2454887.7900576386600733 15.3609095 0.0100284 0
2454887.7909748842939734 15.3668613 0.0090227 0
2454887.7919089118950069 15.3714514 0.0090255 0
2454887.7928527779877186 15.3863907 0.0090210 0
2454887.7937896992079914 15.3904543 0.0090186 0
2454887.7947162035852671 15.3782873 0.0090175 0
2454887.7956571760587394 15.3591194 0.0100154 0
2454887.7965848380699754 15.3844881 0.0090244 0
2454887.7975275460630655 15.3940048 0.0090305 0
2454887.7985703703016043 15.3735151 0.0090224 0
2454887.7997063659131527 15.3679504 0.0100211 0
2454887.8006496527232230 15.3708601 0.0090884 0
2454887.8016322916373610 15.3668909 0.0090213 0
2454887.8026537038385868 15.3782377 0.0100148 0
2454887.8036947916261852 15.3668680 0.0100229 0
2454887.8047144678421319 15.3931675 0.0100251 0
2454887.8056924766860902 15.3965282 0.0100236 0
2454887.8066947916522622 15.3517475 0.0100226 0
2454887.8085750001482666 15.3829041 0.0100233 0
2454887.8095032409764826 15.3886490 0.0100185 0
2454887.8114725695922971 15.3652563 0.0100348 0
2454887.8123961803503335 15.3706083 0.0100229 0
2454887.8133319444023073 15.3783493 0.0100317 0
2454887.8142671296373010 15.3799400 0.0110258 0
2454887.8152069444768131 15.3629265 0.0100318 0
2454887.8161473381333053 15.3563728 0.0110285 0
2454887.8170964121818542 15.3674259 0.0110423 0
2454887.8191074072383344 15.3644199 0.0110227 0
2454887.8200408564880490 15.3866234 0.0110839 0
2454887.8209934029728174 15.3687143 0.0110703 0
2454887.8219609954394400 15.3563643 0.0110274 0
2454887.8229123842902482 15.3824673 0.0110331 0
2454887.8238782407715917 15.4106321 0.0120402 0
2454887.8248504628427327 15.3686686 0.0130654 0
2454887.8258990738540888 15.3929234 0.0150486 0
2454887.8268562499433756 15.3991013 0.0140949 0
2454887.8278082176111639 15.3759031 0.0120364 0
2454887.8287613424472511 15.3903599 0.0150679 0
2454887.8297381945885718 15.3293419 0.0130409 0
2454887.8306537037715316 15.4214478 0.0151261 0
2454887.8315848377533257 15.4054623 0.0160403 0
2454887.8325101854279637 15.4010649 0.0160644 0
2454887.8334546294063330 15.4258537 0.0162256 0
2454888.6674447916448116 15.3721886 0.0080276 0
2454888.6683608796447515 15.3740549 0.0070453 0
2454888.6692607640288770 15.3604374 0.0070371 0
2454888.6701681711710989 15.3759928 0.0080453 0
2454888.6710802083835006 15.3808708 0.0070630 0
2454888.6719829859212041 15.3658895 0.0070223 0
2454888.6729060183279216 15.3587656 0.0070314 0
2454888.6738012731075287 15.3690681 0.0070460 0
2454888.6747040511108935 15.3636675 0.0070646 0
2454888.6756184026598930 15.3706732 0.0070258 0
2454888.6765431715175509 15.3692007 0.0070304 0
2454888.6774395834654570 15.3767653 0.0070300 0
2454888.6895935186184943 15.3755074 0.0080114 0
2454888.6905084489844739 15.3813028 0.0070147 0
2454888.6914349538274109 15.3725462 0.0070174 0
2454888.6923412038013339 15.3848448 0.0080218 0
2454888.6932462961412966 15.3696566 0.0080139 0
2454888.6941357636824250 15.3724775 0.0080140 0
2454888.6950402776710689 15.3493052 0.0080130 0
2454888.6959453704766929 15.3581581 0.0080153 0
2454888.6968608796596527 15.3817539 0.0080130 0
2454888.7025194442830980 15.3597422 0.0120225 0
2454888.7034413195215166 15.3518639 0.0120190 0
2454888.7043498842976987 15.3620596 0.0130175 0
2454888.7072759261354804 15.3683233 0.0120168 0
2454888.7081872685812414 15.3367434 0.0120244 0
2454888.7090981481596828 15.3785715 0.0130224 0
2454888.7100136573426425 15.3365307 0.0150218 0
2454888.7109413193538785 15.3549395 0.0150237 0
2454888.7118799770250916 15.3529510 0.0140239 0
2454888.7128006946295500 15.3933783 0.0170261 0
2454888.7137162038125098 15.3560591 0.0150196 0
2454888.7146427081897855 15.3451042 0.0140376 0
2454888.7155553242191672 15.3459606 0.0160551 0
2454888.7165379631333053 15.3815289 0.0140175 0
2454888.7174476850777864 15.3393183 0.0150287 0
2454888.7183736111037433 15.3577442 0.0170196 0
2454888.7193006942979991 15.3473969 0.0150265 0
2454888.7211502315476537 15.3298521 0.0210379 0
2454888.7220478011295199 15.4181156 0.0300309 0
2454888.7229563659057021 15.3550806 0.0370311 0
2454888.7238770835101604 15.3158331 0.0600452 0
2454888.7247787038795650 15.3274984 0.0420384 0
2454888.7256785877980292 15.3396292 0.0240379 0
2454888.7266351850703359 15.3319559 0.0150155 0
2454888.7275616899132729 15.3552485 0.0140159 0
2454888.7284939815290272 15.3618040 0.0120173 0
2454888.7294222223572433 15.3957987 0.0130152 0
2454888.7312717591412365 15.3473072 0.0130247 0
2454888.7321843751706183 15.3459845 0.0120227 0
2454888.7331114583648741 15.3587036 0.0110149 0
2454888.7340130787342787 15.3571739 0.0110120 0
2454888.7349737267941236 15.3685503 0.0100135 0
2454888.7358950232155621 15.3487997 0.0110188 0
2454888.7368302084505558 15.3524027 0.0100377 0
2454888.7377503472380340 15.3699341 0.0100176 0
2454888.7386693288572133 15.3706837 0.0090261 0
2454888.7395883100107312 15.3568268 0.0090285 0
2454888.7405211804434657 15.3521748 0.0090121 0
2454888.7414523148909211 15.3562469 0.0090169 0
2454888.7423770832829177 15.3690863 0.0090210 0
2454888.7433151621371508 15.3535318 0.0090174 0
2454888.7442549769766629 15.3729115 0.0090128 0
2454888.7451936341822147 15.3705425 0.0090216 0
2454888.7461322918534279 15.3591385 0.0100189 0
2454888.7470535878092051 15.3739767 0.0090198 0
2454888.7479812498204410 15.3315010 0.0110289 0
2454888.7489129630848765 15.3751040 0.0090102 0
2454888.7498718751594424 15.3544207 0.0090164 0
2454888.7507966435514390 15.3439112 0.0090144 0
2454888.7517289351671934 15.3517075 0.0090140 0
2454888.7526432871818542 15.3395939 0.0100301 0
2454888.7535784724168479 15.3589468 0.0090160 0
2454888.7545165508054197 15.3498611 0.0090217 0
2454888.7554476852528751 15.3618898 0.0090179 0
2454888.7563805556856096 15.3602438 0.0090186 0
2454888.7573082176968455 15.3734846 0.0090144 0
2454888.7582358797080815 15.3618832 0.0090221 0
2454888.7591681713238358 15.3603697 0.0090129 0
2454888.7600981481373310 15.3501606 0.0090162 0
2454888.7610315973870456 15.3656750 0.0090150 0
2454888.7619598377496004 15.3670835 0.0090198 0
2454888.7628956018015742 15.3740110 0.0090237 0
2454888.7638631942681968 15.3658695 0.0100150 0
2454888.7647983795031905 15.3733168 0.0090234 0
2454888.7657763888128102 15.3683281 0.0090222 0
2454888.7667086804285645 15.3656826 0.0100180 0
2454888.7676403936930001 15.3517475 0.0090564 0
2454888.7685732636600733 15.3720875 0.0090214 0
2454888.7696270835585892 15.3596287 0.0100216 0
2454888.7705732639878988 15.3601179 0.0100195 0
2454888.7715084492228925 15.3676548 0.0100208 0
2454888.7724303239956498 15.3516417 0.0110208 0
2454888.7733620372600853 15.3635216 0.0110327 0
2454888.7743105324916542 15.3630085 0.0100231 0
2454888.7761843749321997 15.3704319 0.0160300 0
2454888.7771444446407259 15.3469353 0.0212973 0
2454888.7781050927005708 15.4683762 0.0361317 0
2454888.7790119214914739 15.3710676328358 99 1
2454888.7799465279094875 15.3710676328358 99 1
2454888.7809378472156823 15.3505011 0.0090341 0
2454888.7818875000812113 15.3676891 0.0090579 0
2454888.7828354164958000 15.3710676328358 99 1
2454888.7837873841635883 15.3710676328358 99 1
2454888.7847306714393198 15.3723135 0.0090247 0
2454888.7856895835138857 15.3745413 0.0090194 0
2454888.7866369211114943 15.3640566 0.0090188 0
2454888.7875900464132428 15.3652678 0.0090356 0
2454888.7885396992787719 15.3590145 0.0090236 0
2454888.7894795136526227 15.3627481 0.0090374 0
