0.882926829268293
2454887.7398140048608184 17.1608410 0.0210060 0
2454887.7406988427974284 17.2226887 0.0220073 0
2454887.7416172455996275 17.2063770 0.0230122 0
2454887.7425315971486270 17.1954842 0.0220103 0
2454887.7434355323202908 17.1606388 0.0210079 0
2454887.7444280092604458 17.1665592 0.0220098 0
2454887.7453365740366280 17.1647415 0.0210084 0
2454887.7462584492750466 17.1881866 0.0220080 0
2454887.7471716436557472 17.1725445 0.0210072 0
2454887.7480946760624647 17.1935444 0.0220047 0
2454887.7490032408386469 17.1502609 0.0210056 0
2454887.7499204860068858 17.1955948 0.0230102 0
2454887.7508365740068257 17.2064114 0.0220055 0
2454887.7517543979920447 17.2105598 0.0230051 0
2454887.7526531252078712 17.1882477 0.0220056 0
2454887.7535726851783693 17.1835289 0.0220037 0
2454887.7544905091635883 17.1672726 0.0230057 0
2454887.7554083331488073 17.1519547 0.0240063 0
2454887.7563325231894851 17.1864681 0.0230109 0
2454887.7572474535554647 17.2107334 0.0260109 0
2454887.7581785880029202 17.1830444 0.0240057 0
2454887.7590917823836207 17.1477833 0.0240086 0
2454887.7600171295925975 17.1723232 0.0230054 0
2454887.7618961804546416 17.1385670 0.0220051 0
2454887.7627902776002884 17.1902351 0.0230189 0
2454887.7637017359957099 17.1548100 0.0230050 0
2454887.7646328704431653 17.1545448 0.0230086 0
2454887.7655541668646038 17.2455578 0.0260056 0
2454887.7664656247943640 17.1718216 0.0250051 0
2454887.7674204860813916 17.2052841 0.0270049 0
2454887.7683498840779066 17.1185284 0.0230043 0
2454887.7693741898983717 17.1665382 0.0260044 0
2454887.7705530091188848 17.1652908 0.0260063 0
2454887.7714465279132128 17.2315540 0.0260066 0
2454887.7723736111074686 17.1882553 0.0290036 0
2454887.7732908562757075 17.1990852 0.0250057 0
2454887.7742555555887520 17.1726818 0.0260041 0
2454887.7751803239807487 17.1866188 0.0260043 0
2454887.7761074071750045 17.1723442 0.0260047 0
2454887.7770414352416992 17.1631718 0.0270068 0
2454887.7779604168608785 17.1685734 0.0260053 0
2454887.7788863424211740 17.1647205 0.0260074 0
2454887.7798122684471309 17.2192554 0.0250045 0
2454887.7807370368391275 17.1697464 0.0260074 0
2454887.7817167825996876 17.1454296 0.0250059 0
2454887.7835888890549541 17.2036285 0.0300118 0
2454887.7844922454096377 17.1782856 0.0310139 0
2454887.7854181714355946 17.1832962 0.0280043 0
2454887.7863481482490897 17.1264153 0.0260047 0
2454887.7872862266376615 17.1909981 0.0290057 0
2454887.7882127314805984 17.1696644 0.0290047 0
2454887.7891357638873160 17.1019344 0.0360046 0
2454887.7900576386600733 17.2219086 0.0440065 0
2454887.7909748842939734 17.2018623 0.0320064 0
2454887.7919089118950069 17.2014542 0.0320072 0
2454887.7928527779877186 17.1893902 0.0320059 0
2454887.7937896992079914 17.1784554 0.0310054 0
2454887.7947162035852671 17.1952877 0.0330048 0
2454887.7956571760587394 17.2421188 0.0400038 0
2454887.7965848380699754 17.1704884 0.0330067 0
2454887.7975275460630655 17.1730061 0.0320086 0
2454887.7985703703016043 17.1815147 0.0350058 0
2454887.7997063659131527 17.1309509 0.0340062 0
2454887.8006496527232230 17.1738586 0.0350228 0
2454887.8016322916373610 17.2088909 0.0350055 0
2454887.8026537038385868 17.2252388 0.0370040 0
2454887.8036947916261852 17.1918678 0.0360064 0
2454887.8047144678421319 17.2031670 0.0390064 0
2454887.8056924766860902 17.1635284 0.0360066 0
2454887.8066947916522622 17.1797485 0.0400057 0
2454887.8085750001482666 17.1659031 0.0400058 0
2454887.8095032409764826 17.2256470 0.0380049 0
2454887.8114725695922971 17.1002560 0.0390089 0
2454887.8123961803503335 17.1326084 0.0380060 0
2454887.8133319444023073 17.1553497 0.0380084 0
2454887.8142671296373010 17.1629410 0.0420068 0
2454887.8152069444768131 17.1929264 0.0430074 0
2454887.8161473381333053 17.1803722 0.0440071 0
2454887.8170964121818542 17.1514282 0.0440106 0
2454887.8191074072383344 17.1294193 0.0430058 0
2454887.8200408564880490 17.1742310104972 99 1
2454887.8209934029728174 17.2357121 0.0500155 0
2454887.8219609954394400 17.0913639 0.0430070 0
2454887.8229123842902482 17.2104664 0.0470078 0
2454887.8238782407715917 17.1416321 0.0490098 0
2454887.8248504628427327 17.1576691 0.0520164 0
2454887.8258990738540888 17.1679249 0.0650112 0
2454887.8268562499433756 17.2180996 0.0630212 0
2454887.8278082176111639 17.2469025 0.0570077 0
2454887.8287613424472511 17.2683601 0.0720142 0
2454887.8297381945885718 17.1203423 0.0630084 0
2454887.8306537037715316 17.0494461 0.0570333 0
2454887.8315848377533257 17.1304607 0.0660098 0
2454887.8325101854279637 17.1742310104972 99 1
2454887.8334546294063330 17.1742310104972 99 1
2454888.6674447916448116 17.1271896 0.0250089 0
2454888.6683608796447515 17.1500549 0.0230138 0
2454888.6692607640288770 17.1814384 0.0230113 0
2454888.6701681711710989 17.1379929 0.0220165 0
2454888.6710802083835006 17.1548729 0.0220201 0
2454888.6719829859212041 17.1428890 0.0220071 0
2454888.6729060183279216 17.1167641 0.0240092 0
2454888.6738012731075287 17.1250687 0.0220147 0
2454888.6747040511108935 17.0996685 0.0220206 0
2454888.6756184026598930 17.1346722 0.0210086 0
2454888.6765431715175509 17.1031990 0.0210101 0
2454888.6774395834654570 17.1517639 0.0220096 0
2454888.6895935186184943 17.1775055 0.0240038 0
2454888.6905084489844739 17.1833038 0.0220047 0
2454888.6914349538274109 17.1785469 0.0230053 0
2454888.6923412038013339 17.1398430 0.0240073 0
2454888.6932462961412966 17.1276550 0.0250045 0
2454888.6941357636824250 17.1654778 0.0270042 0
2454888.6950402776710689 17.1703053 0.0270039 0
2454888.6959453704766929 17.1791592 0.0270046 0
2454888.6968608796596527 17.1767540 0.0250042 0
2454888.7025194442830980 17.1447411 0.0450060 0
2454888.7034413195215166 17.1868649 0.0510045 0
2454888.7043498842976987 17.1980591 0.0530043 0
2454888.7072759261354804 17.2193241 0.0510040 0
2454888.7081872685812414 17.2487450 0.0540054 0
2454888.7090981481596828 17.1875706 0.0560052 0
2454888.7100136573426425 17.1742310104972 99 1
2454888.7109413193538785 17.0809383 0.0580061 0
2454888.7118799770250916 17.2809525 0.0680049 0
2454888.7128006946295500 17.1653767 0.0750059 0
2454888.7137162038125098 17.1742310104972 99 1
2454888.7146427081897855 17.0951042 0.0570092 0
2454888.7155553242191672 17.2519608 0.0730121 0
2454888.7165379631333053 17.1742310104972 99 1
2454888.7174476850777864 17.1742310104972 99 1
2454888.7183736111037433 17.1957455 0.0800042 0
2454888.7193006942979991 17.1742310104972 99 1
2454888.7211502315476537 17.1742310104972 99 1
2454888.7220478011295199 17.1742310104972 99 1
2454888.7229563659057021 17.1742310104972 99 1
2454888.7238770835101604 17.1742310104972 99 1
2454888.7247787038795650 17.1742310104972 99 1
2454888.7256785877980292 17.1742310104972 99 1
2454888.7266351850703359 17.2859554 0.0720032 0
2454888.7275616899132729 17.2382488 0.0600037 0
2454888.7284939815290272 17.1742310104972 99 1
2454888.7294222223572433 17.2437973 0.0540037 0
2454888.7312717591412365 17.1693077 0.0560057 0
2454888.7321843751706183 17.2329826 0.0550050 0
2454888.7331114583648741 17.2327042 0.0450037 0
2454888.7340130787342787 17.2531719 0.0420031 0
2454888.7349737267941236 17.1875496 0.0390035 0
2454888.7358950232155621 17.2467976 0.0440047 0
2454888.7368302084505558 17.0784016 0.0360105 0
2454888.7377503472380340 17.1719341 0.0360049 0
2454888.7386693288572133 17.1226826 0.0380062 0
2454888.7395883100107312 17.1948280 0.0360071 0
2454888.7405211804434657 17.1931744 0.0360030 0
2454888.7414523148909211 17.1782475 0.0330046 0
2454888.7423770832829177 17.1960869 0.0350054 0
2454888.7433151621371508 17.1795311 0.0330047 0
2454888.7442549769766629 17.1809101 0.0320036 0
2454888.7451936341822147 17.1325436 0.0350056 0
2454888.7461322918534279 17.1131363 0.0390049 0
2454888.7470535878092051 17.1539783 0.0310057 0
2454888.7479812498204410 17.1234989 0.0430074 0
2454888.7489129630848765 17.1381054 0.0310030 0
2454888.7498718751594424 17.2174206 0.0370040 0
2454888.7507966435514390 17.2579117 0.0360036 0
2454888.7517289351671934 17.2177086 0.0340037 0
2454888.7526432871818542 17.1425953 0.0420072 0
2454888.7535784724168479 17.2119465 0.0350041 0
2454888.7545165508054197 17.1878605 0.0390050 0
2454888.7554476852528751 17.1928921 0.0310052 0
2454888.7563805556856096 17.1862450 0.0320052 0
2454888.7573082176968455 17.1914825 0.0340038 0
2454888.7582358797080815 17.1988850 0.0350057 0
2454888.7591681713238358 17.1973686 0.0320036 0
2454888.7600981481373310 17.1271610 0.0320046 0
2454888.7610315973870456 17.1836739 0.0320042 0
2454888.7619598377496004 17.1330833 0.0320056 0
2454888.7628956018015742 17.1430130 0.0330065 0
2454888.7638631942681968 17.1618690 0.0360042 0
2454888.7647983795031905 17.1913166 0.0340062 0
2454888.7657763888128102 17.1613274 0.0340059 0
2454888.7667086804285645 17.1666794 0.0370049 0
2454888.7676403936930001 17.1617489 0.0330154 0
2454888.7685732636600733 17.1700878 0.0330058 0
2454888.7696270835585892 17.1742310104972 99 1
2454888.7705732639878988 17.1651173 0.0380051 0
2454888.7715084492228925 17.0826530 0.0390053 0
2454888.7724303239956498 17.1742310104972 99 1
2454888.7733620372600853 17.1415215 0.0450080 0
2454888.7743105324916542 17.1742310104972 99 1
2454888.7761843749321997 17.2124329 0.0750064 0
2454888.7771444446407259 17.1742310104972 99 1
2454888.7781050927005708 17.1742310104972 99 1
2454888.7790119214914739 17.1742310104972 99 1
2454888.7799465279094875 17.1742310104972 99 1
2454888.7809378472156823 17.2014999 0.0360085 0
2454888.7818875000812113 17.0856915 0.0310169 0
2454888.7828354164958000 17.1742310104972 99 1
2454888.7837873841635883 17.1742310104972 99 1
2454888.7847306714393198 17.1613140 0.0340065 0
2454888.7856895835138857 17.1395435 0.0330053 0
2454888.7866369211114943 17.1580563 0.0310055 0
2454888.7875900464132428 17.1242676 0.0300107 0
2454888.7885396992787719 17.1230145 0.0320066 0
2454888.7894795136526227 17.2107487 0.0340099 0
