0.551219512195122
2454887.7398140048608184 17.3598404 0.0240052 0
2454887.7406988427974284 17.3406887 0.0240067 0
2454887.7416172455996275 17.3373756 0.0240117 0
2454887.7425315971486270 17.3474827 0.0250091 0
2454887.7434355323202908 17.3366375 0.0250066 0
2454887.7444280092604458 17.3495598 0.0250087 0
2454887.7453365740366280 17.3507404 0.0240073 0
2454887.7462584492750466 17.3391876 0.0240073 0
2454887.7471716436557472 17.3065434 0.0240063 0
2454887.7480946760624647 17.3875446 0.0260040 0
2454887.7490032408386469 17.3572617 0.0250047 0
2454887.7499204860068858 17.3595943 0.0260090 0
2454887.7508365740068257 17.3304119 0.0240050 0
2454887.7517543979920447 17.3355598 0.0250047 0
2454887.7526531252078712 17.3472481 0.0260047 0
2454887.7535726851783693 17.3265285 0.0240034 0
2454887.7544905091635883 17.3502731 0.0250053 0
2454887.7554083331488073 17.3429546 0.0270056 0
2454887.7563325231894851 17.3804684 0.0250100 0
2454887.7572474535554647 17.3857327 0.0290098 0
2454887.7581785880029202 17.3140450 0.0270050 0
2454887.7590917823836207 17.3187828 0.0270077 0
2454887.7600171295925975 17.3433228 0.0260048 0
2454887.7618961804546416 17.3285675 0.0260043 0
2454887.7627902776002884 17.3392353 0.0260167 0
2454887.7637017359957099 17.3358097 0.0260045 0
2454887.7646328704431653 17.3665447 0.0270073 0
2454887.7655541668646038 17.3915577 0.0280052 0
2454887.7664656247943640 17.3728218 0.0290044 0
2454887.7674204860813916 17.3542843 0.0300044 0
2454887.7683498840779066 17.3615284 0.0280035 0
2454887.7693741898983717 17.3465385 0.0300038 0
2454887.7705530091188848 17.3652916 0.0300055 0
2454887.7714465279132128 17.3425541 0.0290059 0
2454887.7723736111074686 17.3752556 0.0320033 0
2454887.7732908562757075 17.3220844 0.0280051 0
2454887.7742555555887520 17.4186821 0.0310034 0
2454887.7751803239807487 17.3676186 0.0310036 0
2454887.7761074071750045 17.3453445 0.0290042 0
2454887.7770414352416992 17.3755738778761 99 1
2454887.7779604168608785 17.3755738778761 99 1
2454887.7788863424211740 17.3755738778761 99 1
2454887.7798122684471309 17.3755738778761 99 1
2454887.7807370368391275 17.3755738778761 99 1
2454887.7817167825996876 17.3755738778761 99 1
2454887.7835888890549541 17.3755738778761 99 1
2454887.7844922454096377 17.3755738778761 99 1
2454887.7854181714355946 17.3755738778761 99 1
2454887.7863481482490897 17.3755738778761 99 1
2454887.7872862266376615 17.3755738778761 99 1
2454887.7882127314805984 17.3755738778761 99 1
2454887.7891357638873160 17.3755738778761 99 1
2454887.7900576386600733 17.3755738778761 99 1
2454887.7909748842939734 17.3755738778761 99 1
2454887.7919089118950069 17.3755738778761 99 1
2454887.7928527779877186 17.3755738778761 99 1
2454887.7937896992079914 17.3755738778761 99 1
2454887.7947162035852671 17.3755738778761 99 1
2454887.7956571760587394 17.3755738778761 99 1
2454887.7965848380699754 17.3755738778761 99 1
2454887.7975275460630655 17.3755738778761 99 1
2454887.7985703703016043 17.3755738778761 99 1
2454887.7997063659131527 17.3755738778761 99 1
2454887.8006496527232230 17.3755738778761 99 1
2454887.8016322916373610 17.3755738778761 99 1
2454887.8026537038385868 17.3755738778761 99 1
2454887.8036947916261852 17.3755738778761 99 1
2454887.8047144678421319 17.3755738778761 99 1
2454887.8056924766860902 17.3755738778761 99 1
2454887.8066947916522622 17.3755738778761 99 1
2454887.8085750001482666 17.3755738778761 99 1
2454887.8095032409764826 17.3755738778761 99 1
2454887.8114725695922971 17.3755738778761 99 1
2454887.8123961803503335 17.3755738778761 99 1
2454887.8133319444023073 17.3755738778761 99 1
2454887.8142671296373010 17.3755738778761 99 1
2454887.8152069444768131 17.3755738778761 99 1
2454887.8161473381333053 17.3755738778761 99 1
2454887.8170964121818542 17.3755738778761 99 1
2454887.8191074072383344 17.3755738778761 99 1
2454887.8200408564880490 17.3755738778761 99 1
2454887.8209934029728174 17.3755738778761 99 1
2454887.8219609954394400 17.3755738778761 99 1
2454887.8229123842902482 17.3755738778761 99 1
2454887.8238782407715917 17.3755738778761 99 1
2454887.8248504628427327 17.3755738778761 99 1
2454887.8258990738540888 17.3755738778761 99 1
2454887.8268562499433756 17.3755738778761 99 1
2454887.8278082176111639 17.3755738778761 99 1
2454887.8287613424472511 17.3755738778761 99 1
2454887.8297381945885718 17.3755738778761 99 1
2454887.8306537037715316 17.3755738778761 99 1
2454887.8315848377533257 17.3755738778761 99 1
2454887.8325101854279637 17.3755738778761 99 1
2454887.8334546294063330 17.3755738778761 99 1
2454888.6674447916448116 17.3451900 0.0290076 0
2454888.6683608796447515 17.3470535 0.0260122 0
2454888.6692607640288770 17.3534374 0.0260100 0
2454888.6701681711710989 17.3739929 0.0270134 0
2454888.6710802083835006 17.3708725 0.0260170 0
2454888.6719829859212041 17.3758888 0.0260060 0
2454888.6729060183279216 17.3537636 0.0270081 0
2454888.6738012731075287 17.4050694 0.0270120 0
2454888.6747040511108935 17.4106674 0.0270168 0
2454888.6756184026598930 17.3166714 0.0240075 0
2454888.6765431715175509 17.3461990 0.0250085 0
2454888.6774395834654570 17.3967648 0.0260081 0
2454888.6895935186184943 17.3605061 0.0280033 0
2454888.6905084489844739 17.3403034 0.0250041 0
2454888.6914349538274109 17.3655472 0.0270045 0
2454888.6923412038013339 17.3488445 0.0280062 0
2454888.6932462961412966 17.3666573 0.0290038 0
2454888.6941357636824250 17.3494778 0.0310036 0
2454888.6950402776710689 17.3753052 0.0320033 0
2454888.6959453704766929 17.4011593 0.0330037 0
2454888.6968608796596527 17.3747540 0.0300035 0
2454888.7025194442830980 17.2637424 0.0490055 0
2454888.7034413195215166 17.4208641 0.0630036 0
2454888.7043498842976987 17.2590599 0.0580039 0
2454888.7072759261354804 17.4203243 0.0600034 0
2454888.7081872685812414 17.4557438 0.0640046 0
2454888.7090981481596828 17.3885708 0.0670044 0
2454888.7100136573426425 17.3755738778761 99 1
2454888.7109413193538785 17.3755738778761 99 1
2454888.7118799770250916 17.3969517 0.0750045 0
2454888.7128006946295500 17.3755738778761 99 1
2454888.7137162038125098 17.3755738778761 99 1
2454888.7146427081897855 17.4901047 0.0880060 0
2454888.7155553242191672 17.2039604 0.0690128 0
2454888.7165379631333053 17.3755738778761 99 1
2454888.7174476850777864 17.3755738778761 99 1
2454888.7183736111037433 17.3755738778761 99 1
2454888.7193006942979991 17.3755738778761 99 1
2454888.7211502315476537 17.3755738778761 99 1
2454888.7220478011295199 17.3755738778761 99 1
2454888.7229563659057021 17.3755738778761 99 1
2454888.7238770835101604 17.3755738778761 99 1
2454888.7247787038795650 17.3755738778761 99 1
2454888.7256785877980292 17.3755738778761 99 1
2454888.7266351850703359 17.3755738778761 99 1
2454888.7275616899132729 17.3742485 0.0680033 0
2454888.7284939815290272 17.2498055 0.0540038 0
2454888.7294222223572433 17.2947979 0.0550036 0
2454888.7312717591412365 17.3823071 0.0660049 0
2454888.7321843751706183 17.3549843 0.0600045 0
2454888.7331114583648741 17.3747044 0.0510032 0
2454888.7340130787342787 17.3091717 0.0470028 0
2454888.7349737267941236 17.4105511 0.0480028 0
2454888.7358950232155621 17.2627983 0.0450046 0
2454888.7368302084505558 17.4294014 0.0480079 0
2454888.7377503472380340 17.3469334 0.0420042 0
2454888.7386693288572133 17.4806843 0.0490048 0
2454888.7395883100107312 17.3788280 0.0390066 0
2454888.7405211804434657 17.4431744 0.0430025 0
2454888.7414523148909211 17.3632469 0.0390039 0
2454888.7423770832829177 17.3950863 0.0400047 0
2454888.7433151621371508 17.3865318 0.0380041 0
2454888.7442549769766629 17.3749104 0.0380030 0
2454888.7451936341822147 17.4165421 0.0460042 0
2454888.7461322918534279 17.3755738778761 99 1
2454888.7470535878092051 17.4159775 0.0370048 0
2454888.7479812498204410 17.5214996 0.0590054 0
2454888.7489129630848765 17.4861069 0.0410022 0
2454888.7498718751594424 17.3755738778761 99 1
2454888.7507966435514390 17.4119110 0.0400032 0
2454888.7517289351671934 17.3607063 0.0380033 0
2454888.7526432871818542 17.3505955 0.0490061 0
2454888.7535784724168479 17.4519463 0.0420034 0
2454888.7545165508054197 17.4078617 0.0470042 0
2454888.7554476852528751 17.4058914 0.0370044 0
2454888.7563805556856096 17.4122448 0.0380044 0
2454888.7573082176968455 17.4314823 0.0420031 0
2454888.7582358797080815 17.3838844 0.0400050 0
2454888.7591681713238358 17.4493694 0.0410028 0
2454888.7600981481373310 17.4761620 0.0430034 0
2454888.7610315973870456 17.3936749 0.0360038 0
2454888.7619598377496004 17.4890842 0.0420042 0
2454888.7628956018015742 17.4390125 0.0420051 0
2454888.7638631942681968 17.4178696 0.0440034 0
2454888.7647983795031905 17.4283161 0.0400053 0
2454888.7657763888128102 17.4893284 0.0420048 0
2454888.7667086804285645 17.4326801 0.0450040 0
2454888.7676403936930001 17.4137497 0.0410124 0
2454888.7685732636600733 17.4180889 0.0410047 0
2454888.7696270835585892 17.4316292 0.0490044 0
2454888.7705732639878988 17.4331169 0.0480041 0
2454888.7715084492228925 17.3755738778761 99 1
2454888.7724303239956498 17.3755738778761 99 1
2454888.7733620372600853 17.3755738778761 99 1
2454888.7743105324916542 17.3755738778761 99 1
2454888.7761843749321997 17.3755738778761 99 1
2454888.7771444446407259 17.3755738778761 99 1
2454888.7781050927005708 17.3755738778761 99 1
2454888.7790119214914739 17.3755738778761 99 1
2454888.7799465279094875 17.3755738778761 99 1
2454888.7809378472156823 17.3755738778761 99 1
2454888.7818875000812113 17.3755738778761 99 1
2454888.7828354164958000 17.3755738778761 99 1
2454888.7837873841635883 17.3755738778761 99 1
2454888.7847306714393198 17.3755738778761 99 1
2454888.7856895835138857 17.3755738778761 99 1
2454888.7866369211114943 17.3755738778761 99 1
2454888.7875900464132428 17.3755738778761 99 1
2454888.7885396992787719 17.3755738778761 99 1
2454888.7894795136526227 17.3755738778761 99 1
