0.482926829268293
2454887.7398140048608184 18.1248417 0.0540023 0
2454887.7406988427974284 18.0726891 0.0510031 0
2454887.7416172455996275 18.0563755 0.0510055 0
2454887.7425315971486270 18.0464840 0.0540042 0
2454887.7434355323202908 18.0356388 0.0490034 0
2454887.7444280092604458 18.0765591 0.0500043 0
2454887.7453365740366280 18.0077419 0.0510035 0
2454887.7462584492750466 18.0521870 0.0510034 0
2454887.7471716436557472 18.0585442 0.0500030 0
2454887.7480946760624647 18.0915451 0.0550019 0
2454887.7490032408386469 18.0562611 0.0560021 0
2454887.7499204860068858 18.0435944 0.0530044 0
2454887.7508365740068257 18.0334110 0.0490025 0
2454887.7517543979920447 17.9925594 0.0520022 0
2454887.7526531252078712 18.0152493 0.0540023 0
2454887.7535726851783693 18.0995293 0.0580014 0
2454887.7544905091635883 18.0842724 0.0550024 0
2454887.7554083331488073 18.0859547 0.0630024 0
2454887.7563325231894851 18.0894680 0.0570044 0
2454887.7572474535554647 18.0697327 0.0660043 0
2454887.7581785880029202 18.0060444 0.0530026 0
2454887.7590917823836207 18.0877838 0.0630033 0
2454887.7600171295925975 18.0173225 0.0530023 0
2454887.7618961804546416 18.1115665 0.0580019 0
2454887.7627902776002884 18.1192360 0.0600072 0
2454887.7637017359957099 18.0948086 0.0560021 0
2454887.7646328704431653 18.0685444 0.0550036 0
2454887.7655541668646038 18.0895576 0.0630023 0
2454887.7664656247943640 18.1128216 0.0640020 0
2454887.7674204860813916 17.9992828 0.0640021 0
2454887.7683498840779066 18.0525284 0.0580017 0
2454887.7693741898983717 17.9465389 0.0640018 0
2454887.7705530091188848 18.1232910 0.0670025 0
2454887.7714465279132128 18.1135540 0.0620028 0
2454887.7723736111074686 17.9562550 0.0670016 0
2454887.7732908562757075 18.0900841 0.0620023 0
2454887.7742555555887520 18.0726814 0.0640017 0
2454887.7751803239807487 18.0486202 0.0700016 0
2454887.7761074071750045 18.0453453 0.0630019 0
2454887.7770414352416992 18.0531712 0.0660028 0
2454887.7779604168608785 18.0965729 0.0650021 0
2454887.7788863424211740 18.1007195 0.0660029 0
2454887.7798122684471309 18.0702553 0.0590019 0
2454887.7807370368391275 18.0637474 0.0610032 0
2454887.7817167825996876 18.0284290 0.0640023 0
2454887.7835888890549541 17.994677230303 99 1
2454887.7844922454096377 18.0362854 0.0760057 0
2454887.7854181714355946 17.9642944 0.0680018 0
2454887.7863481482490897 18.0934143 0.0720017 0
2454887.7872862266376615 17.9669991 0.0630026 0
2454887.7882127314805984 17.994677230303 99 1
2454887.7891357638873160 17.994677230303 99 1
2454887.7900576386600733 17.994677230303 99 1
2454887.7909748842939734 18.0648613 0.0710029 0
2454887.7919089118950069 17.9564533 0.0770030 0
2454887.7928527779877186 17.9663906 0.0690027 0
2454887.7937896992079914 17.994677230303 99 1
2454887.7947162035852671 18.0562878 0.0830019 0
2454887.7956571760587394 17.994677230303 99 1
2454887.7965848380699754 17.9414883 0.0770029 0
2454887.7975275460630655 17.8960056 0.0700039 0
2454887.7985703703016043 17.994677230303 99 1
2454887.7997063659131527 18.0029526 0.0840025 0
2454887.8006496527232230 17.9668579 0.0850094 0
2454887.8016322916373610 17.994677230303 99 1
2454887.8026537038385868 17.994677230303 99 1
2454887.8036947916261852 18.0888672 0.0940024 0
2454887.8047144678421319 17.994677230303 99 1
2454887.8056924766860902 17.9795284 0.0860028 0
2454887.8066947916522622 17.994677230303 99 1
2454887.8085750001482666 17.994677230303 99 1
2454887.8095032409764826 17.994677230303 99 1
2454887.8114725695922971 18.0752583 0.1150030 0
2454887.8123961803503335 17.994677230303 99 1
2454887.8133319444023073 17.994677230303 99 1
2454887.8142671296373010 17.994677230303 99 1
2454887.8152069444768131 17.994677230303 99 1
2454887.8161473381333053 17.994677230303 99 1
2454887.8170964121818542 17.994677230303 99 1
2454887.8191074072383344 17.994677230303 99 1
2454887.8200408564880490 17.994677230303 99 1
2454887.8209934029728174 17.994677230303 99 1
2454887.8219609954394400 17.994677230303 99 1
2454887.8229123842902482 17.994677230303 99 1
2454887.8238782407715917 17.994677230303 99 1
2454887.8248504628427327 17.994677230303 99 1
2454887.8258990738540888 17.994677230303 99 1
2454887.8268562499433756 17.994677230303 99 1
2454887.8278082176111639 17.994677230303 99 1
2454887.8287613424472511 17.994677230303 99 1
2454887.8297381945885718 17.994677230303 99 1
2454887.8306537037715316 17.994677230303 99 1
2454887.8315848377533257 17.994677230303 99 1
2454887.8325101854279637 17.994677230303 99 1
2454887.8334546294063330 17.994677230303 99 1
2454888.6674447916448116 17.8871899 0.0540041 0
2454888.6683608796447515 17.9560547 0.0550058 0
2454888.6692607640288770 17.9204388 0.0530049 0
2454888.6701681711710989 17.9669933 0.0530069 0
2454888.6710802083835006 17.9548721 0.0520085 0
2454888.6719829859212041 17.9148884 0.0510031 0
2454888.6729060183279216 17.994677230303 99 1
2454888.6738012731075287 17.9160690 0.0500065 0
2454888.6747040511108935 17.9226685 0.0540084 0
2454888.6756184026598930 17.9106712 0.0460039 0
2454888.6765431715175509 17.9611988 0.0540039 0
2454888.6774395834654570 17.9647636 0.0550038 0
2454888.6895935186184943 18.0695057 0.0640014 0
2454888.6905084489844739 18.0513039 0.0560018 0
2454888.6914349538274109 17.9685478 0.0530023 0
2454888.6923412038013339 18.0208435 0.0660026 0
2454888.6932462961412966 18.0276566 0.0620018 0
2454888.6941357636824250 17.9724789 0.0700016 0
2454888.6950402776710689 17.9093056 0.0620017 0
2454888.6959453704766929 18.0571594 0.0710017 0
2454888.6968608796596527 17.9827538 0.0680015 0
2454888.7025194442830980 18.0327415 0.1180023 0
2454888.7034413195215166 17.994677230303 99 1
2454888.7043498842976987 17.994677230303 99 1
2454888.7072759261354804 17.994677230303 99 1
2454888.7081872685812414 17.994677230303 99 1
2454888.7090981481596828 17.994677230303 99 1
2454888.7100136573426425 17.994677230303 99 1
2454888.7109413193538785 17.994677230303 99 1
2454888.7118799770250916 17.994677230303 99 1
2454888.7128006946295500 17.994677230303 99 1
2454888.7137162038125098 17.994677230303 99 1
2454888.7146427081897855 17.994677230303 99 1
2454888.7155553242191672 17.994677230303 99 1
2454888.7165379631333053 17.994677230303 99 1
2454888.7174476850777864 17.994677230303 99 1
2454888.7183736111037433 17.994677230303 99 1
2454888.7193006942979991 17.994677230303 99 1
2454888.7211502315476537 17.994677230303 99 1
2454888.7220478011295199 17.994677230303 99 1
2454888.7229563659057021 17.994677230303 99 1
2454888.7238770835101604 17.994677230303 99 1
2454888.7247787038795650 17.994677230303 99 1
2454888.7256785877980292 17.994677230303 99 1
2454888.7266351850703359 17.994677230303 99 1
2454888.7275616899132729 17.994677230303 99 1
2454888.7284939815290272 17.994677230303 99 1
2454888.7294222223572433 17.994677230303 99 1
2454888.7312717591412365 17.994677230303 99 1
2454888.7321843751706183 17.994677230303 99 1
2454888.7331114583648741 17.994677230303 99 1
2454888.7340130787342787 17.994677230303 99 1
2454888.7349737267941236 17.9695492 0.0960014 0
2454888.7358950232155621 17.994677230303 99 1
2454888.7368302084505558 17.994677230303 99 1
2454888.7377503472380340 17.9269333 0.0880020 0
2454888.7386693288572133 17.994677230303 99 1
2454888.7395883100107312 17.9698277 0.0790033 0
2454888.7405211804434657 17.994677230303 99 1
2454888.7414523148909211 17.8892460 0.0790019 0
2454888.7423770832829177 17.994677230303 99 1
2454888.7433151621371508 17.994677230303 99 1
2454888.7442549769766629 17.994677230303 99 1
2454888.7451936341822147 17.994677230303 99 1
2454888.7461322918534279 17.994677230303 99 1
2454888.7470535878092051 17.8819771 0.0690026 0
2454888.7479812498204410 17.994677230303 99 1
2454888.7489129630848765 17.8011055 0.0650014 0
2454888.7498718751594424 17.994677230303 99 1
2454888.7507966435514390 17.994677230303 99 1
2454888.7517289351671934 17.994677230303 99 1
2454888.7526432871818542 17.994677230303 99 1
2454888.7535784724168479 17.994677230303 99 1
2454888.7545165508054197 17.994677230303 99 1
2454888.7554476852528751 17.8748913 0.0700023 0
2454888.7563805556856096 17.8182449 0.0650026 0
2454888.7573082176968455 17.994677230303 99 1
2454888.7582358797080815 17.994677230303 99 1
2454888.7591681713238358 17.8063698 0.0700017 0
2454888.7600981481373310 17.994677230303 99 1
2454888.7610315973870456 17.8476734 0.0650021 0
2454888.7619598377496004 17.7810841 0.0660027 0
2454888.7628956018015742 17.994677230303 99 1
2454888.7638631942681968 17.994677230303 99 1
2454888.7647983795031905 17.7273159 0.0700030 0
2454888.7657763888128102 17.994677230303 99 1
2454888.7667086804285645 17.994677230303 99 1
2454888.7676403936930001 17.6007481 0.0610084 0
2454888.7685732636600733 17.994677230303 99 1
2454888.7696270835585892 17.994677230303 99 1
2454888.7705732639878988 17.994677230303 99 1
2454888.7715084492228925 17.994677230303 99 1
2454888.7724303239956498 17.994677230303 99 1
2454888.7733620372600853 17.994677230303 99 1
2454888.7743105324916542 17.994677230303 99 1
2454888.7761843749321997 17.994677230303 99 1
2454888.7771444446407259 17.994677230303 99 1
2454888.7781050927005708 17.994677230303 99 1
2454888.7790119214914739 17.994677230303 99 1
2454888.7799465279094875 17.994677230303 99 1
2454888.7809378472156823 17.994677230303 99 1
2454888.7818875000812113 17.994677230303 99 1
2454888.7828354164958000 17.994677230303 99 1
2454888.7837873841635883 17.994677230303 99 1
2454888.7847306714393198 17.994677230303 99 1
2454888.7856895835138857 17.7175426 0.0710025 0
2454888.7866369211114943 17.8830566 0.0740023 0
2454888.7875900464132428 17.9012680 0.0730044 0
2454888.7885396992787719 18.1020145 0.0940023 0
2454888.7894795136526227 17.7887478 0.0700048 0
