0.204878048780488
2454887.7398140048608184 12.0914881547619 99 1
2454887.7406988427974284 12.0914881547619 99 1
2454887.7416172455996275 12.0914881547619 99 1
2454887.7425315971486270 12.0914881547619 99 1
2454887.7434355323202908 12.0914881547619 99 1
2454887.7444280092604458 12.0914881547619 99 1
2454887.7453365740366280 12.0914881547619 99 1
2454887.7462584492750466 12.0914881547619 99 1
2454887.7471716436557472 12.0914881547619 99 1
2454887.7480946760624647 12.0914881547619 99 1
2454887.7490032408386469 12.0914881547619 99 1
2454887.7499204860068858 12.0914881547619 99 1
2454887.7508365740068257 12.0914881547619 99 1
2454887.7517543979920447 12.0914881547619 99 1
2454887.7526531252078712 12.0914881547619 99 1
2454887.7535726851783693 12.0914881547619 99 1
2454887.7544905091635883 12.0914881547619 99 1
2454887.7554083331488073 12.0914881547619 99 1
2454887.7563325231894851 12.0914881547619 99 1
2454887.7572474535554647 12.5607328 0.0021373 0
2454887.7581785880029202 12.0914881547619 99 1
2454887.7590917823836207 12.5657825 0.0021010 0
2454887.7600171295925975 12.0914881547619 99 1
2454887.7618961804546416 12.0914881547619 99 1
2454887.7627902776002884 12.0914881547619 99 1
2454887.7637017359957099 12.0914881547619 99 1
2454887.7646328704431653 12.0914881547619 99 1
2454887.7655541668646038 12.5665560 0.0020717 0
2454887.7664656247943640 12.4488230 0.0020625 0
2454887.7674204860813916 12.1532841 0.0020650 0
2454887.7683498840779066 12.2745295 0.0020489 0
2454887.7693741898983717 11.9315386 0.0011093 0
2454887.7705530091188848 12.0682907 0.0011527 0
2454887.7714465279132128 12.0914881547619 99 1
2454887.7723736111074686 11.8832550 0.0010999 0
2454887.7732908562757075 12.5510836 0.0020703 0
2454887.7742555555887520 12.2076826 0.0020528 0
2454887.7751803239807487 12.1006203 0.0020550 0
2454887.7761074071750045 12.4613447 0.0020599 0
2454887.7770414352416992 11.9771709 0.0011698 0
2454887.7779604168608785 12.0914881547619 99 1
2454887.7788863424211740 12.0914881547619 99 1
2454887.7798122684471309 12.0914881547619 99 1
2454887.7807370368391275 12.6127462 0.0020946 0
2454887.7817167825996876 12.0914881547619 99 1
2454887.7835888890549541 11.8906288 0.0013065 0
2454887.7844922454096377 12.0914881547619 99 1
2454887.7854181714355946 12.1502943 0.0020590 0
2454887.7863481482490897 12.1624136 0.0020601 0
2454887.7872862266376615 12.0529985 0.0020816 0
2454887.7882127314805984 12.0914881547619 99 1
2454887.7891357638873160 12.0914881547619 99 1
2454887.7900576386600733 12.0914881547619 99 1
2454887.7909748842939734 11.9798613 0.0020998 0
2454887.7919089118950069 12.0914881547619 99 1
2454887.7928527779877186 11.8883905 0.0011745 0
2454887.7937896992079914 11.8394537 0.0011556 0
2454887.7947162035852671 12.0914881547619 99 1
2454887.7956571760587394 12.0914881547619 99 1
2454887.7965848380699754 12.0914881547619 99 1
2454887.7975275460630655 11.8110056 0.0012448 0
2454887.7985703703016043 12.0914881547619 99 1
2454887.7997063659131527 12.0914881547619 99 1
2454887.8006496527232230 12.0914881547619 99 1
2454887.8016322916373610 12.0914881547619 99 1
2454887.8026537038385868 12.0914881547619 99 1
2454887.8036947916261852 12.0914881547619 99 1
2454887.8047144678421319 12.0914881547619 99 1
2454887.8056924766860902 12.0914881547619 99 1
2454887.8066947916522622 12.0914881547619 99 1
2454887.8085750001482666 12.0914881547619 99 1
2454887.8095032409764826 12.0914881547619 99 1
2454887.8114725695922971 12.0914881547619 99 1
2454887.8123961803503335 12.0914881547619 99 1
2454887.8133319444023073 12.0914881547619 99 1
2454887.8142671296373010 12.0914881547619 99 1
2454887.8152069444768131 12.0914881547619 99 1
2454887.8161473381333053 12.0914881547619 99 1
2454887.8170964121818542 12.0914881547619 99 1
2454887.8191074072383344 12.0914881547619 99 1
2454887.8200408564880490 12.0914881547619 99 1
2454887.8209934029728174 11.6527147 0.0015974 0
2454887.8219609954394400 12.0914881547619 99 1
2454887.8229123842902482 12.0914881547619 99 1
2454887.8238782407715917 12.0914881547619 99 1
2454887.8248504628427327 12.0914881547619 99 1
2454887.8258990738540888 12.0914881547619 99 1
2454887.8268562499433756 12.0914881547619 99 1
2454887.8278082176111639 12.0914881547619 99 1
2454887.8287613424472511 12.0914881547619 99 1
2454887.8297381945885718 11.6463413 0.0014370 0
2454887.8306537037715316 12.0914881547619 99 1
2454887.8315848377533257 12.0914881547619 99 1
2454887.8325101854279637 12.0914881547619 99 1
2454887.8334546294063330 12.0914881547619 99 1
2454888.6674447916448116 12.0914881547619 99 1
2454888.6683608796447515 11.9770555 0.0012793 0
2454888.6692607640288770 12.0354376 0.0012334 0
2454888.6701681711710989 11.9539928 0.0013139 0
2454888.6710802083835006 12.0128708 0.0013733 0
2454888.6719829859212041 12.0628901 0.0011458 0
2454888.6729060183279216 11.7847652 0.0012000 0
2454888.6738012731075287 12.0650682 0.0012828 0
2454888.6747040511108935 11.9206667 0.0013813 0
2454888.6756184026598930 12.2696724 0.0020886 0
2454888.6765431715175509 12.0822001 0.0011941 0
2454888.6774395834654570 12.2717648 0.0021027 0
2454888.6895935186184943 12.0415068 0.0010876 0
2454888.6905084489844739 12.0914881547619 99 1
2454888.6914349538274109 12.3025465 0.0020599 0
2454888.6923412038013339 11.9268446 0.0011613 0
2454888.6932462961412966 11.9136562 0.0011060 0
2454888.6941357636824250 12.0914881547619 99 1
2454888.6950402776710689 12.0914881547619 99 1
2454888.6959453704766929 12.0914881547619 99 1
2454888.6968608796596527 11.9377537 0.0010992 0
2454888.7025194442830980 12.0914881547619 99 1
2454888.7034413195215166 12.0914881547619 99 1
2454888.7043498842976987 12.0914881547619 99 1
2454888.7072759261354804 12.0914881547619 99 1
2454888.7081872685812414 12.0914881547619 99 1
2454888.7090981481596828 12.0914881547619 99 1
2454888.7100136573426425 12.0914881547619 99 1
2454888.7109413193538785 12.0914881547619 99 1
2454888.7118799770250916 12.0914881547619 99 1
2454888.7128006946295500 12.0914881547619 99 1
2454888.7137162038125098 12.0914881547619 99 1
2454888.7146427081897855 12.0914881547619 99 1
2454888.7155553242191672 12.0914881547619 99 1
2454888.7165379631333053 12.0914881547619 99 1
2454888.7174476850777864 12.0914881547619 99 1
2454888.7183736111037433 12.0914881547619 99 1
2454888.7193006942979991 12.0914881547619 99 1
2454888.7211502315476537 12.0914881547619 99 1
2454888.7220478011295199 12.0914881547619 99 1
2454888.7229563659057021 12.0914881547619 99 1
2454888.7238770835101604 12.0914881547619 99 1
2454888.7247787038795650 12.0914881547619 99 1
2454888.7256785877980292 12.0914881547619 99 1
2454888.7266351850703359 12.0914881547619 99 1
2454888.7275616899132729 12.0914881547619 99 1
2454888.7284939815290272 12.0914881547619 99 1
2454888.7294222223572433 12.0914881547619 99 1
2454888.7312717591412365 12.0914881547619 99 1
2454888.7321843751706183 12.0914881547619 99 1
2454888.7331114583648741 12.0914881547619 99 1
2454888.7340130787342787 12.0914881547619 99 1
2454888.7349737267941236 12.0914881547619 99 1
2454888.7358950232155621 12.0914881547619 99 1
2454888.7368302084505558 12.0914881547619 99 1
2454888.7377503472380340 12.0914881547619 99 1
2454888.7386693288572133 12.0914881547619 99 1
2454888.7395883100107312 12.0914881547619 99 1
2454888.7405211804434657 12.0914881547619 99 1
2454888.7414523148909211 12.0914881547619 99 1
2454888.7423770832829177 12.0914881547619 99 1
2454888.7433151621371508 12.0914881547619 99 1
2454888.7442549769766629 12.0914881547619 99 1
2454888.7451936341822147 12.0914881547619 99 1
2454888.7461322918534279 12.0914881547619 99 1
2454888.7470535878092051 12.0914881547619 99 1
2454888.7479812498204410 12.0914881547619 99 1
2454888.7489129630848765 12.0914881547619 99 1
2454888.7498718751594424 12.0914881547619 99 1
2454888.7507966435514390 12.0914881547619 99 1
2454888.7517289351671934 12.0914881547619 99 1
2454888.7526432871818542 12.0914881547619 99 1
2454888.7535784724168479 12.0914881547619 99 1
2454888.7545165508054197 12.0914881547619 99 1
2454888.7554476852528751 12.0914881547619 99 1
2454888.7563805556856096 12.0914881547619 99 1
2454888.7573082176968455 12.0914881547619 99 1
2454888.7582358797080815 12.0914881547619 99 1
2454888.7591681713238358 12.0914881547619 99 1
2454888.7600981481373310 12.0914881547619 99 1
2454888.7610315973870456 12.0914881547619 99 1
2454888.7619598377496004 12.0914881547619 99 1
2454888.7628956018015742 12.0914881547619 99 1
2454888.7638631942681968 12.0914881547619 99 1
2454888.7647983795031905 12.0914881547619 99 1
2454888.7657763888128102 12.0914881547619 99 1
2454888.7667086804285645 12.0914881547619 99 1
2454888.7676403936930001 12.0914881547619 99 1
2454888.7685732636600733 12.0914881547619 99 1
2454888.7696270835585892 12.0914881547619 99 1
2454888.7705732639878988 12.0914881547619 99 1
2454888.7715084492228925 12.0914881547619 99 1
2454888.7724303239956498 12.0914881547619 99 1
2454888.7733620372600853 12.0914881547619 99 1
2454888.7743105324916542 12.0914881547619 99 1
2454888.7761843749321997 12.0914881547619 99 1
2454888.7771444446407259 12.0914881547619 99 1
2454888.7781050927005708 12.0914881547619 99 1
2454888.7790119214914739 12.0914881547619 99 1
2454888.7799465279094875 12.0914881547619 99 1
2454888.7809378472156823 12.0914881547619 99 1
2454888.7818875000812113 12.0914881547619 99 1
2454888.7828354164958000 12.0914881547619 99 1
2454888.7837873841635883 12.0914881547619 99 1
2454888.7847306714393198 12.0914881547619 99 1
2454888.7856895835138857 12.0914881547619 99 1
2454888.7866369211114943 12.0914881547619 99 1
2454888.7875900464132428 11.8462677 0.0012812 0
2454888.7885396992787719 12.0914881547619 99 1
2454888.7894795136526227 12.0914881547619 99 1
