0.95609756097561
2454887.7398140048608184 16.5028419 0.0140089 0
2454887.7406988427974284 16.4886894 0.0130123 0
2454887.7416172455996275 16.4723759 0.0140200 0
2454887.7425315971486270 16.4884834 0.0140162 0
2454887.7434355323202908 16.4816380 0.0140118 0
2454887.7444280092604458 16.4985580 0.0140154 0
2454887.7453365740366280 16.4727421 0.0140126 0
2454887.7462584492750466 16.4831867 0.0140126 0
2454887.7471716436557472 16.4815426 0.0140108 0
2454887.7480946760624647 16.4805450 0.0140074 0
2454887.7490032408386469 16.5242615 0.0140083 0
2454887.7499204860068858 16.4985943 0.0140167 0
2454887.7508365740068257 16.5024109 0.0140086 0
2454887.7517543979920447 16.4995594 0.0140083 0
2454887.7526531252078712 16.4802494 0.0140088 0
2454887.7535726851783693 16.4935303 0.0140059 0
2454887.7544905091635883 16.4752731 0.0140094 0
2454887.7554083331488073 16.4949551 0.0150100 0
2454887.7563325231894851 16.4914665 0.0150167 0
2454887.7572474535554647 16.5037327 0.0160177 0
2454887.7581785880029202 16.5180454 0.0160085 0
2454887.7590917823836207 16.4677830 0.0150138 0
2454887.7600171295925975 16.4933224 0.0150083 0
2454887.7618961804546416 16.4885674 0.0150075 0
2454887.7627902776002884 16.5162354 0.0140310 0
2454887.7637017359957099 16.4798088 0.0150077 0
2454887.7646328704431653 16.5025444 0.0150132 0
2454887.7655541668646038 16.4735584 0.0150097 0
2454887.7664656247943640 16.5048218 0.0160079 0
2454887.7674204860813916 16.4842834 0.0150088 0
2454887.7683498840779066 16.4785290 0.0150066 0
2454887.7693741898983717 16.4705391 0.0160072 0
2454887.7705530091188848 16.4872913 0.0160103 0
2454887.7714465279132128 16.4785557 0.0150114 0
2454887.7723736111074686 16.4992542 0.0170062 0
2454887.7732908562757075 16.4900837 0.0160089 0
2454887.7742555555887520 16.4996815 0.0160067 0
2454887.7751803239807487 16.4796200 0.0160070 0
2454887.7761074071750045 16.4833450 0.0160076 0
2454887.7770414352416992 16.4721699 0.0160115 0
2454887.7779604168608785 16.4985733 0.0160086 0
2454887.7788863424211740 16.4937191 0.0160121 0
2454887.7798122684471309 16.4872551 0.0150075 0
2454887.7807370368391275 16.4687462 0.0160121 0
2454887.7817167825996876 16.4914284 0.0170086 0
2454887.7835888890549541 16.5216293 0.0180196 0
2454887.7844922454096377 16.4862843 0.0180239 0
2454887.7854181714355946 16.4942932 0.0170070 0
2454887.7863481482490897 16.5244141 0.0170072 0
2454887.7872862266376615 16.4650002 0.0170098 0
2454887.7882127314805984 16.4886627 0.0180076 0
2454887.7891357638873160 16.4889336 0.0220075 0
2454887.7900576386600733 16.4399090 0.0220129 0
2454887.7909748842939734 16.4838619 0.0180114 0
2454887.7919089118950069 16.4634533 0.0190121 0
2454887.7928527779877186 16.4823914 0.0180105 0
2454887.7937896992079914 16.5044556 0.0180093 0
2454887.7947162035852671 16.4922886 0.0190083 0
2454887.7956571760587394 16.4781189 0.0220070 0
2454887.7965848380699754 16.5244884 0.0200110 0
2454887.7975275460630655 16.4850063 0.0190145 0
2454887.7985703703016043 16.4965153 0.0200101 0
2454887.7997063659131527 16.4819527 0.0210100 0
2454887.8006496527232230 16.5228577 0.0210380 0
2454887.8016322916373610 16.4568901 0.0190101 0
2454887.8026537038385868 16.4952393 0.0200074 0
2454887.8036947916261852 16.4798679 0.0210109 0
2454887.8047144678421319 16.4861679 0.0220114 0
2454887.8056924766860902 16.4935284 0.0210113 0
2454887.8066947916522622 16.5177479 0.0220103 0
2454887.8085750001482666 16.5139027 0.0230101 0
2454887.8095032409764826 16.5016479 0.0210088 0
2454887.8114725695922971 16.5142574 0.0240145 0
2454887.8123961803503335 16.4786091 0.0230100 0
2454887.8133319444023073 16.5253506 0.0220144 0
2454887.8142671296373010 16.5379410 0.0250113 0
2454887.8152069444768131 16.5159264 0.0240133 0
2454887.8161473381333053 16.5143738 0.0250126 0
2454887.8170964121818542 16.4554272 0.0250186 0
2454887.8191074072383344 16.4684200 0.0240104 0
2454887.8200408564880490 16.4896240 0.0270343 0
2454887.8209934029728174 16.4867134 0.0270287 0
2454887.8219609954394400 16.5003643 0.0260116 0
2454887.8229123842902482 16.4614677 0.0250146 0
2454887.8238782407715917 16.5156326 0.0280172 0
2454887.8248504628427327 16.5316696 0.0310275 0
2454887.8258990738540888 16.5289249 0.0390187 0
2454887.8268562499433756 16.5450993 0.0350381 0
2454887.8278082176111639 16.5069027 0.0320137 0
2454887.8287613424472511 16.4953594 0.0370276 0
2454887.8297381945885718 16.5103416 0.0360148 0
2454887.8306537037715316 16.4964466 0.0350542 0
2454887.8315848377533257 16.5934601 0.0400161 0
2454887.8325101854279637 16.4830647 0.0370279 0
2454887.8334546294063330 16.4678535 0.0361008 0
2454888.6674447916448116 16.4901886 0.0150148 0
2454888.6683608796447515 16.4890537 0.0140227 0
2454888.6692607640288770 16.4704380 0.0140186 0
2454888.6701681711710989 16.4809933 0.0140259 0
2454888.6710802083835006 16.4778728 0.0140316 0
2454888.6719829859212041 16.4818897 0.0140112 0
2454888.6729060183279216 16.4647655 0.0150147 0
2454888.6738012731075287 16.5150681 0.0140230 0
2454888.6747040511108935 16.4896679 0.0140324 0
2454888.6756184026598930 16.4836731 0.0140129 0
2454888.6765431715175509 16.4871998 0.0140152 0
2454888.6774395834654570 16.4777641 0.0140150 0
2454888.6895935186184943 16.5035057 0.0150061 0
2454888.6905084489844739 16.4753036 0.0140073 0
2454888.6914349538274109 16.4665470 0.0140087 0
2454888.6923412038013339 16.4708443 0.0150116 0
2454888.6932462961412966 16.4936562 0.0160070 0
2454888.6941357636824250 16.4844799 0.0160070 0
2454888.6950402776710689 16.4703045 0.0170061 0
2454888.6959453704766929 16.4531574 0.0160077 0
2454888.6968608796596527 16.4887543 0.0160065 0
2454888.7025194442830980 16.5277424 0.0270100 0
2454888.7034413195215166 16.4358654 0.0280081 0
2454888.7043498842976987 16.5130596 0.0300076 0
2454888.7072759261354804 16.5003242 0.0270075 0
2454888.7081872685812414 16.4777451 0.0280105 0
2454888.7090981481596828 16.5045719 0.0310094 0
2454888.7100136573426425 16.5475311 0.0400082 0
2454888.7109413193538785 16.5009384 0.0350102 0
2454888.7118799770250916 16.4549522 0.0340099 0
2454888.7128006946295500 16.5253773 0.0430103 0
2454888.7137162038125098 16.5100574 0.0370080 0
2454888.7146427081897855 16.4911041 0.0350150 0
2454888.7155553242191672 16.4479599 0.0350252 0
2454888.7165379631333053 16.5145302 0.0360068 0
2454888.7174476850777864 16.5173168 0.0380113 0
2454888.7183736111037433 16.4577446 0.0420079 0
2454888.7193006942979991 16.4183979 0.0350114 0
2454888.7211502315476537 16.4388523 0.0500159 0
2454888.7220478011295199 16.491534175 99 1
2454888.7229563659057021 16.491534175 99 1
2454888.7238770835101604 16.491534175 99 1
2454888.7247787038795650 16.491534175 99 1
2454888.7256785877980292 16.3646278 0.0590154 0
2454888.7266351850703359 16.4869556 0.0380061 0
2454888.7275616899132729 16.4562492 0.0320070 0
2454888.7284939815290272 16.4418049 0.0270077 0
2454888.7294222223572433 16.4377975 0.0280071 0
2454888.7312717591412365 16.5113068 0.0320101 0
2454888.7321843751706183 16.4869843 0.0300091 0
2454888.7331114583648741 16.4847050 0.0250066 0
2454888.7340130787342787 16.4561729 0.0230057 0
2454888.7349737267941236 16.4685497 0.0210064 0
2454888.7358950232155621 16.5097980 0.0240086 0
2454888.7368302084505558 16.4364033 0.0210180 0
2454888.7377503472380340 16.4849339 0.0210084 0
2454888.7386693288572133 16.4796848 0.0210112 0
2454888.7395883100107312 16.4938278 0.0200128 0
2454888.7405211804434657 16.5001736 0.0200055 0
2454888.7414523148909211 16.5262470 0.0190080 0
2454888.7423770832829177 16.4960861 0.0200095 0
2454888.7433151621371508 16.4705315 0.0190082 0
2454888.7442549769766629 16.5059109 0.0190061 0
2454888.7451936341822147 16.5385418 0.0220088 0
2454888.7461322918534279 16.4771366 0.0230082 0
2454888.7470535878092051 16.5139771 0.0190094 0
2454888.7479812498204410 16.4895000 0.0250127 0
2454888.7489129630848765 16.5041065 0.0190048 0
2454888.7498718751594424 16.4584198 0.0200074 0
2454888.7507966435514390 16.5129108 0.0200065 0
2454888.7517289351671934 16.4907074 0.0190066 0
2454888.7526432871818542 16.4825954 0.0240125 0
2454888.7535784724168479 16.4979458 0.0200072 0
2454888.7545165508054197 16.4958611 0.0220089 0
2454888.7554476852528751 16.4958916 0.0190085 0
2454888.7563805556856096 16.4512444 0.0180093 0
2454888.7573082176968455 16.4804840 0.0190068 0
2454888.7582358797080815 16.5098839 0.0200100 0
2454888.7591681713238358 16.4663677 0.0190061 0
2454888.7600981481373310 16.5051613 0.0200073 0
2454888.7610315973870456 16.4836750 0.0180075 0
2454888.7619598377496004 16.4940834 0.0200089 0
2454888.7628956018015742 16.4800129 0.0200107 0
2454888.7638631942681968 16.4838696 0.0210072 0
2454888.7647983795031905 16.5383167 0.0200105 0
2454888.7657763888128102 16.5103283 0.0210095 0
2454888.7667086804285645 16.5306816 0.0230079 0
2454888.7676403936930001 16.4717484 0.0200255 0
2454888.7685732636600733 16.4740868 0.0190101 0
2454888.7696270835585892 16.4726295 0.0220098 0
2454888.7705732639878988 16.5291176 0.0230085 0
2454888.7715084492228925 16.5006542 0.0230090 0
2454888.7724303239956498 16.4966412 0.0240096 0
2454888.7733620372600853 16.5375233 0.0270133 0
2454888.7743105324916542 16.5000095 0.0220105 0
2454888.7761843749321997 16.6014328 0.0430112 0
2454888.7771444446407259 16.5929356 0.0581083 0
2454888.7781050927005708 16.491534175 99 1
2454888.7790119214914739 16.491534175 99 1
2454888.7799465279094875 16.491534175 99 1
2454888.7809378472156823 16.4834995 0.0200154 0
2454888.7818875000812113 16.4956913 0.0200261 0
2454888.7828354164958000 16.491534175 99 1
2454888.7837873841635883 16.491534175 99 1
2454888.7847306714393198 16.5013123 0.0200111 0
2454888.7856895835138857 16.5165424 0.0200087 0
2454888.7866369211114943 16.5020561 0.0190089 0
2454888.7875900464132428 16.4902668 0.0190169 0
2454888.7885396992787719 16.5090160 0.0190112 0
2454888.7894795136526227 16.4607468 0.0190178 0
