0.517073170731707
2454887.7398140048608184 18.0808411 0.0420030 0
2454887.7406988427974284 18.0876884 0.0420038 0
2454887.7416172455996275 18.1713772 0.0440064 0
2454887.7425315971486270 18.1554832 0.0450050 0
2454887.7434355323202908 18.1336384 0.0430039 0
2454887.7444280092604458 18.0965595 0.0440049 0
2454887.7453365740366280 18.0707417 0.0430041 0
2454887.7462584492750466 18.1501865 0.0440040 0
2454887.7471716436557472 18.0295448 0.0410037 0
2454887.7480946760624647 18.1385441 0.0440024 0
2454887.7490032408386469 18.1432610 0.0470025 0
2454887.7499204860068858 18.1075954 0.0440053 0
2454887.7508365740068257 18.1464119 0.0430028 0
2454887.7517543979920447 18.0835590 0.0440026 0
2454887.7526531252078712 18.1022491 0.0440028 0
2454887.7535726851783693 18.1485291 0.0470017 0
2454887.7544905091635883 18.0782719 0.0430031 0
2454887.7554083331488073 18.1219559 0.0490031 0
2454887.7563325231894851 18.0944672 0.0460054 0
2454887.7572474535554647 18.0477333 0.0490058 0
2454887.7581785880029202 18.0880451 0.0490028 0
2454887.7590917823836207 18.0527840 0.0480043 0
2454887.7600171295925975 18.0833225 0.0450028 0
2454887.7618961804546416 18.1125679 0.0470024 0
2454887.7627902776002884 18.0762348 0.0450097 0
2454887.7637017359957099 18.1078091 0.0460025 0
2454887.7646328704431653 18.1255436 0.0480041 0
2454887.7655541668646038 18.1155586 0.0510029 0
2454887.7664656247943640 18.0898228 0.0510025 0
2454887.7674204860813916 18.1412830 0.0560024 0
2454887.7683498840779066 18.0395279 0.0500020 0
2454887.7693741898983717 18.0645390 0.0550021 0
2454887.7705530091188848 18.0782909 0.0530031 0
2454887.7714465279132128 18.1645546 0.0520033 0
2454887.7723736111074686 17.9722557 0.0520020 0
2454887.7732908562757075 18.0570850 0.0520028 0
2454887.7742555555887520 18.1686821 0.0560019 0
2454887.7751803239807487 18.1026192 0.0560020 0
2454887.7761074071750045 18.1753445 0.0560022 0
2454887.7770414352416992 18.1451702 0.0580032 0
2454887.7779604168608785 18.1135731 0.0520027 0
2454887.7788863424211740 18.0757198 0.0500039 0
2454887.7798122684471309 18.0102558 0.0460025 0
2454887.7807370368391275 18.0597477 0.0480040 0
2454887.7817167825996876 18.1234283 0.0540027 0
2454887.7835888890549541 18.2146282 0.0690051 0
2454887.7844922454096377 18.0902843 0.0660065 0
2454887.7854181714355946 18.0872955 0.0590020 0
2454887.7863481482490897 18.2014141 0.0630019 0
2454887.7872862266376615 18.1249981 0.0610027 0
2454887.7882127314805984 18.1536636 0.0660021 0
2454887.7891357638873160 18.0882179481132 99 1
2454887.7900576386600733 18.0882179481132 99 1
2454887.7909748842939734 18.0468616 0.0620033 0
2454887.7919089118950069 18.0882179481132 99 1
2454887.7928527779877186 18.0853901 0.0640030 0
2454887.7937896992079914 17.9944553 0.0600028 0
2454887.7947162035852671 18.2202873 0.0730022 0
2454887.7956571760587394 18.0882179481132 99 1
2454887.7965848380699754 18.0882179481132 99 1
2454887.7975275460630655 18.0882179481132 99 1
2454887.7985703703016043 18.1245155 0.0750027 0
2454887.7997063659131527 18.0619526 0.0740029 0
2454887.8006496527232230 18.1088581 0.0750107 0
2454887.8016322916373610 18.0882179481132 99 1
2454887.8026537038385868 18.0282383 0.0700021 0
2454887.8036947916261852 18.0882179481132 99 1
2454887.8047144678421319 18.1581669 0.0840030 0
2454887.8056924766860902 18.0805283 0.0800030 0
2454887.8066947916522622 18.0882179481132 99 1
2454887.8085750001482666 18.0882179481132 99 1
2454887.8095032409764826 18.1756477 0.0830022 0
2454887.8114725695922971 18.0882179481132 99 1
2454887.8123961803503335 18.0226078 0.0870026 0
2454887.8133319444023073 18.0882179481132 99 1
2454887.8142671296373010 18.0882179481132 99 1
2454887.8152069444768131 18.0882179481132 99 1
2454887.8161473381333053 18.0882179481132 99 1
2454887.8170964121818542 17.9834270 0.0920051 0
2454887.8191074072383344 18.0882179481132 99 1
2454887.8200408564880490 18.0882179481132 99 1
2454887.8209934029728174 18.0882179481132 99 1
2454887.8219609954394400 18.0882179481132 99 1
2454887.8229123842902482 18.0882179481132 99 1
2454887.8238782407715917 18.0882179481132 99 1
2454887.8248504628427327 18.0882179481132 99 1
2454887.8258990738540888 18.0882179481132 99 1
2454887.8268562499433756 18.0882179481132 99 1
2454887.8278082176111639 18.0882179481132 99 1
2454887.8287613424472511 18.0882179481132 99 1
2454887.8297381945885718 18.0882179481132 99 1
2454887.8306537037715316 18.0882179481132 99 1
2454887.8315848377533257 18.0882179481132 99 1
2454887.8325101854279637 18.0882179481132 99 1
2454887.8334546294063330 18.0882179481132 99 1
2454888.6674447916448116 18.0491905 0.0480046 0
2454888.6683608796447515 18.0070534 0.0420076 0
2454888.6692607640288770 18.0164375 0.0430061 0
2454888.6701681711710989 18.0249939 0.0430084 0
2454888.6710802083835006 18.0858727 0.0460096 0
2454888.6719829859212041 18.0538883 0.0440036 0
2454888.6729060183279216 18.1147633 0.0510043 0
2454888.6738012731075287 18.0570698 0.0430075 0
2454888.6747040511108935 18.0146675 0.0440103 0
2454888.6756184026598930 18.0596714 0.0420043 0
2454888.6765431715175509 18.0891991 0.0430050 0
2454888.6774395834654570 18.0437641 0.0410051 0
2454888.6895935186184943 18.0115051 0.0450020 0
2454888.6905084489844739 18.1183033 0.0450023 0
2454888.6914349538274109 18.0905476 0.0460026 0
2454888.6923412038013339 18.0738430 0.0490036 0
2454888.6932462961412966 18.0906563 0.0500022 0
2454888.6941357636824250 18.0134792 0.0510022 0
2454888.6950402776710689 18.0873051 0.0560019 0
2454888.6959453704766929 18.0961590 0.0550022 0
2454888.6968608796596527 18.0607529 0.0510020 0
2454888.7025194442830980 17.9697418 0.0930029 0
2454888.7034413195215166 18.0882179481132 99 1
2454888.7043498842976987 18.0882179481132 99 1
2454888.7072759261354804 18.0882179481132 99 1
2454888.7081872685812414 18.0882179481132 99 1
2454888.7090981481596828 18.0882179481132 99 1
2454888.7100136573426425 18.0882179481132 99 1
2454888.7109413193538785 18.0882179481132 99 1
2454888.7118799770250916 18.0882179481132 99 1
2454888.7128006946295500 18.0882179481132 99 1
2454888.7137162038125098 18.0882179481132 99 1
2454888.7146427081897855 18.0882179481132 99 1
2454888.7155553242191672 18.0882179481132 99 1
2454888.7165379631333053 18.0882179481132 99 1
2454888.7174476850777864 18.0882179481132 99 1
2454888.7183736111037433 18.0882179481132 99 1
2454888.7193006942979991 18.0882179481132 99 1
2454888.7211502315476537 18.0882179481132 99 1
2454888.7220478011295199 18.0882179481132 99 1
2454888.7229563659057021 18.0882179481132 99 1
2454888.7238770835101604 18.0882179481132 99 1
2454888.7247787038795650 18.0882179481132 99 1
2454888.7256785877980292 18.0882179481132 99 1
2454888.7266351850703359 18.0882179481132 99 1
2454888.7275616899132729 18.0882179481132 99 1
2454888.7284939815290272 18.0882179481132 99 1
2454888.7294222223572433 18.0882179481132 99 1
2454888.7312717591412365 18.0882179481132 99 1
2454888.7321843751706183 18.0882179481132 99 1
2454888.7331114583648741 18.0882179481132 99 1
2454888.7340130787342787 18.0882179481132 99 1
2454888.7349737267941236 18.2195492 0.0910015 0
2454888.7358950232155621 18.0882179481132 99 1
2454888.7368302084505558 18.0882179481132 99 1
2454888.7377503472380340 18.0882179481132 99 1
2454888.7386693288572133 17.9826832 0.0740032 0
2454888.7395883100107312 18.0882179481132 99 1
2454888.7405211804434657 18.0882179481132 99 1
2454888.7414523148909211 17.9512463 0.0600025 0
2454888.7423770832829177 18.0882179481132 99 1
2454888.7433151621371508 18.1425323 0.0740021 0
2454888.7442549769766629 18.0882179481132 99 1
2454888.7451936341822147 18.0882179481132 99 1
2454888.7461322918534279 18.1501369 0.0900021 0
2454888.7470535878092051 18.0479774 0.0620029 0
2454888.7479812498204410 18.0882179481132 99 1
2454888.7489129630848765 18.0561066 0.0650014 0
2454888.7498718751594424 18.0882179481132 99 1
2454888.7507966435514390 18.1049118 0.0720018 0
2454888.7517289351671934 18.0687065 0.0690018 0
2454888.7526432871818542 18.0882179481132 99 1
2454888.7535784724168479 18.0229454 0.0670022 0
2454888.7545165508054197 18.0882179481132 99 1
2454888.7554476852528751 18.1328926 0.0710023 0
2454888.7563805556856096 18.0882179481132 99 1
2454888.7573082176968455 18.0882179481132 99 1
2454888.7582358797080815 18.0882179481132 99 1
2454888.7591681713238358 17.9933681 0.0630019 0
2454888.7600981481373310 18.0971622 0.0740020 0
2454888.7610315973870456 18.1176739 0.0690020 0
2454888.7619598377496004 18.0882179481132 99 1
2454888.7628956018015742 18.0882179481132 99 1
2454888.7638631942681968 18.0882179481132 99 1
2454888.7647983795031905 18.1533165 0.0750028 0
2454888.7657763888128102 18.0882179481132 99 1
2454888.7667086804285645 18.1386795 0.0820022 0
2454888.7676403936930001 18.0882179481132 99 1
2454888.7685732636600733 18.0882179481132 99 1
2454888.7696270835585892 18.0882179481132 99 1
2454888.7705732639878988 18.0882179481132 99 1
2454888.7715084492228925 18.0046539 0.0810026 0
2454888.7724303239956498 18.0882179481132 99 1
2454888.7733620372600853 18.0882179481132 99 1
2454888.7743105324916542 18.0882179481132 99 1
2454888.7761843749321997 18.0882179481132 99 1
2454888.7771444446407259 18.0882179481132 99 1
2454888.7781050927005708 18.0882179481132 99 1
2454888.7790119214914739 18.0882179481132 99 1
2454888.7799465279094875 18.0882179481132 99 1
2454888.7809378472156823 18.0882179481132 99 1
2454888.7818875000812113 18.0882179481132 99 1
2454888.7828354164958000 18.0882179481132 99 1
2454888.7837873841635883 18.0882179481132 99 1
2454888.7847306714393198 18.0882179481132 99 1
2454888.7856895835138857 18.0882179481132 99 1
2454888.7866369211114943 18.0920563 0.0690024 0
2454888.7875900464132428 18.0692673 0.0650049 0
2454888.7885396992787719 18.0882179481132 99 1
2454888.7894795136526227 18.0807476 0.0700048 0
