0.965853658536585
2454887.7398140048608184 16.3328419 0.0130096 0
2454887.7406988427974284 16.2966900 0.0120134 0
2454887.7416172455996275 16.3303757 0.0130216 0
2454887.7425315971486270 16.3284836 0.0130174 0
2454887.7434355323202908 16.3346386 0.0130128 0
2454887.7444280092604458 16.3305588 0.0130166 0
2454887.7453365740366280 16.3257408 0.0130136 0
2454887.7462584492750466 16.3251877 0.0120146 0
2454887.7471716436557472 16.3305435 0.0130117 0
2454887.7480946760624647 16.3275452 0.0130080 0
2454887.7490032408386469 16.3212605 0.0130090 0
2454887.7499204860068858 16.3185940 0.0130180 0
2454887.7508365740068257 16.3234119 0.0120100 0
2454887.7517543979920447 16.3255596 0.0130090 0
2454887.7526531252078712 16.3262482 0.0130095 0
2454887.7535726851783693 16.3295288 0.0130063 0
2454887.7544905091635883 16.3322716 0.0130102 0
2454887.7554083331488073 16.3039551 0.0140108 0
2454887.7563325231894851 16.3084679 0.0130192 0
2454887.7572474535554647 16.2977333 0.0140203 0
2454887.7581785880029202 16.3500443 0.0140097 0
2454887.7590917823836207 16.2847843 0.0140148 0
2454887.7600171295925975 16.3433228 0.0130095 0
2454887.7618961804546416 16.3275681 0.0130087 0
2454887.7627902776002884 16.3132362 0.0130334 0
2454887.7637017359957099 16.3448086 0.0130089 0
2454887.7646328704431653 16.3125439 0.0130152 0
2454887.7655541668646038 16.3135586 0.0140104 0
2454887.7664656247943640 16.3418236 0.0140091 0
2454887.7674204860813916 16.3422832 0.0140094 0
2454887.7683498840779066 16.3525276 0.0140071 0
2454887.7693741898983717 16.3495388 0.0150077 0
2454887.7705530091188848 16.3412914 0.0140117 0
2454887.7714465279132128 16.3315544 0.0140122 0
2454887.7723736111074686 16.3302536 0.0150070 0
2454887.7732908562757075 16.3350849 0.0140102 0
2454887.7742555555887520 16.3276825 0.0140076 0
2454887.7751803239807487 16.3146191 0.0140080 0
2454887.7761074071750045 16.3343449 0.0150081 0
2454887.7770414352416992 16.3331699 0.0150123 0
2454887.7779604168608785 16.3335724 0.0140099 0
2454887.7788863424211740 16.3467197 0.0140138 0
2454887.7798122684471309 16.3462543 0.0140081 0
2454887.7807370368391275 16.3357468 0.0140138 0
2454887.7817167825996876 16.3314285 0.0150098 0
2454887.7835888890549541 16.3276291 0.0160221 0
2454887.7844922454096377 16.3212852 0.0160269 0
2454887.7854181714355946 16.3462944 0.0150080 0
2454887.7863481482490897 16.3514156 0.0150081 0
2454887.7872862266376615 16.3419991 0.0150111 0
2454887.7882127314805984 16.3246632 0.0150091 0
2454887.7891357638873160 16.3449345 0.0200083 0
2454887.7900576386600733 16.3299103 0.0200142 0
2454887.7909748842939734 16.3198624 0.0160128 0
2454887.7919089118950069 16.3264523 0.0170135 0
2454887.7928527779877186 16.3363914 0.0170112 0
2454887.7937896992079914 16.3584557 0.0170099 0
2454887.7947162035852671 16.3192883 0.0170092 0
2454887.7956571760587394 16.3581181 0.0210073 0
2454887.7965848380699754 16.3054886 0.0170129 0
2454887.7975275460630655 16.3650055 0.0170162 0
2454887.7985703703016043 16.3345165 0.0180112 0
2454887.7997063659131527 16.3619518 0.0190111 0
2454887.8006496527232230 16.3088589 0.0180443 0
2454887.8016322916373610 16.3368912 0.0180106 0
2454887.8026537038385868 16.3302383 0.0180082 0
2454887.8036947916261852 16.3508682 0.0200115 0
2454887.8047144678421319 16.3251667 0.0190132 0
2454887.8056924766860902 16.3395290 0.0190124 0
2454887.8066947916522622 16.3547478 0.0190119 0
2454887.8085750001482666 16.3389034 0.0210111 0
2454887.8095032409764826 16.3236465 0.0180103 0
2454887.8114725695922971 16.3902569 0.0220158 0
2454887.8123961803503335 16.3426094 0.0200114 0
2454887.8133319444023073 16.3463497 0.0190167 0
2454887.8142671296373010 16.3319397 0.0210135 0
2454887.8152069444768131 16.3939266 0.0220145 0
2454887.8161473381333053 16.3273735 0.0220143 0
2454887.8170964121818542 16.3834267 0.0240194 0
2454887.8191074072383344 16.3724194 0.0230108 0
2454887.8200408564880490 16.3296242 0.0230403 0
2454887.8209934029728174 16.3517132 0.0250310 0
2454887.8219609954394400 16.3883648 0.0230131 0
2454887.8229123842902482 16.3954678 0.0240152 0
2454887.8238782407715917 16.3966312 0.0260186 0
2454887.8248504628427327 16.3686695 0.0280304 0
2454887.8258990738540888 16.3349247 0.0320228 0
2454887.8268562499433756 16.3791008 0.0310430 0
2454887.8278082176111639 16.4109020 0.0300146 0
2454887.8287613424472511 16.3903599 0.0350291 0
2454887.8297381945885718 16.3723431 0.0320166 0
2454887.8306537037715316 16.3664474 0.0320593 0
2454887.8315848377533257 16.3094597 0.0320202 0
2454887.8325101854279637 16.3170643 0.0350295 0
2454887.8334546294063330 16.3138542 0.0311170 0
2454888.6674447916448116 16.3411884 0.0140158 0
2454888.6683608796447515 16.3480549 0.0130245 0
2454888.6692607640288770 16.3694382 0.0130200 0
2454888.6701681711710989 16.3469925 0.0130279 0
2454888.6710802083835006 16.3398724 0.0130340 0
2454888.6719829859212041 16.3538895 0.0130120 0
2454888.6729060183279216 16.3477650 0.0140157 0
2454888.6738012731075287 16.3620682 0.0130248 0
2454888.6747040511108935 16.3456669 0.0130349 0
2454888.6756184026598930 16.3506718 0.0130139 0
2454888.6765431715175509 16.3611984 0.0130164 0
2454888.6774395834654570 16.3337650 0.0120175 0
2454888.6895935186184943 16.3435059 0.0140065 0
2454888.6905084489844739 16.3563023 0.0130079 0
2454888.6914349538274109 16.3435478 0.0130094 0
2454888.6923412038013339 16.3288441 0.0140124 0
2454888.6932462961412966 16.3276558 0.0140080 0
2454888.6941357636824250 16.3624783 0.0150075 0
2454888.6950402776710689 16.3223057 0.0150069 0
2454888.6959453704766929 16.3061581 0.0150082 0
2454888.6968608796596527 16.3407536 0.0140074 0
2454888.7025194442830980 16.3007431 0.0230118 0
2454888.7034413195215166 16.3428650 0.0270084 0
2454888.7043498842976987 16.3590603 0.0270084 0
2454888.7072759261354804 16.3623257 0.0250081 0
2454888.7081872685812414 16.3227444 0.0240122 0
2454888.7090981481596828 16.3215714 0.0270108 0
2454888.7100136573426425 16.3245296 0.0350093 0
2454888.7109413193538785 16.3819389 0.0320111 0
2454888.7118799770250916 16.3679523 0.0310108 0
2454888.7128006946295500 16.3813763 0.0390114 0
2454888.7137162038125098 16.3220577 0.0320092 0
2454888.7146427081897855 16.3991051 0.0320164 0
2454888.7155553242191672 16.3319607 0.0340260 0
2454888.7165379631333053 16.3145294 0.0310079 0
2454888.7174476850777864 16.3583183 0.0340127 0
2454888.7183736111037433 16.3227463 0.0370090 0
2454888.7193006942979991 16.3483963 0.0330120 0
2454888.7211502315476537 16.3008518 0.0460173 0
2454888.7220478011295199 16.2671146 0.0610152 0
2454888.7229563659057021 16.2090816 0.0740156 0
2454888.7238770835101604 16.3413024611111 99 1
2454888.7247787038795650 16.3413024611111 99 1
2454888.7256785877980292 16.3336277 0.0540169 0
2454888.7266351850703359 16.3819542 0.0340068 0
2454888.7275616899132729 16.3512478 0.0300074 0
2454888.7284939815290272 16.3228054 0.0250083 0
2454888.7294222223572433 16.3447990 0.0260076 0
2454888.7312717591412365 16.3443069 0.0280115 0
2454888.7321843751706183 16.3509846 0.0260105 0
2454888.7331114583648741 16.3347034 0.0230071 0
2454888.7340130787342787 16.3531723 0.0210063 0
2454888.7349737267941236 16.3375492 0.0190071 0
2454888.7358950232155621 16.3447990 0.0210099 0
2454888.7368302084505558 16.3334026 0.0200189 0
2454888.7377503472380340 16.3829327 0.0190093 0
2454888.7386693288572133 16.3366833 0.0190124 0
2454888.7395883100107312 16.3528271 0.0180142 0
2454888.7405211804434657 16.3061733 0.0170064 0
2454888.7414523148909211 16.3442459 0.0180085 0
2454888.7423770832829177 16.3200855 0.0170111 0
2454888.7433151621371508 16.3545322 0.0170092 0
2454888.7442549769766629 16.3109112 0.0170068 0
2454888.7451936341822147 16.3475418 0.0190102 0
2454888.7461322918534279 16.3281364 0.0200095 0
2454888.7470535878092051 16.3669777 0.0170105 0
2454888.7479812498204410 16.3485012 0.0220145 0
2454888.7489129630848765 16.3261051 0.0170054 0
2454888.7498718751594424 16.3424206 0.0190078 0
2454888.7507966435514390 16.3459110 0.0170076 0
2454888.7517289351671934 16.3307076 0.0180070 0
2454888.7526432871818542 16.3655949 0.0220137 0
2454888.7535784724168479 16.3579464 0.0180080 0
2454888.7545165508054197 16.3538609 0.0200098 0
2454888.7554476852528751 16.3138924 0.0170095 0
2454888.7563805556856096 16.3642445 0.0170098 0
2454888.7573082176968455 16.3244839 0.0170076 0
2454888.7582358797080815 16.3588848 0.0180111 0
2454888.7591681713238358 16.3263683 0.0170069 0
2454888.7600981481373310 16.3531628 0.0180081 0
2454888.7610315973870456 16.3246746 0.0170080 0
2454888.7619598377496004 16.3420830 0.0170105 0
2454888.7628956018015742 16.3420124 0.0180118 0
2454888.7638631942681968 16.3358707 0.0180083 0
2454888.7647983795031905 16.3673153 0.0180117 0
2454888.7657763888128102 16.3383274 0.0180111 0
2454888.7667086804285645 16.3386803 0.0190095 0
2454888.7676403936930001 16.3607483 0.0180283 0
2454888.7685732636600733 16.3670883 0.0180107 0
2454888.7696270835585892 16.3286285 0.0200108 0
2454888.7705732639878988 16.3441181 0.0210093 0
2454888.7715084492228925 16.3596554 0.0200104 0
2454888.7724303239956498 16.3896408 0.0210109 0
2454888.7733620372600853 16.3335228 0.0230156 0
2454888.7743105324916542 16.3570080 0.0200115 0
2454888.7761843749321997 16.3744335 0.0350137 0
2454888.7771444446407259 16.4339352 0.0521208 0
2454888.7781050927005708 16.3413024611111 99 1
2454888.7790119214914739 16.3413024611111 99 1
2454888.7799465279094875 16.3413024611111 99 1
2454888.7809378472156823 16.3454990 0.0180171 0
2454888.7818875000812113 16.3476906 0.0180290 0
2454888.7828354164958000 16.3413024611111 99 1
2454888.7837873841635883 16.3413024611111 99 1
2454888.7847306714393198 16.3593121 0.0180124 0
2454888.7856895835138857 16.3495426 0.0180097 0
2454888.7866369211114943 16.3510551 0.0170099 0
2454888.7875900464132428 16.3592682 0.0170189 0
2454888.7885396992787719 16.3450146 0.0170125 0
2454888.7894795136526227 16.3517475 0.0180188 0
