0.795121951219512
2454887.7398140048608184 17.5258408 0.0280045 0
2454887.7406988427974284 17.5286884 0.0280057 0
2454887.7416172455996275 17.5253754 0.0290097 0
2454887.7425315971486270 17.5284824 0.0280081 0
2454887.7434355323202908 17.5626392 0.0300055 0
2454887.7444280092604458 17.5725594 0.0300072 0
2454887.7453365740366280 17.5247421 0.0280063 0
2454887.7462584492750466 17.5181866 0.0280063 0
2454887.7471716436557472 17.5175438 0.0280054 0
2454887.7480946760624647 17.5035458 0.0280037 0
2454887.7490032408386469 17.5152626 0.0280042 0
2454887.7499204860068858 17.5025959 0.0280084 0
2454887.7508365740068257 17.5124111 0.0290042 0
2454887.7517543979920447 17.5505600 0.0290040 0
2454887.7526531252078712 17.5152493 0.0290043 0
2454887.7535726851783693 17.5315285 0.0310026 0
2454887.7544905091635883 17.5832729 0.0310043 0
2454887.7554083331488073 17.5099545 0.0320047 0
2454887.7563325231894851 17.5074673 0.0290086 0
2454887.7572474535554647 17.5117321 0.0330086 0
2454887.7581785880029202 17.5140438 0.0330041 0
2454887.7590917823836207 17.5627842 0.0340061 0
2454887.7600171295925975 17.5263233 0.0310040 0
2454887.7618961804546416 17.5075665 0.0310036 0
2454887.7627902776002884 17.5322361 0.0310140 0
2454887.7637017359957099 17.5868092 0.0330035 0
2454887.7646328704431653 17.5795441 0.0320062 0
2454887.7655541668646038 17.5445576 0.0330044 0
2454887.7664656247943640 17.5958214 0.0360035 0
2454887.7674204860813916 17.5762844 0.0370036 0
2454887.7683498840779066 17.5945282 0.0370027 0
2454887.7693741898983717 17.4695377 0.0340034 0
2454887.7705530091188848 17.6082916 0.0380043 0
2454887.7714465279132128 17.5285549 0.0330052 0
2454887.7723736111074686 17.5702553 0.0400026 0
2454887.7732908562757075 17.5550842 0.0350041 0
2454887.7742555555887520 17.5776806 0.0370029 0
2454887.7751803239807487 17.6316185 0.0400028 0
2454887.7761074071750045 17.5793457 0.0370033 0
2454887.7770414352416992 17.5661716 0.0390047 0
2454887.7779604168608785 17.5585728 0.0340041 0
2454887.7788863424211740 17.5037212 0.0330058 0
2454887.7798122684471309 17.5472565 0.0340033 0
2454887.7807370368391275 17.5377464 0.0340057 0
2454887.7817167825996876 17.5494289 0.0360041 0
2454887.7835888890549541 17.5296288 0.0410086 0
2454887.7844922454096377 17.5392857 0.0420102 0
2454887.7854181714355946 17.5062943 0.0370032 0
2454887.7863481482490897 17.5334148 0.0380032 0
2454887.7872862266376615 17.5539989 0.0400042 0
2454887.7882127314805984 17.5326633 0.0410033 0
2454887.7891357638873160 17.5169334 0.0540031 0
2454887.7900576386600733 17.6769085 0.0650044 0
2454887.7909748842939734 17.6378613 0.0480043 0
2454887.7919089118950069 17.4434528 0.0410056 0
2454887.7928527779877186 17.5313911 0.0440043 0
2454887.7937896992079914 17.5794563 0.0450037 0
2454887.7947162035852671 17.5992889 0.0470033 0
2454887.7956571760587394 17.5738526312883 99 1
2454887.7965848380699754 17.4874878 0.0440050 0
2454887.7975275460630655 17.5500050 0.0440062 0
2454887.7985703703016043 17.5705147 0.0510040 0
2454887.7997063659131527 17.5879517 0.0520041 0
2454887.8006496527232230 17.5718575 0.0490163 0
2454887.8016322916373610 17.5328903 0.0490039 0
2454887.8026537038385868 17.5152397 0.0490030 0
2454887.8036947916261852 17.5648670 0.0520044 0
2454887.8047144678421319 17.5101681 0.0510049 0
2454887.8056924766860902 17.6255283 0.0560042 0
2454887.8066947916522622 17.5297470 0.0530043 0
2454887.8085750001482666 17.4809036 0.0550042 0
2454887.8095032409764826 17.4526482 0.0450041 0
2454887.8114725695922971 17.4972553 0.0570061 0
2454887.8123961803503335 17.5586090 0.0580039 0
2454887.8133319444023073 17.5723495 0.0540059 0
2454887.8142671296373010 17.4589405 0.0580049 0
2454887.8152069444768131 17.4629269 0.0540059 0
2454887.8161473381333053 17.5738526312883 99 1
2454887.8170964121818542 17.5738526312883 99 1
2454887.8191074072383344 17.5374184 0.0610041 0
2454887.8200408564880490 17.5796242 0.0740125 0
2454887.8209934029728174 17.5738526312883 99 1
2454887.8219609954394400 17.6013641 0.0710043 0
2454887.8229123842902482 17.4764671 0.0640057 0
2454887.8238782407715917 17.5738526312883 99 1
2454887.8248504628427327 17.4006691 0.0680125 0
2454887.8258990738540888 17.5738526312883 99 1
2454887.8268562499433756 17.6690998 0.0970137 0
2454887.8278082176111639 17.5738526312883 99 1
2454887.8287613424472511 17.5738526312883 99 1
2454887.8297381945885718 17.5738526312883 99 1
2454887.8306537037715316 17.5738526312883 99 1
2454887.8315848377533257 17.5738526312883 99 1
2454887.8325101854279637 17.5530643 0.1060097 0
2454887.8334546294063330 17.5738526312883 99 1
2454888.6674447916448116 17.5111904 0.0340065 0
2454888.6683608796447515 17.5640545 0.0310103 0
2454888.6692607640288770 17.5444393 0.0310084 0
2454888.6701681711710989 17.5419941 0.0310117 0
2454888.6710802083835006 17.5358715 0.0310143 0
2454888.6719829859212041 17.5638885 0.0300052 0
2454888.6729060183279216 17.5717640 0.0340065 0
2454888.6738012731075287 17.5670681 0.0310104 0
2454888.6747040511108935 17.5326691 0.0310146 0
2454888.6756184026598930 17.5356712 0.0290062 0
2454888.6765431715175509 17.5221996 0.0300071 0
2454888.6774395834654570 17.4787636 0.0280075 0
2454888.6895935186184943 17.6395054 0.0360025 0
2454888.6905084489844739 17.6263027 0.0300034 0
2454888.6914349538274109 17.5565472 0.0320038 0
2454888.6923412038013339 17.6268444 0.0360048 0
2454888.6932462961412966 17.5856552 0.0360031 0
2454888.6941357636824250 17.6974792 0.0430026 0
2454888.6950402776710689 17.6113052 0.0400026 0
2454888.6959453704766929 17.6191578 0.0390032 0
2454888.6968608796596527 17.6387539 0.0370028 0
2454888.7025194442830980 17.6287422 0.0710038 0
2454888.7034413195215166 17.6738644 0.0860026 0
2454888.7043498842976987 17.6410599 0.0850027 0
2454888.7072759261354804 17.6893253 0.0780026 0
2454888.7081872685812414 17.7787437 0.0910032 0
2454888.7090981481596828 17.5738526312883 99 1
2454888.7100136573426425 17.7415295 0.1220027 0
2454888.7109413193538785 17.8149376 0.1190030 0
2454888.7118799770250916 17.8039532 0.1150029 0
2454888.7128006946295500 17.5738526312883 99 1
2454888.7137162038125098 17.5738526312883 99 1
2454888.7146427081897855 17.5738526312883 99 1
2454888.7155553242191672 17.5738526312883 99 1
2454888.7165379631333053 17.5738526312883 99 1
2454888.7174476850777864 17.5738526312883 99 1
2454888.7183736111037433 17.5738526312883 99 1
2454888.7193006942979991 17.5738526312883 99 1
2454888.7211502315476537 17.5738526312883 99 1
2454888.7220478011295199 17.5738526312883 99 1
2454888.7229563659057021 17.5738526312883 99 1
2454888.7238770835101604 17.5738526312883 99 1
2454888.7247787038795650 17.5738526312883 99 1
2454888.7256785877980292 17.5738526312883 99 1
2454888.7266351850703359 17.5738526312883 99 1
2454888.7275616899132729 17.5738526312883 99 1
2454888.7284939815290272 17.5738526312883 99 1
2454888.7294222223572433 17.6937981 0.0840024 0
2454888.7312717591412365 17.5738526312883 99 1
2454888.7321843751706183 17.5738526312883 99 1
2454888.7331114583648741 17.7037048 0.0700023 0
2454888.7340130787342787 17.5901718 0.0570023 0
2454888.7349737267941236 17.6115494 0.0590023 0
2454888.7358950232155621 17.6717987 0.0670031 0
2454888.7368302084505558 17.5738526312883 99 1
2454888.7377503472380340 17.6319332 0.0580030 0
2454888.7386693288572133 17.6076832 0.0580041 0
2454888.7395883100107312 17.5688267 0.0490052 0
2454888.7405211804434657 17.5681744 0.0510021 0
2454888.7414523148909211 17.6522465 0.0500030 0
2454888.7423770832829177 17.5850868 0.0480039 0
2454888.7433151621371508 17.5685310 0.0460034 0
2454888.7442549769766629 17.5529099 0.0460025 0
2454888.7451936341822147 17.5935421 0.0560035 0
2454888.7461322918534279 17.6401367 0.0630030 0
2454888.7470535878092051 17.5479774 0.0420042 0
2454888.7479812498204410 17.7024994 0.0760042 0
2454888.7489129630848765 17.6511059 0.0500018 0
2454888.7498718751594424 17.5894203 0.0520028 0
2454888.7507966435514390 17.6479111 0.0520025 0
2454888.7517289351671934 17.6347084 0.0510025 0
2454888.7526432871818542 17.6625957 0.0720042 0
2454888.7535784724168479 17.5539455 0.0500029 0
2454888.7545165508054197 17.5738526312883 99 1
2454888.7554476852528751 17.4858913 0.0430037 0
2454888.7563805556856096 17.5402451 0.0450037 0
2454888.7573082176968455 17.6034832 0.0500026 0
2454888.7582358797080815 17.6218853 0.0520038 0
2454888.7591681713238358 17.6663685 0.0520022 0
2454888.7600981481373310 17.6161613 0.0500029 0
2454888.7610315973870456 17.5846748 0.0460029 0
2454888.7619598377496004 17.5900841 0.0460039 0
2454888.7628956018015742 17.5590115 0.0520041 0
2454888.7638631942681968 17.5828705 0.0540028 0
2454888.7647983795031905 17.6193161 0.0490043 0
2454888.7657763888128102 17.6113281 0.0530038 0
2454888.7667086804285645 17.5738526312883 99 1
2454888.7676403936930001 17.5977497 0.0540094 0
2454888.7685732636600733 17.4890881 0.0440044 0
2454888.7696270835585892 17.6726303 0.0620035 0
2454888.7705732639878988 17.6271172 0.0620031 0
2454888.7715084492228925 17.6126537 0.0630033 0
2454888.7724303239956498 17.6136417 0.0720032 0
2454888.7733620372600853 17.7785225 0.0860042 0
2454888.7743105324916542 17.6190090 0.0620037 0
2454888.7761843749321997 17.5738526312883 99 1
2454888.7771444446407259 17.5738526312883 99 1
2454888.7781050927005708 17.5738526312883 99 1
2454888.7790119214914739 17.5738526312883 99 1
2454888.7799465279094875 17.5738526312883 99 1
2454888.7809378472156823 17.5154991 0.0470065 0
2454888.7818875000812113 17.6146908 0.0500105 0
2454888.7828354164958000 17.5738526312883 99 1
2454888.7837873841635883 17.5738526312883 99 1
2454888.7847306714393198 17.5503139 0.0500044 0
2454888.7856895835138857 17.5205421 0.0460038 0
2454888.7866369211114943 17.5810566 0.0460037 0
2454888.7875900464132428 17.4862671 0.0410078 0
2454888.7885396992787719 17.5790138 0.0480044 0
2454888.7894795136526227 17.5457478 0.0460073 0
