0.317073170731707
2454887.7398140048608184 18.3098412 0.0570022 0
2454887.7406988427974284 18.3446884 0.0560029 0
2454887.7416172455996275 18.2853756 0.0580048 0
2454887.7425315971486270 18.2814827 0.0560040 0
2454887.7434355323202908 18.2646389 0.0540031 0
2454887.7444280092604458 18.24944828 99 1
2454887.7453365740366280 18.2547417 0.0540033 0
2454887.7462584492750466 18.3371868 0.0580030 0
2454887.7471716436557472 18.3075447 0.0590026 0
2454887.7480946760624647 18.2955456 0.0570018 0
2454887.7490032408386469 18.3072624 0.0600019 0
2454887.7499204860068858 18.3755951 0.0610038 0
2454887.7508365740068257 18.3734112 0.0610020 0
2454887.7517543979920447 18.3335590 0.0600019 0
2454887.7526531252078712 18.2692490 0.0560022 0
2454887.7535726851783693 18.3445301 0.0590014 0
2454887.7544905091635883 18.2982731 0.0590022 0
2454887.7554083331488073 18.3629551 0.0660023 0
2454887.7563325231894851 18.3474674 0.0620040 0
2454887.7572474535554647 18.3027325 0.0700041 0
2454887.7581785880029202 18.3040447 0.0680020 0
2454887.7590917823836207 18.3507824 0.0650032 0
2454887.7600171295925975 18.3503227 0.0660019 0
2454887.7618961804546416 18.2965660 0.0630018 0
2454887.7627902776002884 18.4142361 0.0660066 0
2454887.7637017359957099 18.2588100 0.0590020 0
2454887.7646328704431653 18.3245449 0.0580034 0
2454887.7655541668646038 18.4225578 0.0770019 0
2454887.7664656247943640 18.3038216 0.0680019 0
2454887.7674204860813916 18.2492828 0.0700019 0
2454887.7683498840779066 18.2415276 0.0710014 0
2454887.7693741898983717 18.24944828 99 1
2454887.7705530091188848 18.2942905 0.0770021 0
2454887.7714465279132128 18.2445545 0.0630027 0
2454887.7723736111074686 18.24944828 99 1
2454887.7732908562757075 18.3150845 0.0740019 0
2454887.7742555555887520 18.2456818 0.0670016 0
2454887.7751803239807487 18.24944828 99 1
2454887.7761074071750045 18.2433453 0.0680018 0
2454887.7770414352416992 18.24944828 99 1
2454887.7779604168608785 18.2895737 0.0680020 0
2454887.7788863424211740 18.3417206 0.0760025 0
2454887.7798122684471309 18.3492565 0.0700016 0
2454887.7807370368391275 18.2447472 0.0660029 0
2454887.7817167825996876 18.1294289 0.0640023 0
2454887.7835888890549541 18.24944828 99 1
2454887.7844922454096377 18.24944828 99 1
2454887.7854181714355946 18.24944828 99 1
2454887.7863481482490897 18.1584148 0.0680018 0
2454887.7872862266376615 18.1859989 0.0760022 0
2454887.7882127314805984 18.24944828 99 1
2454887.7891357638873160 18.24944828 99 1
2454887.7900576386600733 18.24944828 99 1
2454887.7909748842939734 18.24944828 99 1
2454887.7919089118950069 18.24944828 99 1
2454887.7928527779877186 18.2883911 0.0910021 0
2454887.7937896992079914 18.1804562 0.0780021 0
2454887.7947162035852671 18.24944828 99 1
2454887.7956571760587394 18.24944828 99 1
2454887.7965848380699754 18.24944828 99 1
2454887.7975275460630655 18.24944828 99 1
2454887.7985703703016043 18.24944828 99 1
2454887.7997063659131527 18.24944828 99 1
2454887.8006496527232230 18.24944828 99 1
2454887.8016322916373610 18.24944828 99 1
2454887.8026537038385868 18.24944828 99 1
2454887.8036947916261852 18.24944828 99 1
2454887.8047144678421319 18.24944828 99 1
2454887.8056924766860902 18.24944828 99 1
2454887.8066947916522622 18.24944828 99 1
2454887.8085750001482666 18.24944828 99 1
2454887.8095032409764826 18.24944828 99 1
2454887.8114725695922971 18.24944828 99 1
2454887.8123961803503335 18.24944828 99 1
2454887.8133319444023073 18.24944828 99 1
2454887.8142671296373010 18.24944828 99 1
2454887.8152069444768131 18.24944828 99 1
2454887.8161473381333053 18.24944828 99 1
2454887.8170964121818542 18.24944828 99 1
2454887.8191074072383344 18.24944828 99 1
2454887.8200408564880490 18.24944828 99 1
2454887.8209934029728174 18.24944828 99 1
2454887.8219609954394400 18.24944828 99 1
2454887.8229123842902482 18.24944828 99 1
2454887.8238782407715917 18.24944828 99 1
2454887.8248504628427327 18.24944828 99 1
2454887.8258990738540888 18.24944828 99 1
2454887.8268562499433756 18.24944828 99 1
2454887.8278082176111639 18.24944828 99 1
2454887.8287613424472511 18.24944828 99 1
2454887.8297381945885718 18.24944828 99 1
2454887.8306537037715316 18.24944828 99 1
2454887.8315848377533257 18.24944828 99 1
2454887.8325101854279637 18.24944828 99 1
2454887.8334546294063330 18.24944828 99 1
2454888.6674447916448116 18.1001892 0.0660034 0
2454888.6683608796447515 18.2670536 0.0640050 0
2454888.6692607640288770 18.2074375 0.0600043 0
2454888.6701681711710989 18.1289940 0.0560065 0
2454888.6710802083835006 18.1778717 0.0630070 0
2454888.6719829859212041 18.1458893 0.0610026 0
2454888.6729060183279216 18.24944828 99 1
2454888.6738012731075287 18.1490688 0.0600054 0
2454888.6747040511108935 18.2126675 0.0650070 0
2454888.6756184026598930 18.2576714 0.0600030 0
2454888.6765431715175509 18.2371998 0.0630034 0
2454888.6774395834654570 18.1247635 0.0530040 0
2454888.6895935186184943 18.1665058 0.0610015 0
2454888.6905084489844739 18.1813030 0.0560018 0
2454888.6914349538274109 18.1235466 0.0550022 0
2454888.6923412038013339 18.2708435 0.0730024 0
2454888.6932462961412966 18.24944828 99 1
2454888.6941357636824250 18.0564785 0.0650017 0
2454888.6950402776710689 18.24944828 99 1
2454888.6959453704766929 18.24944828 99 1
2454888.6968608796596527 18.1997528 0.0680015 0
2454888.7025194442830980 18.24944828 99 1
2454888.7034413195215166 18.24944828 99 1
2454888.7043498842976987 18.24944828 99 1
2454888.7072759261354804 18.24944828 99 1
2454888.7081872685812414 18.24944828 99 1
2454888.7090981481596828 18.24944828 99 1
2454888.7100136573426425 18.24944828 99 1
2454888.7109413193538785 18.24944828 99 1
2454888.7118799770250916 18.24944828 99 1
2454888.7128006946295500 18.24944828 99 1
2454888.7137162038125098 18.24944828 99 1
2454888.7146427081897855 18.24944828 99 1
2454888.7155553242191672 18.24944828 99 1
2454888.7165379631333053 18.24944828 99 1
2454888.7174476850777864 18.24944828 99 1
2454888.7183736111037433 18.24944828 99 1
2454888.7193006942979991 18.24944828 99 1
2454888.7211502315476537 18.24944828 99 1
2454888.7220478011295199 18.24944828 99 1
2454888.7229563659057021 18.24944828 99 1
2454888.7238770835101604 18.24944828 99 1
2454888.7247787038795650 18.24944828 99 1
2454888.7256785877980292 18.24944828 99 1
2454888.7266351850703359 18.24944828 99 1
2454888.7275616899132729 18.24944828 99 1
2454888.7284939815290272 18.24944828 99 1
2454888.7294222223572433 18.24944828 99 1
2454888.7312717591412365 18.24944828 99 1
2454888.7321843751706183 18.24944828 99 1
2454888.7331114583648741 18.24944828 99 1
2454888.7340130787342787 18.24944828 99 1
2454888.7349737267941236 18.24944828 99 1
2454888.7358950232155621 18.24944828 99 1
2454888.7368302084505558 18.24944828 99 1
2454888.7377503472380340 18.24944828 99 1
2454888.7386693288572133 18.24944828 99 1
2454888.7395883100107312 18.24944828 99 1
2454888.7405211804434657 18.0221729 0.0830013 0
2454888.7414523148909211 18.24944828 99 1
2454888.7423770832829177 18.24944828 99 1
2454888.7433151621371508 18.24944828 99 1
2454888.7442549769766629 18.24944828 99 1
2454888.7451936341822147 18.24944828 99 1
2454888.7461322918534279 18.24944828 99 1
2454888.7470535878092051 18.0719776 0.0820022 0
2454888.7479812498204410 18.24944828 99 1
2454888.7489129630848765 18.24944828 99 1
2454888.7498718751594424 18.24944828 99 1
2454888.7507966435514390 18.24944828 99 1
2454888.7517289351671934 18.24944828 99 1
2454888.7526432871818542 18.24944828 99 1
2454888.7535784724168479 18.24944828 99 1
2454888.7545165508054197 17.9788609 0.0930021 0
2454888.7554476852528751 18.24944828 99 1
2454888.7563805556856096 18.24944828 99 1
2454888.7573082176968455 18.24944828 99 1
2454888.7582358797080815 18.24944828 99 1
2454888.7591681713238358 18.1103687 0.0890013 0
2454888.7600981481373310 18.24944828 99 1
2454888.7610315973870456 18.24944828 99 1
2454888.7619598377496004 18.24944828 99 1
2454888.7628956018015742 18.24944828 99 1
2454888.7638631942681968 18.24944828 99 1
2454888.7647983795031905 18.24944828 99 1
2454888.7657763888128102 18.24944828 99 1
2454888.7667086804285645 18.24944828 99 1
2454888.7676403936930001 18.24944828 99 1
2454888.7685732636600733 18.24944828 99 1
2454888.7696270835585892 18.24944828 99 1
2454888.7705732639878988 18.24944828 99 1
2454888.7715084492228925 18.24944828 99 1
2454888.7724303239956498 18.24944828 99 1
2454888.7733620372600853 18.24944828 99 1
2454888.7743105324916542 18.24944828 99 1
2454888.7761843749321997 18.24944828 99 1
2454888.7771444446407259 18.24944828 99 1
2454888.7781050927005708 18.24944828 99 1
2454888.7790119214914739 18.24944828 99 1
2454888.7799465279094875 18.24944828 99 1
2454888.7809378472156823 18.24944828 99 1
2454888.7818875000812113 18.24944828 99 1
2454888.7828354164958000 18.24944828 99 1
2454888.7837873841635883 18.24944828 99 1
2454888.7847306714393198 18.24944828 99 1
2454888.7856895835138857 18.24944828 99 1
2454888.7866369211114943 18.24944828 99 1
2454888.7875900464132428 18.24944828 99 1
2454888.7885396992787719 18.24944828 99 1
2454888.7894795136526227 18.24944828 99 1
