0.965853658536585
2454887.7398140048608184 16.1028423 0.0110114 0
2454887.7406988427974284 16.0886898 0.0110146 0
2454887.7416172455996275 16.1193752 0.0110255 0
2454887.7425315971486270 16.1024837 0.0110206 0
2454887.7434355323202908 16.1126385 0.0110151 0
2454887.7444280092604458 16.1205597 0.0110197 0
2454887.7453365740366280 16.1167412 0.0110160 0
2454887.7462584492750466 16.1271877 0.0110160 0
2454887.7471716436557472 16.0945435 0.0110138 0
2454887.7480946760624647 16.1175442 0.0110094 0
2454887.7490032408386469 16.1202621 0.0110106 0
2454887.7499204860068858 16.1215954 0.0110213 0
2454887.7508365740068257 16.1234112 0.0110110 0
2454887.7517543979920447 16.1135597 0.0110106 0
2454887.7526531252078712 16.1312485 0.0110112 0
2454887.7535726851783693 16.1205292 0.0120068 0
2454887.7544905091635883 16.1092720 0.0110120 0
2454887.7554083331488073 16.1319561 0.0120125 0
2454887.7563325231894851 16.1174679 0.0110227 0
2454887.7572474535554647 16.1157341 0.0120236 0
2454887.7581785880029202 16.1140442 0.0120113 0
2454887.7590917823836207 16.1097832 0.0120173 0
2454887.7600171295925975 16.1403217 0.0120103 0
2454887.7618961804546416 16.1085682 0.0120094 0
2454887.7627902776002884 16.0982361 0.0110395 0
2454887.7637017359957099 16.1318092 0.0120097 0
2454887.7646328704431653 16.1155453 0.0120165 0
2454887.7655541668646038 16.1055584 0.0120122 0
2454887.7664656247943640 16.1278229 0.0130098 0
2454887.7674204860813916 16.1042824 0.0120110 0
2454887.7683498840779066 16.1085281 0.0120082 0
2454887.7693741898983717 16.1215382 0.0130089 0
2454887.7705530091188848 16.1012917 0.0120137 0
2454887.7714465279132128 16.0955544 0.0120143 0
2454887.7723736111074686 16.1202545 0.0130081 0
2454887.7732908562757075 16.1290836 0.0130110 0
2454887.7742555555887520 16.1186810 0.0120089 0
2454887.7751803239807487 16.1256199 0.0130086 0
2454887.7761074071750045 16.1163445 0.0130094 0
2454887.7770414352416992 16.1031704 0.0130142 0
2454887.7779604168608785 16.1115723 0.0130106 0
2454887.7788863424211740 16.1167202 0.0120161 0
2454887.7798122684471309 16.1292553 0.0120094 0
2454887.7807370368391275 16.1367474 0.0130149 0
2454887.7817167825996876 16.1264286 0.0130113 0
2454887.7835888890549541 16.1126289 0.0140252 0
2454887.7844922454096377 16.0952835 0.0140307 0
2454887.7854181714355946 16.1402931 0.0130092 0
2454887.7863481482490897 16.1194153 0.0130094 0
2454887.7872862266376615 16.1299992 0.0130128 0
2454887.7882127314805984 16.1016636 0.0130105 0
2454887.7891357638873160 16.1159344 0.0170097 0
2454887.7900576386600733 16.1489105 0.0180158 0
2454887.7909748842939734 16.1418610 0.0140146 0
2454887.7919089118950069 16.1274529 0.0150153 0
2454887.7928527779877186 16.1133919 0.0140135 0
2454887.7937896992079914 16.1354561 0.0140120 0
2454887.7947162035852671 16.1032867 0.0140112 0
2454887.7956571760587394 16.1101189 0.0170090 0
2454887.7965848380699754 16.1314888 0.0150146 0
2454887.7975275460630655 16.1390057 0.0150183 0
2454887.7985703703016043 16.1215153 0.0150135 0
2454887.7997063659131527 16.1299515 0.0160132 0
2454887.8006496527232230 16.0988579 0.0150532 0
2454887.8016322916373610 16.1528912 0.0150128 0
2454887.8026537038385868 16.1312389 0.0160093 0
2454887.8036947916261852 16.1398678 0.0170135 0
2454887.8047144678421319 16.1451664 0.0170148 0
2454887.8056924766860902 16.1405296 0.0170139 0
2454887.8066947916522622 16.1627464 0.0170133 0
2454887.8085750001482666 16.1379032 0.0180129 0
2454887.8095032409764826 16.1526470 0.0160116 0
2454887.8114725695922971 16.1522579 0.0180194 0
2454887.8123961803503335 16.1396084 0.0170135 0
2454887.8133319444023073 16.1533489 0.0170187 0
2454887.8142671296373010 16.1169395 0.0180158 0
2454887.8152069444768131 16.2009277 0.0190168 0
2454887.8161473381333053 16.1213741 0.0180174 0
2454887.8170964121818542 16.1474266 0.0190245 0
2454887.8191074072383344 16.1834202 0.0200125 0
2454887.8200408564880490 16.1366234 0.0210441 0
2454887.8209934029728174 16.1237125 0.0200388 0
2454887.8219609954394400 16.1323643 0.0190159 0
2454887.8229123842902482 16.1394672 0.0200182 0
2454887.8238782407715917 16.1006317 0.0210230 0
2454887.8248504628427327 16.1416683 0.0230370 0
2454887.8258990738540888 16.1419258 0.0270270 0
2454887.8268562499433756 16.1321011 0.0250533 0
2454887.8278082176111639 16.1009026 0.0220199 0
2454887.8287613424472511 16.1583595 0.0280364 0
2454887.8297381945885718 16.1133423 0.0270197 0
2454887.8306537037715316 16.0654469 0.0260729 0
2454887.8315848377533257 16.1194611 0.0280231 0
2454887.8325101854279637 16.1460648 0.0290356 0
2454887.8334546294063330 16.1358528 0.0281295 0
2454888.6674447916448116 16.1421890 0.0120184 0
2454888.6683608796447515 16.1510544 0.0120265 0
2454888.6692607640288770 16.1584377 0.0120217 0
2454888.6701681711710989 16.1549931 0.0120302 0
2454888.6710802083835006 16.1388721 0.0120369 0
2454888.6719829859212041 16.1448898 0.0120130 0
2454888.6729060183279216 16.1547642 0.0120183 0
2454888.6738012731075287 16.1300678 0.0110293 0
2454888.6747040511108935 16.1666679 0.0120378 0
2454888.6756184026598930 16.1266727 0.0110164 0
2454888.6765431715175509 16.1351986 0.0110193 0
2454888.6774395834654570 16.1237640 0.0110191 0
2454888.6895935186184943 16.1415062 0.0120076 0
2454888.6905084489844739 16.1273022 0.0110093 0
2454888.6914349538274109 16.1535473 0.0120101 0
2454888.6923412038013339 16.1498432 0.0130134 0
2454888.6932462961412966 16.1486549 0.0130086 0
2454888.6941357636824250 16.1324787 0.0130086 0
2454888.6950402776710689 16.1123047 0.0130080 0
2454888.6959453704766929 16.1191578 0.0130095 0
2454888.6968608796596527 16.1427536 0.0130080 0
2454888.7025194442830980 16.1137428 0.0200135 0
2454888.7034413195215166 16.1448650 0.0220103 0
2454888.7043498842976987 16.1280594 0.0230099 0
2454888.7072759261354804 16.1383247 0.0210096 0
2454888.7081872685812414 16.1447449 0.0220133 0
2454888.7090981481596828 16.1235714 0.0230127 0
2454888.7100136573426425 16.1525307 0.0290113 0
2454888.7109413193538785 16.1319389 0.0260137 0
2454888.7118799770250916 16.1139526 0.0260129 0
2454888.7128006946295500 16.1723766 0.0330135 0
2454888.7137162038125098 16.1230583 0.0270109 0
2454888.7146427081897855 16.1651039 0.0270195 0
2454888.7155553242191672 16.1529598 0.0280315 0
2454888.7165379631333053 16.0975304 0.0250098 0
2454888.7174476850777864 16.1043167 0.0270160 0
2454888.7183736111037433 16.1627445 0.0330101 0
2454888.7193006942979991 16.1223965 0.0280142 0
2454888.7211502315476537 16.1928520 0.0430185 0
2454888.7220478011295199 16.2171154 0.0590157 0
2454888.7229563659057021 16.1345514156566 99 1
2454888.7238770835101604 16.1345514156566 99 1
2454888.7247787038795650 16.1345514156566 99 1
2454888.7256785877980292 16.2056274 0.0480190 0
2454888.7266351850703359 16.1069546 0.0270086 0
2454888.7275616899132729 16.1572495 0.0250089 0
2454888.7284939815290272 16.1198063 0.0220094 0
2454888.7294222223572433 16.1147995 0.0210094 0
2454888.7312717591412365 16.1763077 0.0250129 0
2454888.7321843751706183 16.1319847 0.0220124 0
2454888.7331114583648741 16.1637039 0.0200082 0
2454888.7340130787342787 16.1661739 0.0190069 0
2454888.7349737267941236 16.1225491 0.0170080 0
2454888.7358950232155621 16.1677990 0.0190109 0
2454888.7368302084505558 16.1444016 0.0170222 0
2454888.7377503472380340 16.1249332 0.0160110 0
2454888.7386693288572133 16.1386852 0.0170138 0
2454888.7395883100107312 16.1618271 0.0160160 0
2454888.7405211804434657 16.1391735 0.0150073 0
2454888.7414523148909211 16.1202469 0.0150101 0
2454888.7423770832829177 16.1270866 0.0150126 0
2454888.7433151621371508 16.1485329 0.0150104 0
2454888.7442549769766629 16.1499100 0.0150077 0
2454888.7451936341822147 16.1485424 0.0170115 0
2454888.7461322918534279 16.1701374 0.0180105 0
2454888.7470535878092051 16.1399765 0.0140127 0
2454888.7479812498204410 16.1224995 0.0190167 0
2454888.7489129630848765 16.1341057 0.0150061 0
2454888.7498718751594424 16.1414204 0.0160092 0
2454888.7507966435514390 16.1469116 0.0160081 0
2454888.7517289351671934 16.1387062 0.0150084 0
2454888.7526432871818542 16.1285954 0.0180167 0
2454888.7535784724168479 16.1219463 0.0150096 0
2454888.7545165508054197 16.1268616 0.0160122 0
2454888.7554476852528751 16.1338921 0.0140115 0
2454888.7563805556856096 16.1452427 0.0140119 0
2454888.7573082176968455 16.1274834 0.0160081 0
2454888.7582358797080815 16.1288853 0.0160125 0
2454888.7591681713238358 16.1363697 0.0150078 0
2454888.7600981481373310 16.1591625 0.0150097 0
2454888.7610315973870456 16.1226749 0.0140097 0
2454888.7619598377496004 16.1180820 0.0150119 0
2454888.7628956018015742 16.1780128 0.0160133 0
2454888.7638631942681968 16.1288700 0.0160094 0
2454888.7647983795031905 16.1363163 0.0150140 0
2454888.7657763888128102 16.1283283 0.0160125 0
2454888.7667086804285645 16.1356812 0.0170106 0
2454888.7676403936930001 16.1807480 0.0160318 0
2454888.7685732636600733 16.1490879 0.0150128 0
2454888.7696270835585892 16.1576290 0.0170127 0
2454888.7705732639878988 16.1541176 0.0180108 0
2454888.7715084492228925 16.1266537 0.0180116 0
2454888.7724303239956498 16.1426411 0.0180127 0
2454888.7733620372600853 16.1495228 0.0200180 0
2454888.7743105324916542 16.1290092 0.0170136 0
2454888.7761843749321997 16.1094341 0.0280171 0
2454888.7771444446407259 16.2879353 0.0471336 0
2454888.7781050927005708 16.0983753 0.0630753 0
2454888.7790119214914739 16.1345514156566 99 1
2454888.7799465279094875 16.1345514156566 99 1
2454888.7809378472156823 16.1524982 0.0160192 0
2454888.7818875000812113 16.1716900 0.0160326 0
2454888.7828354164958000 16.1345514156566 99 1
2454888.7837873841635883 16.1345514156566 99 1
2454888.7847306714393198 16.1403122 0.0160139 0
2454888.7856895835138857 16.1555424 0.0150116 0
2454888.7866369211114943 16.1460552 0.0150113 0
2454888.7875900464132428 16.1752682 0.0150214 0
2454888.7885396992787719 16.1820145 0.0150142 0
2454888.7894795136526227 16.1817474 0.0160211 0
