0.975609756097561
2454887.7398140048608184 15.6078424 0.0090139 0
2454887.7406988427974284 15.6136904 0.0080200 0
2454887.7416172455996275 15.6073751 0.0090311 0
2454887.7425315971486270 15.6154823 0.0090251 0
2454887.7434355323202908 15.6046391 0.0090184 0
2454887.7444280092604458 15.6115580 0.0090240 0
2454887.7453365740366280 15.5997410 0.0090196 0
2454887.7462584492750466 15.5901871 0.0090195 0
2454887.7471716436557472 15.6005430 0.0080190 0
2454887.7480946760624647 15.6095448 0.0090115 0
2454887.7490032408386469 15.6032610 0.0090130 0
2454887.7499204860068858 15.6315937 0.0090260 0
2454887.7508365740068257 15.6164112 0.0090134 0
2454887.7517543979920447 15.5985594 0.0090129 0
2454887.7526531252078712 15.5972471 0.0090137 0
2454887.7535726851783693 15.6035309 0.0090091 0
2454887.7544905091635883 15.6072731 0.0090147 0
2454887.7554083331488073 15.6249552 0.0090167 0
2454887.7563325231894851 15.6144676 0.0090277 0
2454887.7572474535554647 15.6147327 0.0100284 0
2454887.7581785880029202 15.6390448 0.0100136 0
2454887.7590917823836207 15.6287823 0.0090230 0
2454887.7600171295925975 15.6103239 0.0090138 0
2454887.7618961804546416 15.6115656 0.0090125 0
2454887.7627902776002884 15.6162367 0.0090482 0
2454887.7637017359957099 15.6088104 0.0090129 0
2454887.7646328704431653 15.6195431 0.0090220 0
2454887.7655541668646038 15.6015568 0.0090162 0
2454887.7664656247943640 15.6208229 0.0100127 0
2454887.7674204860813916 15.6112833 0.0100132 0
2454887.7683498840779066 15.6065292 0.0090110 0
2454887.7693741898983717 15.5985384 0.0100115 0
2454887.7705530091188848 15.6032906 0.0100164 0
2454887.7714465279132128 15.6115551 0.0100171 0
2454887.7723736111074686 15.6132545 0.0100105 0
2454887.7732908562757075 15.6030836 0.0100143 0
2454887.7742555555887520 15.6146822 0.0100107 0
2454887.7751803239807487 15.5986204 0.0100111 0
2454887.7761074071750045 15.6063452 0.0100122 0
2454887.7770414352416992 15.6211710 0.0100184 0
2454887.7779604168608785 15.6205750 0.0100138 0
2454887.7788863424211740 15.6137199 0.0100193 0
2454887.7798122684471309 15.6092558 0.0090126 0
2454887.7807370368391275 15.6217461 0.0100193 0
2454887.7817167825996876 15.6124296 0.0100147 0
2454887.7835888890549541 15.6256294 0.0110321 0
2454887.7844922454096377 15.6282835 0.0110391 0
2454887.7854181714355946 15.6052942 0.0100120 0
2454887.7863481482490897 15.6314135 0.0100122 0
2454887.7872862266376615 15.6189985 0.0100166 0
2454887.7882127314805984 15.5966616 0.0110124 0
2454887.7891357638873160 15.5709352 0.0130127 0
2454887.7900576386600733 15.5819092 0.0140203 0
2454887.7909748842939734 15.6258612 0.0110186 0
2454887.7919089118950069 15.6364517 0.0120192 0
2454887.7928527779877186 15.6053905 0.0110172 0
2454887.7937896992079914 15.6354551 0.0110152 0
2454887.7947162035852671 15.5922871 0.0110143 0
2454887.7956571760587394 15.5901194 0.0140110 0
2454887.7965848380699754 15.6144886 0.0120183 0
2454887.7975275460630655 15.6200056 0.0110249 0
2454887.7985703703016043 15.6285152 0.0120168 0
2454887.7997063659131527 15.5949507 0.0120176 0
2454887.8006496527232230 15.5988598 0.0120664 0
2454887.8016322916373610 15.6058912 0.0120160 0
2454887.8026537038385868 15.6052380 0.0120124 0
2454887.8036947916261852 15.5928679 0.0130176 0
2454887.8047144678421319 15.6311674 0.0130193 0
2454887.8056924766860902 15.6065292 0.0120197 0
2454887.8066947916522622 15.5827475 0.0130174 0
2454887.8085750001482666 15.5729036 0.0130179 0
2454887.8095032409764826 15.6206484 0.0120154 0
2454887.8114725695922971 15.6042566 0.0140249 0
2454887.8123961803503335 15.5916080 0.0130176 0
2454887.8133319444023073 15.5883493 0.0130244 0
2454887.8142671296373010 15.6079397 0.0140203 0
2454887.8152069444768131 15.5719271 0.0140227 0
2454887.8161473381333053 15.5873728 0.0140224 0
2454887.8170964121818542 15.5844259 0.0140333 0
2454887.8191074072383344 15.6014204 0.0140178 0
2454887.8200408564880490 15.5956240 0.0150616 0
2454887.8209934029728174 15.6007147 0.0150516 0
2454887.8219609954394400 15.5803633 0.0140215 0
2454887.8229123842902482 15.6244669 0.0140261 0
2454887.8238782407715917 15.6166325 0.0160301 0
2454887.8248504628427327 15.6036682 0.0170501 0
2454887.8258990738540888 15.5169239 0.0210347 0
2454887.8268562499433756 15.6051006 0.0180739 0
2454887.8278082176111639 15.6139030 0.0170257 0
2454887.8287613424472511 15.5183601 0.0210485 0
2454887.8297381945885718 15.5513420 0.0190280 0
2454887.8306537037715316 15.5974474 0.0190997 0
2454887.8315848377533257 15.5244617 0.0200323 0
2454887.8325101854279637 15.5800648 0.0210491 0
2454887.8334546294063330 15.5998545 0.0211724 0
2454888.6674447916448116 15.5661888 0.0090246 0
2454888.6683608796447515 15.5740547 0.0090353 0
2454888.6692607640288770 15.5854378 0.0090289 0
2454888.6701681711710989 15.5699930 0.0090403 0
2454888.6710802083835006 15.5718708 0.0090491 0
2454888.6719829859212041 15.5808897 0.0090174 0
2454888.6729060183279216 15.5697651 0.0090244 0
2454888.6738012731075287 15.5770683 0.0090358 0
2454888.6747040511108935 15.5796671 0.0090503 0
2454888.6756184026598930 15.5976725 0.0090201 0
2454888.6765431715175509 15.5842009 0.0090236 0
2454888.6774395834654570 15.5857649 0.0090234 0
2454888.6895935186184943 15.5925074 0.0090102 0
2454888.6905084489844739 15.5823021 0.0090114 0
2454888.6914349538274109 15.5775461 0.0090135 0
2454888.6923412038013339 15.5818443 0.0090193 0
2454888.6932462961412966 15.5796566 0.0100112 0
2454888.6941357636824250 15.5844774 0.0100112 0
2454888.6950402776710689 15.5823050 0.0100104 0
2454888.6959453704766929 15.5901575 0.0100123 0
2454888.6968608796596527 15.5917540 0.0100104 0
2454888.7025194442830980 15.5987415 0.0150180 0
2454888.7034413195215166 15.5558634 0.0160142 0
2454888.7043498842976987 15.5520592 0.0170134 0
2454888.7072759261354804 15.6083231 0.0150135 0
2454888.7081872685812414 15.5927439 0.0170172 0
2454888.7090981481596828 15.6045723 0.0170172 0
2454888.7100136573426425 15.6125307 0.0220148 0
2454888.7109413193538785 15.5959396 0.0200178 0
2454888.7118799770250916 15.5929518 0.0200167 0
2454888.7128006946295500 15.5963774 0.0220202 0
2454888.7137162038125098 15.6120586 0.0200147 0
2454888.7146427081897855 15.6041050 0.0190277 0
2454888.7155553242191672 15.6489601 0.0210420 0
2454888.7165379631333053 15.6095285 0.0190129 0
2454888.7174476850777864 15.6103182 0.0200215 0
2454888.7183736111037433 15.6347446 0.0240139 0
2454888.7193006942979991 15.6173973 0.0210189 0
2454888.7211502315476537 15.6358519 0.0280284 0
2454888.7220478011295199 15.6121159 0.0390238 0
2454888.7229563659057021 15.7010813 0.0510226 0
2454888.7238770835101604 15.593128772 99 1
2454888.7247787038795650 15.6394987 0.0580278 0
2454888.7256785877980292 15.6356297 0.0330276 0
2454888.7266351850703359 15.6059561 0.0200116 0
2454888.7275616899132729 15.6442480 0.0190118 0
2454888.7284939815290272 15.5948048 0.0160130 0
2454888.7294222223572433 15.6367979 0.0170116 0
2454888.7312717591412365 15.6243067 0.0180179 0
2454888.7321843751706183 15.5939846 0.0160170 0
2454888.7331114583648741 15.5997038 0.0150110 0
2454888.7340130787342787 15.5931730 0.0130101 0
2454888.7349737267941236 15.5945501 0.0130104 0
2454888.7358950232155621 15.6048002 0.0150138 0
2454888.7368302084505558 15.5704031 0.0130290 0
2454888.7377503472380340 15.5619345 0.0130136 0
2454888.7386693288572133 15.5276833 0.0130181 0
2454888.7395883100107312 15.5778265 0.0120214 0
2454888.7405211804434657 15.5341740 0.0120091 0
2454888.7414523148909211 15.5732470 0.0120127 0
2454888.7423770832829177 15.6140862 0.0120158 0
2454888.7433151621371508 15.5885315 0.0120130 0
2454888.7442549769766629 15.5929108 0.0120096 0
2454888.7451936341822147 15.5325432 0.0120162 0
2454888.7461322918534279 15.4801388 0.0130146 0
2454888.7470535878092051 15.5749769 0.0110162 0
2454888.7479812498204410 15.3605003 0.0140227 0
2454888.7489129630848765 15.5851040 0.0120077 0
2454888.7498718751594424 15.5104208 0.0120123 0
2454888.7507966435514390 15.5789108 0.0120108 0
2454888.7517289351671934 15.5767078 0.0120105 0
2454888.7526432871818542 15.4995937 0.0140215 0
2454888.7535784724168479 15.5939465 0.0120120 0
2454888.7545165508054197 15.5128613 0.0130150 0
2454888.7554476852528751 15.5828905 0.0110146 0
2454888.7563805556856096 15.5652437 0.0110152 0
2454888.7573082176968455 15.5744839 0.0130100 0
2454888.7582358797080815 15.5728827 0.0120166 0
2454888.7591681713238358 15.5943699 0.0120097 0
2454888.7600981481373310 15.5981607 0.0120122 0
2454888.7610315973870456 15.6066751 0.0120113 0
2454888.7619598377496004 15.5960836 0.0120149 0
2454888.7628956018015742 15.5810108 0.0120178 0
2454888.7638631942681968 15.5848694 0.0130116 0
2454888.7647983795031905 15.5793161 0.0120175 0
2454888.7657763888128102 15.5933285 0.0130154 0
2454888.7667086804285645 15.5616817 0.0130139 0
2454888.7676403936930001 15.5957479 0.0120424 0
2454888.7685732636600733 15.5710869 0.0120160 0
2454888.7696270835585892 15.5576286 0.0140155 0
2454888.7705732639878988 15.5341177 0.0140139 0
2454888.7715084492228925 15.5136547 0.0140149 0
2454888.7724303239956498 15.4996414 0.0150153 0
2454888.7733620372600853 15.4335222 0.0150240 0
2454888.7743105324916542 15.5360079 0.0140165 0
2454888.7761843749321997 15.6214323 0.0230209 0
2454888.7771444446407259 15.6279354 0.0302089 0
2454888.7781050927005708 15.7103767 0.0570833 0
2454888.7790119214914739 15.593128772 99 1
2454888.7799465279094875 15.593128772 99 1
2454888.7809378472156823 15.5805006 0.0120256 0
2454888.7818875000812113 15.5796890 0.0120435 0
2454888.7828354164958000 15.593128772 99 1
2454888.7837873841635883 15.593128772 99 1
2454888.7847306714393198 15.6173134 0.0130171 0
2454888.7856895835138857 15.5735407 0.0130134 0
2454888.7866369211114943 15.6060562 0.0120141 0
2454888.7875900464132428 15.5942678 0.0120267 0
2454888.7885396992787719 15.5960150 0.0120177 0
2454888.7894795136526227 15.5897484 0.0120281 0
