0.926829268292683
2454887.7398140048608184 16.9508419 0.0180069 0
2454887.7406988427974284 16.9546890 0.0180089 0
2454887.7416172455996275 16.9413757 0.0190148 0
2454887.7425315971486270 16.9564838 0.0190119 0
2454887.7434355323202908 16.9446392 0.0190087 0
2454887.7444280092604458 16.9225597 0.0190114 0
2454887.7453365740366280 16.9597416 0.0190093 0
2454887.7462584492750466 16.9641876 0.0190093 0
2454887.7471716436557472 16.9845448 0.0190080 0
2454887.7480946760624647 16.9565449 0.0190054 0
2454887.7490032408386469 16.9622612 0.0190061 0
2454887.7499204860068858 16.9505959 0.0190123 0
2454887.7508365740068257 16.9414120 0.0190063 0
2454887.7517543979920447 16.9785595 0.0190061 0
2454887.7526531252078712 16.9682484 0.0200062 0
2454887.7535726851783693 16.9505291 0.0190043 0
2454887.7544905091635883 16.9352722 0.0190070 0
2454887.7554083331488073 16.9569550 0.0210072 0
2454887.7563325231894851 16.9344673 0.0200125 0
2454887.7572474535554647 16.9627323 0.0210135 0
2454887.7581785880029202 16.9680443 0.0210065 0
2454887.7590917823836207 16.9817829 0.0220094 0
2454887.7600171295925975 17.0003223 0.0210059 0
2454887.7618961804546416 16.9245663 0.0200056 0
2454887.7627902776002884 16.9572353 0.0200217 0
2454887.7637017359957099 16.9518089 0.0200058 0
2454887.7646328704431653 16.9435444 0.0190104 0
2454887.7655541668646038 16.9245586 0.0210069 0
2454887.7664656247943640 16.9878216 0.0230055 0
2454887.7674204860813916 16.9102840 0.0220060 0
2454887.7683498840779066 16.9155273 0.0210047 0
2454887.7693741898983717 16.9455395 0.0230050 0
2454887.7705530091188848 16.9252911 0.0220075 0
2454887.7714465279132128 16.9365540 0.0220078 0
2454887.7723736111074686 16.9732552 0.0240044 0
2454887.7732908562757075 16.9410839 0.0220065 0
2454887.7742555555887520 16.9396820 0.0220049 0
2454887.7751803239807487 16.9556198 0.0230048 0
2454887.7761074071750045 16.9823456 0.0240051 0
2454887.7770414352416992 16.9531689 0.0240077 0
2454887.7779604168608785 16.9715729 0.0220063 0
2454887.7788863424211740 16.9587212 0.0220088 0
2454887.7798122684471309 16.9342556 0.0210054 0
2454887.7807370368391275 16.9237480 0.0220088 0
2454887.7817167825996876 16.9514294 0.0230064 0
2454887.7835888890549541 16.9656296 0.0260136 0
2454887.7844922454096377 16.9812851 0.0270159 0
2454887.7854181714355946 16.9752960 0.0240050 0
2454887.7863481482490897 16.9864140 0.0240051 0
2454887.7872862266376615 16.9129982 0.0240069 0
2454887.7882127314805984 16.9276638 0.0250055 0
2454887.7891357638873160 16.9489346 0.0330050 0
2454887.7900576386600733 16.9589100 0.0360079 0
2454887.7909748842939734 16.9598618 0.0270076 0
2454887.7919089118950069 16.9984531 0.0290079 0
2454887.7928527779877186 16.9623909 0.0270070 0
2454887.7937896992079914 16.9884567 0.0270062 0
2454887.7947162035852671 16.9412880 0.0270058 0
2454887.7956571760587394 16.9611187 0.0330047 0
2454887.7965848380699754 16.9494877 0.0280078 0
2454887.7975275460630655 16.9570045 0.0270102 0
2454887.7985703703016043 16.9925156 0.0300067 0
2454887.7997063659131527 17.0379524 0.0320066 0
2454887.8006496527232230 16.9298573 0.0300266 0
2454887.8016322916373610 16.9998894 0.0300064 0
2454887.8026537038385868 16.9202385 0.0280053 0
2454887.8036947916261852 16.9998684 0.0310074 0
2454887.8047144678421319 16.9591675 0.0320079 0
2454887.8056924766860902 16.9865284 0.0330072 0
2454887.8066947916522622 17.0037479 0.0350065 0
2454887.8085750001482666 16.9699020 0.0340069 0
2454887.8095032409764826 16.9426479 0.0290064 0
2454887.8114725695922971 17.0182552 0.0370094 0
2454887.8123961803503335 16.9606075 0.0350065 0
2454887.8133319444023073 17.0153503 0.0340093 0
2454887.8142671296373010 16.9309406 0.0340083 0
2454887.8152069444768131 17.0359268 0.0390082 0
2454887.8161473381333053 16.9213734 0.0350090 0
2454887.8170964121818542 17.0074272 0.0410114 0
2454887.8191074072383344 17.0184193 0.0390064 0
2454887.8200408564880490 17.0256252 0.0440211 0
2454887.8209934029728174 17.0047131 0.0420185 0
2454887.8219609954394400 17.0173645 0.0400075 0
2454887.8229123842902482 16.9914665 0.0400091 0
2454887.8238782407715917 16.9626312 0.0410118 0
2454887.8248504628427327 16.8906689 0.0430198 0
2454887.8258990738540888 17.0689259 0.0650112 0
2454887.8268562499433756 17.0731010 0.0580230 0
2454887.8278082176111639 17.1179028 0.0530083 0
2454887.8287613424472511 17.2133598 0.0720142 0
2454887.8297381945885718 17.1733418 0.0670080 0
2454887.8306537037715316 17.0864468 0.0570333 0
2454887.8315848377533257 16.9804187394737 99 1
2454887.8325101854279637 16.9700642 0.0610169 0
2454887.8334546294063330 16.9298534 0.0570637 0
2454888.6674447916448116 17.0071888 0.0220101 0
2454888.6683608796447515 16.9800549 0.0200159 0
2454888.6692607640288770 17.0194378 0.0210124 0
2454888.6701681711710989 17.0029926 0.0210173 0
2454888.6710802083835006 16.9888725 0.0200221 0
2454888.6719829859212041 17.0078888 0.0200078 0
2454888.6729060183279216 17.0197639 0.0220100 0
2454888.6738012731075287 17.0190697 0.0200161 0
2454888.6747040511108935 17.0106678 0.0210216 0
2454888.6756184026598930 17.0276718 0.0190095 0
2454888.6765431715175509 16.9781990 0.0200106 0
2454888.6774395834654570 17.0147648 0.0200105 0
2454888.6895935186184943 16.9685059 0.0210044 0
2454888.6905084489844739 16.9583035 0.0190054 0
2454888.6914349538274109 16.9675465 0.0200061 0
2454888.6923412038013339 16.9778442 0.0220079 0
2454888.6932462961412966 16.9866562 0.0220051 0
2454888.6941357636824250 16.9694786 0.0230049 0
2454888.6950402776710689 16.9933052 0.0250042 0
2454888.6959453704766929 16.9781590 0.0230053 0
2454888.6968608796596527 16.9947529 0.0230045 0
2454888.7025194442830980 17.0007420 0.0410066 0
2454888.7034413195215166 17.1238651 0.0500046 0
2454888.7043498842976987 17.0260601 0.0470048 0
2454888.7072759261354804 17.0673256 0.0450045 0
2454888.7081872685812414 17.0597439 0.0440067 0
2454888.7090981481596828 17.1075726 0.0520056 0
2454888.7100136573426425 17.0015297 0.0610054 0
2454888.7109413193538785 17.1589394 0.0640056 0
2454888.7118799770250916 16.9679527 0.0530063 0
2454888.7128006946295500 17.1253777 0.0730061 0
2454888.7137162038125098 17.0530586 0.0600049 0
2454888.7146427081897855 17.0241051 0.0560094 0
2454888.7155553242191672 17.0289593 0.0600147 0
2454888.7165379631333053 16.9475288 0.0530046 0
2454888.7174476850777864 17.0123177 0.0570076 0
2454888.7183736111037433 17.0027447 0.0700048 0
2454888.7193006942979991 16.8813972 0.0530075 0
2454888.7211502315476537 16.9804187394737 99 1
2454888.7220478011295199 16.9804187394737 99 1
2454888.7229563659057021 16.9804187394737 99 1
2454888.7238770835101604 16.9804187394737 99 1
2454888.7247787038795650 16.9804187394737 99 1
2454888.7256785877980292 16.9804187394737 99 1
2454888.7266351850703359 16.9804187394737 99 1
2454888.7275616899132729 16.9342480 0.0470048 0
2454888.7284939815290272 17.0108051 0.0440047 0
2454888.7294222223572433 16.9847984 0.0430046 0
2454888.7312717591412365 16.9804187394737 99 1
2454888.7321843751706183 16.9239826 0.0430063 0
2454888.7331114583648741 16.9507046 0.0370044 0
2454888.7340130787342787 16.9851723 0.0340039 0
2454888.7349737267941236 16.9815502 0.0330041 0
2454888.7358950232155621 16.9537983 0.0370056 0
2454888.7368302084505558 17.0484028 0.0360105 0
2454888.7377503472380340 16.9959335 0.0320055 0
2454888.7386693288572133 16.9976826 0.0350067 0
2454888.7395883100107312 17.0248280 0.0320080 0
2454888.7405211804434657 17.0031738 0.0310035 0
2454888.7414523148909211 16.9822464 0.0280054 0
2454888.7423770832829177 16.9720860 0.0300063 0
2454888.7433151621371508 16.9775314 0.0290054 0
2454888.7442549769766629 16.9859104 0.0300038 0
2454888.7451936341822147 17.0215435 0.0370053 0
2454888.7461322918534279 16.9701366 0.0360053 0
2454888.7470535878092051 17.0839767 0.0310057 0
2454888.7479812498204410 17.0475006 0.0480066 0
2454888.7489129630848765 16.9431057 0.0290032 0
2454888.7498718751594424 16.9294205 0.0310048 0
2454888.7507966435514390 16.9819107 0.0300043 0
2454888.7517289351671934 17.0027084 0.0330038 0
2454888.7526432871818542 16.9685955 0.0420072 0
2454888.7535784724168479 17.0039463 0.0310046 0
2454888.7545165508054197 16.9888611 0.0360054 0
2454888.7554476852528751 16.9568920 0.0290056 0
2454888.7563805556856096 16.9522438 0.0280060 0
2454888.7573082176968455 16.9634838 0.0300043 0
2454888.7582358797080815 16.9698849 0.0310064 0
2454888.7591681713238358 16.9753685 0.0300039 0
2454888.7600981481373310 16.9861622 0.0310047 0
2454888.7610315973870456 16.9146748 0.0270050 0
2454888.7619598377496004 17.0490837 0.0300059 0
2454888.7628956018015742 16.9690113 0.0300071 0
2454888.7638631942681968 16.9618702 0.0310048 0
2454888.7647983795031905 16.9253159 0.0280075 0
2454888.7657763888128102 16.9283276 0.0300067 0
2454888.7667086804285645 16.9186802 0.0320056 0
2454888.7676403936930001 16.9557495 0.0290176 0
2454888.7685732636600733 16.9540882 0.0290066 0
2454888.7696270835585892 17.0266304 0.0370059 0
2454888.7705732639878988 16.8791180 0.0340057 0
2454888.7715084492228925 16.9126549 0.0350059 0
2454888.7724303239956498 16.9126415 0.0360064 0
2454888.7733620372600853 16.9895210 0.0430084 0
2454888.7743105324916542 16.9490089 0.0330070 0
2454888.7761843749321997 16.9264336 0.0550087 0
2454888.7771444446407259 16.9804187394737 99 1
2454888.7781050927005708 16.9804187394737 99 1
2454888.7790119214914739 16.9804187394737 99 1
2454888.7799465279094875 16.9804187394737 99 1
2454888.7809378472156823 17.0224991 0.0320096 0
2454888.7818875000812113 16.9416904 0.0300174 0
2454888.7828354164958000 16.9804187394737 99 1
2454888.7837873841635883 16.9804187394737 99 1
2454888.7847306714393198 16.9253139 0.0280079 0
2454888.7856895835138857 17.0285435 0.0320055 0
2454888.7866369211114943 16.9520569 0.0270063 0
2454888.7875900464132428 16.9702663 0.0280115 0
2454888.7885396992787719 16.9840145 0.0290073 0
2454888.7894795136526227 16.9777489 0.0300113 0
