0.64390243902439
2454887.7398140048608184 17.8518410 0.0350036 0
2454887.7406988427974284 17.8756886 0.0360045 0
2454887.7416172455996275 17.8683758 0.0360078 0
2454887.7425315971486270 17.8974838 0.0370061 0
2454887.7434355323202908 17.9286385 0.0360046 0
2454887.7444280092604458 17.8615589 0.0360060 0
2454887.7453365740366280 17.8537407 0.0350050 0
2454887.7462584492750466 17.8691864 0.0350050 0
2454887.7471716436557472 17.9005432 0.0360042 0
2454887.7480946760624647 17.8555450 0.0360029 0
2454887.7490032408386469 17.8592625 0.0360032 0
2454887.7499204860068858 17.8925953 0.0360065 0
2454887.7508365740068257 17.9204121 0.0370033 0
2454887.7517543979920447 17.8665600 0.0370031 0
2454887.7526531252078712 17.7912483 0.0350035 0
2454887.7535726851783693 17.8775291 0.0380022 0
2454887.7544905091635883 17.8662720 0.0360037 0
2454887.7554083331488073 17.9099541 0.0430035 0
2454887.7563325231894851 17.8784676 0.0390064 0
2454887.7572474535554647 17.8977337 0.0430066 0
2454887.7581785880029202 17.9150448 0.0420032 0
2454887.7590917823836207 17.8907833 0.0420049 0
2454887.7600171295925975 17.8953228 0.0400031 0
2454887.7618961804546416 17.8775673 0.0390029 0
2454887.7627902776002884 17.8112354 0.0360121 0
2454887.7637017359957099 17.7958088 0.0370031 0
2454887.7646328704431653 17.8935432 0.0390051 0
2454887.7655541668646038 17.8445587 0.0410036 0
2454887.7664656247943640 17.8328228 0.0420030 0
2454887.7674204860813916 17.9242840 0.0460029 0
2454887.7683498840779066 17.8575268 0.0430023 0
2454887.7693741898983717 17.8525391 0.0440026 0
2454887.7705530091188848 17.9372902 0.0480034 0
2454887.7714465279132128 17.8615551 0.0420041 0
2454887.7723736111074686 17.8762550 0.0490021 0
2454887.7732908562757075 17.8240852 0.0420034 0
2454887.7742555555887520 17.8756809 0.0450024 0
2454887.7751803239807487 17.8456192 0.0460024 0
2454887.7761074071750045 17.8913460 0.0440028 0
2454887.7770414352416992 17.9601688 0.0500037 0
2454887.7779604168608785 17.8165741 0.0400035 0
2454887.7788863424211740 17.8407211 0.0430045 0
2454887.7798122684471309 17.8222561 0.0400028 0
2454887.7807370368391275 17.8417473 0.0420046 0
2454887.7817167825996876 17.8324299 0.0440033 0
2454887.7835888890549541 17.9106293 0.0550064 0
2454887.7844922454096377 17.9372845 0.0570076 0
2454887.7854181714355946 17.8632927 0.0470025 0
2454887.7863481482490897 17.8884144 0.0490025 0
2454887.7872862266376615 17.9549999 0.0560030 0
2454887.7882127314805984 17.7376633 0.0470029 0
2454887.7891357638873160 17.8539333 0.0710023 0
2454887.7900576386600733 17.8654676189394 99 1
2454887.7909748842939734 17.9228611 0.0550037 0
2454887.7919089118950069 17.8444538 0.0560041 0
2454887.7928527779877186 17.8823910 0.0560034 0
2454887.7937896992079914 17.8314552 0.0530032 0
2454887.7947162035852671 17.8812885 0.0590027 0
2454887.7956571760587394 17.8291187 0.0700022 0
2454887.7965848380699754 17.8814888 0.0580038 0
2454887.7975275460630655 17.8420048 0.0540051 0
2454887.7985703703016043 17.8615150 0.0610033 0
2454887.7997063659131527 17.8709526 0.0640033 0
2454887.8006496527232230 17.9138584 0.0640125 0
2454887.8016322916373610 17.8654676189394 99 1
2454887.8026537038385868 17.8502388 0.0620024 0
2454887.8036947916261852 17.8654676189394 99 1
2454887.8047144678421319 17.8991680 0.0690036 0
2454887.8056924766860902 17.8955288 0.0690034 0
2454887.8066947916522622 17.7877483 0.0650035 0
2454887.8085750001482666 17.9559021 0.0770030 0
2454887.8095032409764826 17.8654676189394 99 1
2454887.8114725695922971 17.8382549 0.0750047 0
2454887.8123961803503335 17.8476086 0.0720032 0
2454887.8133319444023073 17.8583508 0.0680047 0
2454887.8142671296373010 17.8654676189394 99 1
2454887.8152069444768131 17.8654676189394 99 1
2454887.8161473381333053 17.8654676189394 99 1
2454887.8170964121818542 17.8324280 0.0820057 0
2454887.8191074072383344 17.8654676189394 99 1
2454887.8200408564880490 17.8654676189394 99 1
2454887.8209934029728174 17.8654676189394 99 1
2454887.8219609954394400 17.8654676189394 99 1
2454887.8229123842902482 17.8654676189394 99 1
2454887.8238782407715917 17.8654676189394 99 1
2454887.8248504628427327 17.8654676189394 99 1
2454887.8258990738540888 17.8654676189394 99 1
2454887.8268562499433756 17.8061008 0.1050127 0
2454887.8278082176111639 17.8654676189394 99 1
2454887.8287613424472511 17.8654676189394 99 1
2454887.8297381945885718 17.8654676189394 99 1
2454887.8306537037715316 17.8654676189394 99 1
2454887.8315848377533257 17.8654676189394 99 1
2454887.8325101854279637 17.8654676189394 99 1
2454887.8334546294063330 17.8654676189394 99 1
2454888.6674447916448116 17.8591900 0.0420053 0
2454888.6683608796447515 17.8790550 0.0390082 0
2454888.6692607640288770 17.8504391 0.0370070 0
2454888.6701681711710989 17.7999935 0.0370098 0
2454888.6710802083835006 17.8088722 0.0370120 0
2454888.6719829859212041 17.7938881 0.0360043 0
2454888.6729060183279216 17.7597637 0.0390056 0
2454888.6738012731075287 17.9010696 0.0380085 0
2454888.6747040511108935 17.8166676 0.0380119 0
2454888.6756184026598930 17.8416710 0.0350052 0
2454888.6765431715175509 17.8841991 0.0370058 0
2454888.6774395834654570 17.8647652 0.0360059 0
2454888.6895935186184943 17.7885056 0.0380024 0
2454888.6905084489844739 17.7893028 0.0350029 0
2454888.6914349538274109 17.8645477 0.0390031 0
2454888.6923412038013339 17.7588444 0.0400044 0
2454888.6932462961412966 17.9176559 0.0430026 0
2454888.6941357636824250 17.8114777 0.0440025 0
2454888.6950402776710689 17.7483044 0.0430024 0
2454888.6959453704766929 17.8471584 0.0450027 0
2454888.6968608796596527 17.8667526 0.0430024 0
2454888.7025194442830980 17.9847412 0.0910030 0
2454888.7034413195215166 17.8654676189394 99 1
2454888.7043498842976987 17.8654676189394 99 1
2454888.7072759261354804 17.8654676189394 99 1
2454888.7081872685812414 17.8717442 0.0960031 0
2454888.7090981481596828 17.8654676189394 99 1
2454888.7100136573426425 17.8654676189394 99 1
2454888.7109413193538785 17.8654676189394 99 1
2454888.7118799770250916 17.8654676189394 99 1
2454888.7128006946295500 17.8654676189394 99 1
2454888.7137162038125098 17.8654676189394 99 1
2454888.7146427081897855 17.8654676189394 99 1
2454888.7155553242191672 17.8654676189394 99 1
2454888.7165379631333053 17.8654676189394 99 1
2454888.7174476850777864 17.8654676189394 99 1
2454888.7183736111037433 17.8654676189394 99 1
2454888.7193006942979991 17.8654676189394 99 1
2454888.7211502315476537 17.8654676189394 99 1
2454888.7220478011295199 17.8654676189394 99 1
2454888.7229563659057021 17.8654676189394 99 1
2454888.7238770835101604 17.8654676189394 99 1
2454888.7247787038795650 17.8654676189394 99 1
2454888.7256785877980292 17.8654676189394 99 1
2454888.7266351850703359 17.8654676189394 99 1
2454888.7275616899132729 17.8654676189394 99 1
2454888.7284939815290272 17.8654676189394 99 1
2454888.7294222223572433 17.7857990 0.0880022 0
2454888.7312717591412365 17.8654676189394 99 1
2454888.7321843751706183 17.8654676189394 99 1
2454888.7331114583648741 17.7967052 0.0740022 0
2454888.7340130787342787 17.8654676189394 99 1
2454888.7349737267941236 17.8285503 0.0670020 0
2454888.7358950232155621 17.8257980 0.0730028 0
2454888.7368302084505558 17.8654676189394 99 1
2454888.7377503472380340 17.8654676189394 99 1
2454888.7386693288572133 17.9396839 0.0720033 0
2454888.7395883100107312 17.8138275 0.0550047 0
2454888.7405211804434657 17.9461727 0.0670016 0
2454888.7414523148909211 17.8654676189394 99 1
2454888.7423770832829177 17.8370857 0.0570033 0
2454888.7433151621371508 17.8654676189394 99 1
2454888.7442549769766629 17.8609104 0.0600019 0
2454888.7451936341822147 17.8654676189394 99 1
2454888.7461322918534279 18.0471363 0.0810023 0
2454888.7470535878092051 17.8654676189394 99 1
2454888.7479812498204410 17.9944992 0.0870037 0
2454888.7489129630848765 17.8881054 0.0580016 0
2454888.7498718751594424 17.8774204 0.0690021 0
2454888.7507966435514390 17.9799118 0.0670019 0
2454888.7517289351671934 17.9437065 0.0610021 0
2454888.7526432871818542 17.8654676189394 99 1
2454888.7535784724168479 17.9149456 0.0630023 0
2454888.7545165508054197 17.8654676189394 99 1
2454888.7554476852528751 17.7858925 0.0520031 0
2454888.7563805556856096 17.8182449 0.0540031 0
2454888.7573082176968455 17.8654676189394 99 1
2454888.7582358797080815 17.8858852 0.0600033 0
2454888.7591681713238358 17.8654676189394 99 1
2454888.7600981481373310 17.8511620 0.0640023 0
2454888.7610315973870456 17.9226742 0.0590023 0
2454888.7619598377496004 17.9060841 0.0580031 0
2454888.7628956018015742 17.8750114 0.0620034 0
2454888.7638631942681968 17.8628693 0.0660023 0
2454888.7647983795031905 17.8893166 0.0600035 0
2454888.7657763888128102 17.8583279 0.0620032 0
2454888.7667086804285645 17.8654676189394 99 1
2454888.7676403936930001 17.8557491 0.0600085 0
2454888.7685732636600733 17.9070873 0.0630031 0
2454888.7696270835585892 17.8654676189394 99 1
2454888.7705732639878988 17.8691177 0.0760026 0
2454888.7715084492228925 17.8654676189394 99 1
2454888.7724303239956498 17.8654676189394 99 1
2454888.7733620372600853 17.7225227 0.0780046 0
2454888.7743105324916542 17.8654676189394 99 1
2454888.7761843749321997 17.8654676189394 99 1
2454888.7771444446407259 17.8654676189394 99 1
2454888.7781050927005708 17.8654676189394 99 1
2454888.7790119214914739 17.8654676189394 99 1
2454888.7799465279094875 17.8654676189394 99 1
2454888.7809378472156823 17.8654676189394 99 1
2454888.7818875000812113 17.8456917 0.0580090 0
2454888.7828354164958000 17.8654676189394 99 1
2454888.7837873841635883 17.8654676189394 99 1
2454888.7847306714393198 17.8253136 0.0580038 0
2454888.7856895835138857 17.8985424 0.0620028 0
2454888.7866369211114943 17.8654676189394 99 1
2454888.7875900464132428 17.8572674 0.0560057 0
2454888.7885396992787719 17.8840141 0.0620034 0
2454888.7894795136526227 17.9137478 0.0610055 0
