0.702439024390244
2454887.7398140048608184 17.7608414 0.0330038 0
2454887.7406988427974284 17.6966896 0.0320050 0
2454887.7416172455996275 17.7083759 0.0320088 0
2454887.7425315971486270 17.7444839 0.0330069 0
2454887.7434355323202908 17.7206383 0.0320052 0
2454887.7444280092604458 17.7695599 0.0350062 0
2454887.7453365740366280 17.7777405 0.0340052 0
2454887.7462584492750466 17.7321873 0.0310057 0
2454887.7471716436557472 17.7615433 0.0330046 0
2454887.7480946760624647 17.7635441 0.0340030 0
2454887.7490032408386469 17.7312622 0.0330035 0
2454887.7499204860068858 17.7575951 0.0340069 0
2454887.7508365740068257 17.6784115 0.0320038 0
2454887.7517543979920447 17.6995602 0.0330035 0
2454887.7526531252078712 17.7382488 0.0330037 0
2454887.7535726851783693 17.7865295 0.0350023 0
2454887.7544905091635883 17.7342720 0.0340039 0
2454887.7554083331488073 17.7959557 0.0390039 0
2454887.7563325231894851 17.7354679 0.0350071 0
2454887.7572474535554647 17.7287331 0.0390073 0
2454887.7581785880029202 17.6870441 0.0360038 0
2454887.7590917823836207 17.7127838 0.0380054 0
2454887.7600171295925975 17.6583233 0.0340036 0
2454887.7618961804546416 17.6705666 0.0330034 0
2454887.7627902776002884 17.7282352 0.0350124 0
2454887.7637017359957099 17.7158089 0.0350033 0
2454887.7646328704431653 17.6765442 0.0350057 0
2454887.7655541668646038 17.7335587 0.0380038 0
2454887.7664656247943640 17.7448215 0.0420030 0
2454887.7674204860813916 17.7882843 0.0420031 0
2454887.7683498840779066 17.7115269 0.0380026 0
2454887.7693741898983717 17.7375393 0.0430027 0
2454887.7705530091188848 17.7332916 0.0420039 0
2454887.7714465279132128 17.7655544 0.0380045 0
2454887.7723736111074686 17.6742554 0.0420025 0
2454887.7732908562757075 17.7780838 0.0420034 0
2454887.7742555555887520 17.7846813 0.0420025 0
2454887.7751803239807487 17.7756195 0.0440025 0
2454887.7761074071750045 17.7243443 0.0400030 0
2454887.7770414352416992 17.7221699 0.0430043 0
2454887.7779604168608785 17.7335739 0.0390035 0
2454887.7788863424211740 17.7187195 0.0390049 0
2454887.7798122684471309 17.7512550 0.0380030 0
2454887.7807370368391275 17.7447472 0.0410047 0
2454887.7817167825996876 17.7454300 0.0410036 0
2454887.7835888890549541 17.7386284 0.0470075 0
2454887.7844922454096377 17.7692852 0.0520083 0
2454887.7854181714355946 17.6872940 0.0440027 0
2454887.7863481482490897 17.6844139 0.0420029 0
2454887.7872862266376615 17.6379986 0.0430039 0
2454887.7882127314805984 17.6956635 0.0450030 0
2454887.7891357638873160 17.7395335729167 99 1
2454887.7900576386600733 17.6859093 0.0640045 0
2454887.7909748842939734 17.7328606 0.0490042 0
2454887.7919089118950069 17.8074532 0.0570040 0
2454887.7928527779877186 17.8003902 0.0520036 0
2454887.7937896992079914 17.7364559 0.0490034 0
2454887.7947162035852671 17.7542877 0.0530030 0
2454887.7956571760587394 17.7395335729167 99 1
2454887.7965848380699754 17.7774887 0.0590037 0
2454887.7975275460630655 17.7620049 0.0520053 0
2454887.7985703703016043 17.7785149 0.0590034 0
2454887.7997063659131527 17.6839523 0.0560038 0
2454887.8006496527232230 17.6858578 0.0550145 0
2454887.8016322916373610 17.8218899 0.0590032 0
2454887.8026537038385868 17.8142395 0.0600025 0
2454887.8036947916261852 17.7308674 0.0590039 0
2454887.8047144678421319 17.7271671 0.0610041 0
2454887.8056924766860902 17.7085285 0.0590040 0
2454887.8066947916522622 17.8017483 0.0680033 0
2454887.8085750001482666 17.7319031 0.0660035 0
2454887.8095032409764826 17.7136478 0.0540034 0
2454887.8114725695922971 17.7672558 0.0710049 0
2454887.8123961803503335 17.7876072 0.0700033 0
2454887.8133319444023073 17.7395335729167 99 1
2454887.8142671296373010 17.7139416 0.0690041 0
2454887.8152069444768131 17.6729259 0.0680047 0
2454887.8161473381333053 17.7395335729167 99 1
2454887.8170964121818542 17.7395335729167 99 1
2454887.8191074072383344 17.7395335729167 99 1
2454887.8200408564880490 17.7395335729167 99 1
2454887.8209934029728174 17.7395335729167 99 1
2454887.8219609954394400 17.7395335729167 99 1
2454887.8229123842902482 17.7554665 0.0800046 0
2454887.8238782407715917 17.7395335729167 99 1
2454887.8248504628427327 17.7395335729167 99 1
2454887.8258990738540888 17.7395335729167 99 1
2454887.8268562499433756 17.7395335729167 99 1
2454887.8278082176111639 17.7395335729167 99 1
2454887.8287613424472511 17.7395335729167 99 1
2454887.8297381945885718 17.7395335729167 99 1
2454887.8306537037715316 17.7395335729167 99 1
2454887.8315848377533257 17.7395335729167 99 1
2454887.8325101854279637 17.7395335729167 99 1
2454887.8334546294063330 17.7395335729167 99 1
2454888.6674447916448116 17.7861900 0.0430051 0
2454888.6683608796447515 17.7020550 0.0350091 0
2454888.6692607640288770 17.6804390 0.0330079 0
2454888.6701681711710989 17.7119923 0.0350104 0
2454888.6710802083835006 17.7578716 0.0360123 0
2454888.6719829859212041 17.7258892 0.0350045 0
2454888.6729060183279216 17.7577648 0.0380058 0
2454888.6738012731075287 17.7780685 0.0370087 0
2454888.6747040511108935 17.7356682 0.0350130 0
2454888.6756184026598930 17.7346725 0.0330055 0
2454888.6765431715175509 17.7161999 0.0340063 0
2454888.6774395834654570 17.7037640 0.0320066 0
2454888.6895935186184943 17.7295055 0.0370025 0
2454888.6905084489844739 17.7073040 0.0330031 0
2454888.6914349538274109 17.7485466 0.0340036 0
2454888.6923412038013339 17.6418438 0.0350050 0
2454888.6932462961412966 17.6996574 0.0380029 0
2454888.6941357636824250 17.7464790 0.0430026 0
2454888.6950402776710689 17.7163048 0.0430024 0
2454888.6959453704766929 17.7451591 0.0420029 0
2454888.6968608796596527 17.7527523 0.0390027 0
2454888.7025194442830980 17.7847424 0.0790034 0
2454888.7034413195215166 17.7395335729167 99 1
2454888.7043498842976987 17.7395335729167 99 1
2454888.7072759261354804 17.7395335729167 99 1
2454888.7081872685812414 17.7395335729167 99 1
2454888.7090981481596828 17.7395335729167 99 1
2454888.7100136573426425 17.7395335729167 99 1
2454888.7109413193538785 17.7395335729167 99 1
2454888.7118799770250916 17.7229519 0.1020033 0
2454888.7128006946295500 17.7395335729167 99 1
2454888.7137162038125098 17.7395335729167 99 1
2454888.7146427081897855 17.7395335729167 99 1
2454888.7155553242191672 17.7395335729167 99 1
2454888.7165379631333053 17.7395335729167 99 1
2454888.7174476850777864 17.7395335729167 99 1
2454888.7183736111037433 17.7395335729167 99 1
2454888.7193006942979991 17.7395335729167 99 1
2454888.7211502315476537 17.7395335729167 99 1
2454888.7220478011295199 17.7395335729167 99 1
2454888.7229563659057021 17.7395335729167 99 1
2454888.7238770835101604 17.7395335729167 99 1
2454888.7247787038795650 17.7395335729167 99 1
2454888.7256785877980292 17.7395335729167 99 1
2454888.7266351850703359 17.7395335729167 99 1
2454888.7275616899132729 17.7395335729167 99 1
2454888.7284939815290272 17.7395335729167 99 1
2454888.7294222223572433 17.8477974 0.0960021 0
2454888.7312717591412365 17.7395335729167 99 1
2454888.7321843751706183 17.7395335729167 99 1
2454888.7331114583648741 17.6457043 0.0700023 0
2454888.7340130787342787 17.7395335729167 99 1
2454888.7349737267941236 17.8165493 0.0690020 0
2454888.7358950232155621 17.8237991 0.0740028 0
2454888.7368302084505558 17.7774010 0.0640059 0
2454888.7377503472380340 17.7159328 0.0580030 0
2454888.7386693288572133 17.6856861 0.0610039 0
2454888.7395883100107312 17.7278271 0.0560046 0
2454888.7405211804434657 17.7395335729167 99 1
2454888.7414523148909211 17.7232475 0.0520029 0
2454888.7423770832829177 17.8770866 0.0630030 0
2454888.7433151621371508 17.8185310 0.0580027 0
2454888.7442549769766629 17.8129101 0.0570020 0
2454888.7451936341822147 17.6025429 0.0580034 0
2454888.7461322918534279 17.7395335729167 99 1
2454888.7470535878092051 17.7339783 0.0500036 0
2454888.7479812498204410 17.7395335729167 99 1
2454888.7489129630848765 17.7611065 0.0540017 0
2454888.7498718751594424 17.6744194 0.0570026 0
2454888.7507966435514390 17.7349110 0.0530024 0
2454888.7517289351671934 17.7807083 0.0560023 0
2454888.7526432871818542 17.7145958 0.0750040 0
2454888.7535784724168479 17.7589455 0.0570025 0
2454888.7545165508054197 17.6618614 0.0650030 0
2454888.7554476852528751 17.7308922 0.0520031 0
2454888.7563805556856096 17.7842445 0.0530032 0
2454888.7573082176968455 17.7395335729167 99 1
2454888.7582358797080815 17.7528858 0.0570035 0
2454888.7591681713238358 17.7395335729167 99 1
2454888.7600981481373310 17.7511616 0.0560026 0
2454888.7610315973870456 17.7336731 0.0520026 0
2454888.7619598377496004 17.7660828 0.0540033 0
2454888.7628956018015742 17.7130127 0.0570037 0
2454888.7638631942681968 17.7778702 0.0620024 0
2454888.7647983795031905 17.8273163 0.0590036 0
2454888.7657763888128102 17.7693272 0.0580034 0
2454888.7667086804285645 17.8376808 0.0680027 0
2454888.7676403936930001 17.7395335729167 99 1
2454888.7685732636600733 17.7420883 0.0560034 0
2454888.7696270835585892 17.5886307 0.0590037 0
2454888.7705732639878988 17.6231174 0.0650030 0
2454888.7715084492228925 17.8766537 0.0810026 0
2454888.7724303239956498 17.6526413 0.0690033 0
2454888.7733620372600853 17.7395335729167 99 1
2454888.7743105324916542 17.6490097 0.0660035 0
2454888.7761843749321997 17.7395335729167 99 1
2454888.7771444446407259 17.7395335729167 99 1
2454888.7781050927005708 17.7395335729167 99 1
2454888.7790119214914739 17.7395335729167 99 1
2454888.7799465279094875 17.7395335729167 99 1
2454888.7809378472156823 17.6994991 0.0540057 0
2454888.7818875000812113 17.7806911 0.0550095 0
2454888.7828354164958000 17.7395335729167 99 1
2454888.7837873841635883 17.7395335729167 99 1
2454888.7847306714393198 17.8283138 0.0600037 0
2454888.7856895835138857 17.8315430 0.0600029 0
2454888.7866369211114943 17.7510567 0.0530032 0
2454888.7875900464132428 17.8212662 0.0550058 0
2454888.7885396992787719 17.7330151 0.0540039 0
2454888.7894795136526227 17.7857475 0.0590057 0
