0.892682926829268
2454887.7398140048608184 16.8728409 0.0180069 0
2454887.7406988427974284 16.8646889 0.0170094 0
2454887.7416172455996275 16.8593750 0.0180156 0
2454887.7425315971486270 16.8584824 0.0180126 0
2454887.7434355323202908 16.8546391 0.0170098 0
2454887.7444280092604458 16.8945599 0.0180120 0
2454887.7453365740366280 16.8827419 0.0180098 0
2454887.7462584492750466 16.8801861 0.0180098 0
2454887.7471716436557472 16.8665428 0.0180084 0
2454887.7480946760624647 16.8825436 0.0180058 0
2454887.7490032408386469 16.8672619 0.0180065 0
2454887.7499204860068858 16.8515949 0.0180130 0
2454887.7508365740068257 16.8644104 0.0180067 0
2454887.7517543979920447 16.8465595 0.0180065 0
2454887.7526531252078712 16.8672485 0.0180069 0
2454887.7535726851783693 16.8875294 0.0180046 0
2454887.7544905091635883 16.8552723 0.0180073 0
2454887.7554083331488073 16.8869553 0.0200075 0
2454887.7563325231894851 16.8874683 0.0190132 0
2454887.7572474535554647 16.8747330 0.0200142 0
2454887.7581785880029202 16.8940449 0.0200068 0
2454887.7590917823836207 16.9177837 0.0210099 0
2454887.7600171295925975 16.8833237 0.0190065 0
2454887.7618961804546416 16.8765678 0.0190059 0
2454887.7627902776002884 16.8362350 0.0180242 0
2454887.7637017359957099 16.8568096 0.0190061 0
2454887.7646328704431653 16.8695431 0.0190104 0
2454887.7655541668646038 16.8375587 0.0200073 0
2454887.7664656247943640 16.8778229 0.0210060 0
2454887.7674204860813916 16.8552837 0.0210063 0
2454887.7683498840779066 16.8545284 0.0200049 0
2454887.7693741898983717 16.8895378 0.0210055 0
2454887.7705530091188848 16.8632908 0.0210078 0
2454887.7714465279132128 16.8785553 0.0200086 0
2454887.7723736111074686 16.8862553 0.0220048 0
2454887.7732908562757075 16.8740845 0.0210068 0
2454887.7742555555887520 16.8766823 0.0210051 0
2454887.7751803239807487 16.8726196 0.0210053 0
2454887.7761074071750045 16.8813457 0.0210058 0
2454887.7770414352416992 16.9021702 0.0230080 0
2454887.7779604168608785 16.8735733 0.0210066 0
2454887.7788863424211740 16.8687210 0.0210092 0
2454887.7798122684471309 16.8972549 0.0210054 0
2454887.7807370368391275 16.8737469 0.0210092 0
2454887.7817167825996876 16.8614292 0.0200073 0
2454887.7835888890549541 16.8446293 0.0230154 0
2454887.7844922454096377 16.8572845 0.0240179 0
2454887.7854181714355946 16.8412933 0.0210057 0
2454887.7863481482490897 16.8674145 0.0220055 0
2454887.7872862266376615 16.8529987 0.0220076 0
2454887.7882127314805984 16.8766632 0.0230059 0
2454887.7891357638873160 16.8659344 0.0300055 0
2454887.7900576386600733 16.8799095 0.0310092 0
2454887.7909748842939734 16.8568611 0.0240085 0
2454887.7919089118950069 16.8544540 0.0250092 0
2454887.7928527779877186 16.8493900 0.0240079 0
2454887.7937896992079914 16.8734570 0.0250067 0
2454887.7947162035852671 16.8992882 0.0260060 0
2454887.7956571760587394 16.8761177 0.0310050 0
2454887.7965848380699754 16.8894882 0.0270081 0
2454887.7975275460630655 16.8990059 0.0260106 0
2454887.7985703703016043 16.8615150 0.0270075 0
2454887.7997063659131527 16.9039516 0.0290073 0
2454887.8006496527232230 16.8818588 0.0280285 0
2454887.8016322916373610 16.8438911 0.0260074 0
2454887.8026537038385868 16.9122391 0.0280053 0
2454887.8036947916261852 16.8488674 0.0280082 0
2454887.8047144678421319 16.8761673 0.0290087 0
2454887.8056924766860902 16.9295292 0.0310076 0
2454887.8066947916522622 16.9347477 0.0320071 0
2454887.8085750001482666 16.8599033 0.0310075 0
2454887.8095032409764826 16.8766479 0.0280066 0
2454887.8114725695922971 16.9132557 0.0330106 0
2454887.8123961803503335 16.8896084 0.0320072 0
2454887.8133319444023073 16.8893509 0.0300106 0
2454887.8142671296373010 16.8559418 0.0320089 0
2454887.8152069444768131 16.9289265 0.0350091 0
2454887.8161473381333053 16.8893719 0.0340092 0
2454887.8170964121818542 16.8694267 0.0350133 0
2454887.8191074072383344 16.9144192 0.0350071 0
2454887.8200408564880490 16.8847572857924 99 1
2454887.8209934029728174 16.9527130 0.0380204 0
2454887.8219609954394400 16.9303646 0.0380079 0
2454887.8229123842902482 16.8994675 0.0350104 0
2454887.8238782407715917 16.8796310 0.0380127 0
2454887.8248504628427327 16.9716702 0.0450189 0
2454887.8258990738540888 17.0299263 0.0590124 0
2454887.8268562499433756 16.8481007 0.0440303 0
2454887.8278082176111639 16.8669033 0.0420104 0
2454887.8287613424472511 17.0743599 0.0600170 0
2454887.8297381945885718 16.9523411 0.0510104 0
2454887.8306537037715316 16.9614468 0.0530358 0
2454887.8315848377533257 16.9204597 0.0540120 0
2454887.8325101854279637 16.9760647 0.0610169 0
2454887.8334546294063330 16.8678532 0.0510712 0
2454888.6674447916448116 16.9281902 0.0210105 0
2454888.6683608796447515 16.8840542 0.0190167 0
2454888.6692607640288770 16.8694382 0.0190137 0
2454888.6701681711710989 16.9019928 0.0190191 0
2454888.6710802083835006 16.8938732 0.0190233 0
2454888.6719829859212041 16.8778896 0.0190082 0
2454888.6729060183279216 16.8867645 0.0200110 0
2454888.6738012731075287 16.8850689 0.0190170 0
2454888.6747040511108935 16.9146690 0.0190239 0
2454888.6756184026598930 16.8646717 0.0180101 0
2454888.6765431715175509 16.8792000 0.0180118 0
2454888.6774395834654570 16.8987656 0.0180117 0
2454888.6895935186184943 16.8545055 0.0200046 0
2454888.6905084489844739 16.8573036 0.0180057 0
2454888.6914349538274109 16.8995476 0.0190064 0
2454888.6923412038013339 16.9028435 0.0210083 0
2454888.6932462961412966 16.8846550 0.0210053 0
2454888.6941357636824250 16.8664799 0.0210053 0
2454888.6950402776710689 16.8953056 0.0230045 0
2454888.6959453704766929 16.8651581 0.0220056 0
2454888.6968608796596527 16.9287529 0.0210050 0
2454888.7025194442830980 16.9097424 0.0370073 0
2454888.7034413195215166 16.9178638 0.0420054 0
2454888.7043498842976987 16.9100590 0.0410055 0
2454888.7072759261354804 16.8923244 0.0390052 0
2454888.7081872685812414 16.8447437 0.0380077 0
2454888.7090981481596828 16.8785725 0.0420069 0
2454888.7100136573426425 16.8475304 0.0520063 0
2454888.7109413193538785 16.9099388 0.0520068 0
2454888.7118799770250916 16.8949528 0.0510066 0
2454888.7128006946295500 16.9243774 0.0610073 0
2454888.7137162038125098 16.9580574 0.0530056 0
2454888.7146427081897855 16.8601055 0.0490107 0
2454888.7155553242191672 16.8659611 0.0510173 0
2454888.7165379631333053 16.8475304 0.0490050 0
2454888.7174476850777864 16.9563179 0.0550078 0
2454888.7183736111037433 16.8557453 0.0580057 0
2454888.7193006942979991 16.8753967 0.0510078 0
2454888.7211502315476537 16.8847572857924 99 1
2454888.7220478011295199 16.8847572857924 99 1
2454888.7229563659057021 16.8847572857924 99 1
2454888.7238770835101604 16.8847572857924 99 1
2454888.7247787038795650 16.8847572857924 99 1
2454888.7256785877980292 16.8847572857924 99 1
2454888.7266351850703359 16.8847572857924 99 1
2454888.7275616899132729 16.8352489 0.0430052 0
2454888.7284939815290272 16.8847572857924 99 1
2454888.7294222223572433 16.8847572857924 99 1
2454888.7312717591412365 16.8847572857924 99 1
2454888.7321843751706183 16.8847572857924 99 1
2454888.7331114583648741 16.8847572857924 99 1
2454888.7340130787342787 16.8847572857924 99 1
2454888.7349737267941236 16.8847572857924 99 1
2454888.7358950232155621 16.8847572857924 99 1
2454888.7368302084505558 16.8714027 0.0300126 0
2454888.7377503472380340 16.9059334 0.0300059 0
2454888.7386693288572133 16.8616848 0.0300078 0
2454888.7395883100107312 16.8648281 0.0270095 0
2454888.7405211804434657 16.8851738 0.0270040 0
2454888.7414523148909211 16.8762474 0.0260059 0
2454888.7423770832829177 16.8790855 0.0260073 0
2454888.7433151621371508 16.8805313 0.0260060 0
2454888.7442549769766629 16.8619099 0.0260044 0
2454888.7451936341822147 16.8765430 0.0290067 0
2454888.7461322918534279 16.8651371 0.0310061 0
2454888.7470535878092051 16.8809776 0.0250071 0
2454888.7479812498204410 16.8584995 0.0340094 0
2454888.7489129630848765 16.8891068 0.0250037 0
2454888.7498718751594424 16.9064198 0.0290051 0
2454888.7507966435514390 16.9229107 0.0270048 0
2454888.7517289351671934 16.8417053 0.0250051 0
2454888.7526432871818542 16.8815956 0.0330091 0
2454888.7535784724168479 16.8349457 0.0260055 0
2454888.7545165508054197 16.9118614 0.0310063 0
2454888.7554476852528751 16.8628922 0.0250064 0
2454888.7563805556856096 16.8872433 0.0250067 0
2454888.7573082176968455 16.8644829 0.0270048 0
2454888.7582358797080815 16.8708858 0.0280071 0
2454888.7591681713238358 16.8463688 0.0250047 0
2454888.7600981481373310 16.8391609 0.0250059 0
2454888.7610315973870456 16.8956738 0.0250054 0
2454888.7619598377496004 16.8980827 0.0260069 0
2454888.7628956018015742 16.9080124 0.0270079 0
2454888.7638631942681968 16.9058704 0.0290052 0
2454888.7647983795031905 16.8773155 0.0260081 0
2454888.7657763888128102 16.8803272 0.0280071 0
2454888.7667086804285645 16.9106808 0.0300060 0
2454888.7676403936930001 16.8877487 0.0270189 0
2454888.7685732636600733 16.8470879 0.0250077 0
2454888.7696270835585892 16.9296303 0.0320068 0
2454888.7705732639878988 16.8891182 0.0310063 0
2454888.7715084492228925 16.8806534 0.0310067 0
2454888.7724303239956498 16.9096413 0.0330069 0
2454888.7733620372600853 16.8645210 0.0350103 0
2454888.7743105324916542 16.9370098 0.0320072 0
2454888.7761843749321997 16.8854332 0.0530091 0
2454888.7771444446407259 16.8847572857924 99 1
2454888.7781050927005708 16.8847572857924 99 1
2454888.7790119214914739 16.8847572857924 99 1
2454888.7799465279094875 16.8847572857924 99 1
2454888.7809378472156823 16.9244995 0.0270114 0
2454888.7818875000812113 16.8816910 0.0260201 0
2454888.7828354164958000 16.8847572857924 99 1
2454888.7837873841635883 16.8847572857924 99 1
2454888.7847306714393198 16.8693142 0.0270082 0
2454888.7856895835138857 16.9005432 0.0270065 0
2454888.7866369211114943 16.8540554 0.0250068 0
2454888.7875900464132428 16.8922672 0.0250128 0
2454888.7885396992787719 16.8490143 0.0250085 0
2454888.7894795136526227 16.9217472 0.0270125 0
