0.975609756097561
2454887.7398140048608184 15.9088421 0.0100125 0
2454887.7406988427974284 15.9096899 0.0100160 0
2454887.7416172455996275 15.9173756 0.0100280 0
2454887.7425315971486270 15.8974819 0.0100226 0
2454887.7434355323202908 15.9256392 0.0100166 0
2454887.7444280092604458 15.9165573 0.0100216 0
2454887.7453365740366280 15.9217415 0.0100176 0
2454887.7462584492750466 15.9301872 0.0100176 0
2454887.7471716436557472 15.9115429 0.0100152 0
2454887.7480946760624647 15.9125452 0.0100104 0
2454887.7490032408386469 15.9062605 0.0100117 0
2454887.7499204860068858 15.8975945 0.0100234 0
2454887.7508365740068257 15.9164114 0.0100120 0
2454887.7517543979920447 15.8935595 0.0100116 0
2454887.7526531252078712 15.9042473 0.0100123 0
2454887.7535726851783693 15.9065313 0.0100082 0
2454887.7544905091635883 15.9172726 0.0100132 0
2454887.7554083331488073 15.9189548 0.0110137 0
2454887.7563325231894851 15.9294682 0.0100250 0
2454887.7572474535554647 15.9137325 0.0110258 0
2454887.7581785880029202 15.9180450 0.0110123 0
2454887.7590917823836207 15.9167824 0.0110188 0
2454887.7600171295925975 15.9163237 0.0100124 0
2454887.7618961804546416 15.9125662 0.0100112 0
2454887.7627902776002884 15.9132366 0.0100434 0
2454887.7637017359957099 15.9028101 0.0100116 0
2454887.7646328704431653 15.9185429 0.0100198 0
2454887.7655541668646038 15.8975563 0.0110133 0
2454887.7664656247943640 15.9098234 0.0110115 0
2454887.7674204860813916 15.9092836 0.0110120 0
2454887.7683498840779066 15.9035292 0.0100099 0
2454887.7693741898983717 15.9175386 0.0110105 0
2454887.7705530091188848 15.9152908 0.0110149 0
2454887.7714465279132128 15.8895550 0.0110156 0
2454887.7723736111074686 15.8912544 0.0120087 0
2454887.7732908562757075 15.9210835 0.0110130 0
2454887.7742555555887520 15.9046822 0.0110097 0
2454887.7751803239807487 15.8986206 0.0110101 0
2454887.7761074071750045 15.9123449 0.0110111 0
2454887.7770414352416992 15.9011707 0.0110167 0
2454887.7779604168608785 15.9035749 0.0110126 0
2454887.7788863424211740 15.9237204 0.0110175 0
2454887.7798122684471309 15.9102554 0.0110103 0
2454887.7807370368391275 15.9007463 0.0110176 0
2454887.7817167825996876 15.9104290 0.0110133 0
2454887.7835888890549541 15.9416294 0.0120294 0
2454887.7844922454096377 15.9062843 0.0120358 0
2454887.7854181714355946 15.8782940 0.0110109 0
2454887.7863481482490897 15.8944130 0.0110111 0
2454887.7872862266376615 15.9339991 0.0120139 0
2454887.7882127314805984 15.9296618 0.0120113 0
2454887.7891357638873160 15.9089346 0.0140118 0
2454887.7900576386600733 15.9199095 0.0150190 0
2454887.7909748842939734 15.9198618 0.0120170 0
2454887.7919089118950069 15.9084511 0.0120192 0
2454887.7928527779877186 15.8713913 0.0120158 0
2454887.7937896992079914 15.8914537 0.0120140 0
2454887.7947162035852671 15.9142876 0.0120131 0
2454887.7956571760587394 15.9011192 0.0140110 0
2454887.7965848380699754 15.8864889 0.0130169 0
2454887.7975275460630655 15.8690052 0.0120229 0
2454887.7985703703016043 15.9125156 0.0130155 0
2454887.7997063659131527 15.8679504 0.0140151 0
2454887.8006496527232230 15.9118595 0.0140570 0
2454887.8016322916373610 15.8898916 0.0130147 0
2454887.8026537038385868 15.8862381 0.0130114 0
2454887.8036947916261852 15.8858681 0.0140164 0
2454887.8047144678421319 15.9001675 0.0140179 0
2454887.8056924766860902 15.8515282 0.0140169 0
2454887.8066947916522622 15.8727474 0.0140162 0
2454887.8085750001482666 15.8809042 0.0140166 0
2454887.8095032409764826 15.8796482 0.0130142 0
2454887.8114725695922971 15.8882561 0.0140249 0
2454887.8123961803503335 15.9046078 0.0150153 0
2454887.8133319444023073 15.9113493 0.0150212 0
2454887.8142671296373010 15.8919401 0.0150189 0
2454887.8152069444768131 15.9069271 0.0150212 0
2454887.8161473381333053 15.8713722 0.0150209 0
2454887.8170964121818542 15.9374256 0.0170274 0
2454887.8191074072383344 15.8644199 0.0160156 0
2454887.8200408564880490 15.9076242 0.0170544 0
2454887.8209934029728174 15.9077148 0.0170456 0
2454887.8219609954394400 15.8663645 0.0150201 0
2454887.8229123842902482 15.9094667 0.0160228 0
2454887.8238782407715917 15.8726320 0.0170284 0
2454887.8248504628427327 15.8956680 0.0180473 0
2454887.8258990738540888 15.8939238 0.0220332 0
2454887.8268562499433756 15.8981009 0.0210634 0
2454887.8278082176111639 15.8709030 0.0180243 0
2454887.8287613424472511 15.8403606 0.0210485 0
2454887.8297381945885718 15.8933420 0.0210253 0
2454887.8306537037715316 15.9114475 0.0220861 0
2454887.8315848377533257 15.8974619 0.0220293 0
2454887.8325101854279637 15.9830647 0.0250412 0
2454887.8334546294063330 15.9608545 0.0231575 0
2454888.6674447916448116 15.8971891 0.0100221 0
2454888.6683608796447515 15.9030552 0.0100318 0
2454888.6692607640288770 15.8854370 0.0100260 0
2454888.6701681711710989 15.8879929 0.0100362 0
2454888.6710802083835006 15.8898706 0.0100442 0
2454888.6719829859212041 15.8898897 0.0100156 0
2454888.6729060183279216 15.8917656 0.0100220 0
2454888.6738012731075287 15.9020681 0.0100322 0
2454888.6747040511108935 15.8956671 0.0100453 0
2454888.6756184026598930 15.8926725 0.0100181 0
2454888.6765431715175509 15.8942003 0.0100213 0
2454888.6774395834654570 15.9057655 0.0100210 0
2454888.6895935186184943 15.9105072 0.0100091 0
2454888.6905084489844739 15.9123020 0.0100103 0
2454888.6914349538274109 15.8975468 0.0100122 0
2454888.6923412038013339 15.8988447 0.0110158 0
2454888.6932462961412966 15.9146566 0.0110101 0
2454888.6941357636824250 15.9254780 0.0110102 0
2454888.6950402776710689 15.9023046 0.0120087 0
2454888.6959453704766929 15.9241581 0.0120102 0
2454888.6968608796596527 15.9037542 0.0110095 0
2454888.7025194442830980 15.9677420 0.0180150 0
2454888.7034413195215166 15.9628639 0.0190120 0
2454888.7043498842976987 15.9620600 0.0190120 0
2454888.7072759261354804 15.9623232 0.0180112 0
2454888.7081872685812414 15.9497433 0.0190154 0
2454888.7090981481596828 15.9355717 0.0200146 0
2454888.7100136573426425 16.0205307 0.0260126 0
2454888.7109413193538785 15.9059391 0.0220162 0
2454888.7118799770250916 15.9649515 0.0240140 0
2454888.7128006946295500 16.0023766 0.0280159 0
2454888.7137162038125098 15.9280586 0.0230128 0
2454888.7146427081897855 15.9521046 0.0230229 0
2454888.7155553242191672 15.9369602 0.0240368 0
2454888.7165379631333053 15.9565287 0.0220111 0
2454888.7174476850777864 15.8953180 0.0230187 0
2454888.7183736111037433 15.9147444 0.0280119 0
2454888.7193006942979991 15.9003973 0.0230173 0
2454888.7211502315476537 15.9118519 0.0330241 0
2454888.7220478011295199 15.9361153 0.0470198 0
2454888.7229563659057021 15.7590818 0.0510226 0
2454888.7238770835101604 15.900923785 99 1
2454888.7247787038795650 15.8444986 0.0640252 0
2454888.7256785877980292 15.8706303 0.0390233 0
2454888.7266351850703359 15.8929558 0.0230101 0
2454888.7275616899132729 15.8992481 0.0200112 0
2454888.7284939815290272 15.9208040 0.0180115 0
2454888.7294222223572433 15.9207983 0.0190104 0
2454888.7312717591412365 15.8713064 0.0190169 0
2454888.7321843751706183 15.8969841 0.0190144 0
2454888.7331114583648741 15.9037037 0.0160103 0
2454888.7340130787342787 15.8861732 0.0150088 0
2454888.7349737267941236 15.8835497 0.0140097 0
2454888.7358950232155621 15.8808002 0.0150138 0
2454888.7368302084505558 15.8494024 0.0140270 0
2454888.7377503472380340 15.8889341 0.0140126 0
2454888.7386693288572133 15.8946838 0.0130181 0
2454888.7395883100107312 15.8908262 0.0130197 0
2454888.7405211804434657 15.9001741 0.0120091 0
2454888.7414523148909211 15.8862467 0.0120127 0
2454888.7423770832829177 15.9250860 0.0130146 0
2454888.7433151621371508 15.8845320 0.0130120 0
2454888.7442549769766629 15.8799114 0.0120096 0
2454888.7451936341822147 15.9005432 0.0130150 0
2454888.7461322918534279 15.9051380 0.0140135 0
2454888.7470535878092051 15.8739767 0.0120148 0
2454888.7479812498204410 15.9065008 0.0160199 0
2454888.7489129630848765 15.8661041 0.0120077 0
2454888.7498718751594424 15.8884211 0.0130113 0
2454888.7507966435514390 15.8969107 0.0130100 0
2454888.7517289351671934 15.8737068 0.0130097 0
2454888.7526432871818542 15.8745937 0.0150201 0
2454888.7535784724168479 15.8809471 0.0130111 0
2454888.7545165508054197 15.8948612 0.0140140 0
2454888.7554476852528751 15.8858900 0.0120134 0
2454888.7563805556856096 15.8892441 0.0120139 0
2454888.7573082176968455 15.8744841 0.0130100 0
2454888.7582358797080815 15.9078827 0.0130153 0
2454888.7591681713238358 15.8943701 0.0120097 0
2454888.7600981481373310 15.8901606 0.0130112 0
2454888.7610315973870456 15.8796749 0.0120113 0
2454888.7619598377496004 15.8880835 0.0130137 0
2454888.7628956018015742 15.9010115 0.0130164 0
2454888.7638631942681968 15.8978701 0.0130116 0
2454888.7647983795031905 15.8733168 0.0120175 0
2454888.7657763888128102 15.8703289 0.0130154 0
2454888.7667086804285645 15.8806820 0.0140129 0
2454888.7676403936930001 15.8637476 0.0130391 0
2454888.7685732636600733 15.8890877 0.0130148 0
2454888.7696270835585892 15.8746300 0.0140155 0
2454888.7705732639878988 15.8721180 0.0140139 0
2454888.7715084492228925 15.8586550 0.0140149 0
2454888.7724303239956498 15.9016409 0.0150153 0
2454888.7733620372600853 15.8975220 0.0160225 0
2454888.7743105324916542 15.9040079 0.0140165 0
2454888.7761843749321997 15.9014320 0.0240200 0
2454888.7771444446407259 15.8769360 0.0312022 0
2454888.7781050927005708 15.8843765 0.0490968 0
2454888.7790119214914739 15.900923785 99 1
2454888.7799465279094875 15.900923785 99 1
2454888.7809378472156823 15.8844995 0.0130236 0
2454888.7818875000812113 15.8396893 0.0120435 0
2454888.7828354164958000 15.900923785 99 1
2454888.7837873841635883 15.900923785 99 1
2454888.7847306714393198 15.8913136 0.0130171 0
2454888.7856895835138857 15.8805408 0.0130134 0
2454888.7866369211114943 15.8800564 0.0120141 0
2454888.7875900464132428 15.8502684 0.0120267 0
2454888.7885396992787719 15.8780146 0.0120177 0
2454888.7894795136526227 15.8657484 0.0130260 0
