0.946341463414634
2454887.7398140048608184 16.6468410 0.0160078 0
2454887.7406988427974284 16.6156902 0.0150107 0
2454887.7416172455996275 16.6743755 0.0160175 0
2454887.7425315971486270 16.6494827 0.0160142 0
2454887.7434355323202908 16.6246395 0.0150111 0
2454887.7444280092604458 16.6465588 0.0160135 0
2454887.7453365740366280 16.6387424 0.0150118 0
2454887.7462584492750466 16.6391869 0.0150117 0
2454887.7471716436557472 16.6415443 0.0150101 0
2454887.7480946760624647 16.6575451 0.0160065 0
2454887.7490032408386469 16.6332607 0.0160073 0
2454887.7499204860068858 16.6465950 0.0160147 0
2454887.7508365740068257 16.6434116 0.0150080 0
2454887.7517543979920447 16.6525593 0.0160073 0
2454887.7526531252078712 16.6432476 0.0160077 0
2454887.7535726851783693 16.6295300 0.0160051 0
2454887.7544905091635883 16.6382713 0.0160083 0
2454887.7554083331488073 16.6729546 0.0170089 0
2454887.7563325231894851 16.6544666 0.0160156 0
2454887.7572474535554647 16.6367340 0.0170167 0
2454887.7581785880029202 16.6350460 0.0170080 0
2454887.7590917823836207 16.6457844 0.0170122 0
2454887.7600171295925975 16.6503220 0.0160077 0
2454887.7618961804546416 16.6315670 0.0160070 0
2454887.7627902776002884 16.6482353 0.0160272 0
2454887.7637017359957099 16.6358089 0.0160073 0
2454887.7646328704431653 16.6255436 0.0160124 0
2454887.7655541668646038 16.6605587 0.0180081 0
2454887.7664656247943640 16.6328220 0.0180071 0
2454887.7674204860813916 16.6802826 0.0180073 0
2454887.7683498840779066 16.6545277 0.0170058 0
2454887.7693741898983717 16.6065388 0.0180064 0
2454887.7705530091188848 16.6272907 0.0180091 0
2454887.7714465279132128 16.6335545 0.0170101 0
2454887.7723736111074686 16.6402550 0.0190055 0
2454887.7732908562757075 16.6310844 0.0170084 0
2454887.7742555555887520 16.6496811 0.0180059 0
2454887.7751803239807487 16.6396198 0.0180062 0
2454887.7761074071750045 16.6493454 0.0180068 0
2454887.7770414352416992 16.5931702 0.0180102 0
2454887.7779604168608785 16.6265736 0.0180077 0
2454887.7788863424211740 16.6297207 0.0180107 0
2454887.7798122684471309 16.6342545 0.0170067 0
2454887.7807370368391275 16.6217461 0.0180108 0
2454887.7817167825996876 16.6154289 0.0180082 0
2454887.7835888890549541 16.6666279 0.0200177 0
2454887.7844922454096377 16.6782837 0.0210205 0
2454887.7854181714355946 16.7062950 0.0190063 0
2454887.7863481482490897 16.6264153 0.0180068 0
2454887.7872862266376615 16.6660004 0.0200083 0
2454887.7882127314805984 16.6346626 0.0200068 0
2454887.7891357638873160 16.6459351 0.0250066 0
2454887.7900576386600733 16.6309090 0.0270105 0
2454887.7909748842939734 16.6678619 0.0210097 0
2454887.7919089118950069 16.6554527 0.0210110 0
2454887.7928527779877186 16.6463909 0.0210090 0
2454887.7937896992079914 16.6694565 0.0210080 0
2454887.7947162035852671 16.6352882 0.0210075 0
2454887.7956571760587394 16.6721172 0.0260059 0
2454887.7965848380699754 16.6394882 0.0220100 0
2454887.7975275460630655 16.6540051 0.0220125 0
2454887.7985703703016043 16.6735153 0.0230088 0
2454887.7997063659131527 16.6359520 0.0230092 0
2454887.8006496527232230 16.6578579 0.0230347 0
2454887.8016322916373610 16.6498909 0.0230083 0
2454887.8026537038385868 16.6492386 0.0230065 0
2454887.8036947916261852 16.6248684 0.0240095 0
2454887.8047144678421319 16.6101685 0.0240105 0
2454887.8056924766860902 16.6145287 0.0240099 0
2454887.8066947916522622 16.6127472 0.0250090 0
2454887.8085750001482666 16.6319027 0.0270086 0
2454887.8095032409764826 16.6346474 0.0240077 0
2454887.8114725695922971 16.5972576 0.0250139 0
2454887.8123961803503335 16.6336079 0.0250092 0
2454887.8133319444023073 16.6073494 0.0240132 0
2454887.8142671296373010 16.6399403 0.0270105 0
2454887.8152069444768131 16.6379280 0.0280114 0
2454887.8161473381333053 16.6543732 0.0270116 0
2454887.8170964121818542 16.6524277 0.0300155 0
2454887.8191074072383344 16.6774197 0.0300083 0
2454887.8200408564880490 16.6386242 0.0320289 0
2454887.8209934029728174 16.6457119 0.0310250 0
2454887.8219609954394400 16.6833649 0.0310097 0
2454887.8229123842902482 16.6524677 0.0290126 0
2454887.8238782407715917 16.6216316 0.0310156 0
2454887.8248504628427327 16.6516685 0.0340251 0
2454887.8258990738540888 16.5989246 0.0400183 0
2454887.8268562499433756 16.6641006 0.0380351 0
2454887.8278082176111639 16.6619034 0.0340129 0
2454887.8287613424472511 16.5883598 0.0400255 0
2454887.8297381945885718 16.6873417 0.0420127 0
2454887.8306537037715316 16.5524464 0.0370513 0
2454887.8315848377533257 16.6264610 0.0440147 0
2454887.8325101854279637 16.5840645 0.0410252 0
2454887.8334546294063330 16.6368523 0.0410886 0
2454888.6674447916448116 16.6271896 0.0170130 0
2454888.6683608796447515 16.6290550 0.0160199 0
2454888.6692607640288770 16.6464386 0.0160163 0
2454888.6701681711710989 16.6559925 0.0160227 0
2454888.6710802083835006 16.6498718 0.0160277 0
2454888.6719829859212041 16.6278896 0.0160098 0
2454888.6729060183279216 16.6647644 0.0170129 0
2454888.6738012731075287 16.6540680 0.0160202 0
2454888.6747040511108935 16.6686668 0.0160283 0
2454888.6756184026598930 16.6496716 0.0150121 0
2454888.6765431715175509 16.6531982 0.0160133 0
2454888.6774395834654570 16.6487656 0.0150140 0
2454888.6895935186184943 16.6795063 0.0170054 0
2454888.6905084489844739 16.6743031 0.0160064 0
2454888.6914349538274109 16.6385479 0.0160076 0
2454888.6923412038013339 16.6238441 0.0170102 0
2454888.6932462961412966 16.6376572 0.0170066 0
2454888.6941357636824250 16.6334782 0.0180062 0
2454888.6950402776710689 16.6713047 0.0190055 0
2454888.6959453704766929 16.6641579 0.0180068 0
2454888.6968608796596527 16.6497536 0.0180058 0
2454888.7025194442830980 16.6007423 0.0290093 0
2454888.7034413195215166 16.6858654 0.0340067 0
2454888.7043498842976987 16.6200600 0.0330069 0
2454888.7072759261354804 16.6963253 0.0330061 0
2454888.7081872685812414 16.5837440 0.0310094 0
2454888.7090981481596828 16.6045704 0.0340086 0
2454888.7100136573426425 16.5395298 0.0430076 0
2454888.7109413193538785 16.5959377 0.0400089 0
2454888.7118799770250916 16.5779514 0.0370091 0
2454888.7128006946295500 16.6063766 0.0460097 0
2454888.7137162038125098 16.6170578 0.0410072 0
2454888.7146427081897855 16.6631050 0.0420125 0
2454888.7155553242191672 16.7149601 0.0450196 0
2454888.7165379631333053 16.6855297 0.0420058 0
2454888.7174476850777864 16.6483173 0.0420103 0
2454888.7183736111037433 16.6027451 0.0470071 0
2454888.7193006942979991 16.6173973 0.0430092 0
2454888.7211502315476537 16.6450577180412 99 1
2454888.7220478011295199 16.6450577180412 99 1
2454888.7229563659057021 16.6450577180412 99 1
2454888.7238770835101604 16.6450577180412 99 1
2454888.7247787038795650 16.6450577180412 99 1
2454888.7256785877980292 16.6450577180412 99 1
2454888.7266351850703359 16.6789551 0.0450052 0
2454888.7275616899132729 16.6352482 0.0360062 0
2454888.7284939815290272 16.5898056 0.0310067 0
2454888.7294222223572433 16.6457977 0.0330060 0
2454888.7312717591412365 16.6043072 0.0340095 0
2454888.7321843751706183 16.6509838 0.0320085 0
2454888.7331114583648741 16.6297035 0.0280059 0
2454888.7340130787342787 16.6681728 0.0270049 0
2454888.7349737267941236 16.6395493 0.0240056 0
2454888.7358950232155621 16.6717987 0.0280074 0
2454888.7368302084505558 16.6134014 0.0240157 0
2454888.7377503472380340 16.6559334 0.0230077 0
2454888.7386693288572133 16.6816845 0.0250094 0
2454888.7395883100107312 16.6188278 0.0220117 0
2454888.7405211804434657 16.6591740 0.0230047 0
2454888.7414523148909211 16.6582470 0.0220069 0
2454888.7423770832829177 16.6560860 0.0220086 0
2454888.7433151621371508 16.6555328 0.0220071 0
2454888.7442549769766629 16.6509113 0.0220052 0
2454888.7451936341822147 16.6745415 0.0240081 0
2454888.7461322918534279 16.6921368 0.0260073 0
2454888.7470535878092051 16.6489773 0.0210085 0
2454888.7479812498204410 16.6114998 0.0270118 0
2454888.7489129630848765 16.6451054 0.0210044 0
2454888.7498718751594424 16.6754208 0.0230064 0
2454888.7507966435514390 16.6659107 0.0220059 0
2454888.7517289351671934 16.6397057 0.0210060 0
2454888.7526432871818542 16.6785946 0.0280108 0
2454888.7535784724168479 16.6829453 0.0230063 0
2454888.7545165508054197 16.6798611 0.0250078 0
2454888.7554476852528751 16.6728916 0.0210077 0
2454888.7563805556856096 16.6652431 0.0210080 0
2454888.7573082176968455 16.6484833 0.0220059 0
2454888.7582358797080815 16.6768856 0.0230087 0
2454888.7591681713238358 16.6813679 0.0220053 0
2454888.7600981481373310 16.6781616 0.0230064 0
2454888.7610315973870456 16.6496754 0.0210065 0
2454888.7619598377496004 16.6510830 0.0210085 0
2454888.7628956018015742 16.6380119 0.0220097 0
2454888.7638631942681968 16.6348705 0.0230065 0
2454888.7647983795031905 16.6713161 0.0220096 0
2454888.7657763888128102 16.6473274 0.0220091 0
2454888.7667086804285645 16.6886806 0.0250072 0
2454888.7676403936930001 16.6727486 0.0230221 0
2454888.7685732636600733 16.6780872 0.0220088 0
2454888.7696270835585892 16.6366291 0.0240090 0
2454888.7705732639878988 16.6751175 0.0260075 0
2454888.7715084492228925 16.6576538 0.0260080 0
2454888.7724303239956498 16.6616402 0.0270085 0
2454888.7733620372600853 16.6635227 0.0300120 0
2454888.7743105324916542 16.6830082 0.0260089 0
2454888.7761843749321997 16.7054329 0.0470102 0
2454888.7771444446407259 16.5539360 0.0581083 0
2454888.7781050927005708 16.6450577180412 99 1
2454888.7790119214914739 16.6450577180412 99 1
2454888.7799465279094875 16.6450577180412 99 1
2454888.7809378472156823 16.6714993 0.0240128 0
2454888.7818875000812113 16.6226902 0.0220237 0
2454888.7828354164958000 16.6450577180412 99 1
2454888.7837873841635883 16.6450577180412 99 1
2454888.7847306714393198 16.6783142 0.0230097 0
2454888.7856895835138857 16.6395416 0.0220079 0
2454888.7866369211114943 16.6440563 0.0210081 0
2454888.7875900464132428 16.6442680 0.0210153 0
2454888.7885396992787719 16.6650143 0.0220097 0
2454888.7894795136526227 16.6477470 0.0220153 0
