0.965853658536585
2454887.7398140048608184 16.0228424 0.0100125 0
2454887.7406988427974284 16.0406895 0.0100160 0
2454887.7416172455996275 16.0503750 0.0110255 0
2454887.7425315971486270 16.0344830 0.0110206 0
2454887.7434355323202908 16.0186386 0.0110151 0
2454887.7444280092604458 16.0315590 0.0110197 0
2454887.7453365740366280 16.0407410 0.0110160 0
2454887.7462584492750466 16.0501862 0.0110160 0
2454887.7471716436557472 16.0365429 0.0110138 0
2454887.7480946760624647 16.0235443 0.0110094 0
2454887.7490032408386469 16.0252609 0.0110106 0
2454887.7499204860068858 16.0405941 0.0110213 0
2454887.7508365740068257 16.0344105 0.0110110 0
2454887.7517543979920447 16.0305595 0.0110106 0
2454887.7526531252078712 16.0192471 0.0110112 0
2454887.7535726851783693 16.0285301 0.0110075 0
2454887.7544905091635883 16.0232716 0.0110120 0
2454887.7554083331488073 16.0299549 0.0120125 0
2454887.7563325231894851 16.0234680 0.0110227 0
2454887.7572474535554647 16.0437336 0.0120236 0
2454887.7581785880029202 16.0300446 0.0110123 0
2454887.7590917823836207 16.0287838 0.0120173 0
2454887.7600171295925975 16.0353222 0.0110113 0
2454887.7618961804546416 16.0415668 0.0110102 0
2454887.7627902776002884 16.0132351 0.0110395 0
2454887.7637017359957099 16.0328083 0.0110106 0
2454887.7646328704431653 16.0275440 0.0110180 0
2454887.7655541668646038 16.0325584 0.0120122 0
2454887.7664656247943640 16.0428219 0.0120106 0
2454887.7674204860813916 16.0572834 0.0120110 0
2454887.7683498840779066 16.0275288 0.0120082 0
2454887.7693741898983717 16.0405388 0.0120096 0
2454887.7705530091188848 16.0092907 0.0120137 0
2454887.7714465279132128 16.0255547 0.0120143 0
2454887.7723736111074686 16.0222549 0.0130081 0
2454887.7732908562757075 16.0270844 0.0120119 0
2454887.7742555555887520 16.0406818 0.0120089 0
2454887.7751803239807487 16.0106201 0.0120093 0
2454887.7761074071750045 16.0393448 0.0120101 0
2454887.7770414352416992 16.0041714 0.0120153 0
2454887.7779604168608785 16.0245724 0.0120115 0
2454887.7788863424211740 16.0307198 0.0120161 0
2454887.7798122684471309 16.0272560 0.0120094 0
2454887.7807370368391275 16.0237465 0.0120161 0
2454887.7817167825996876 16.0454292 0.0120122 0
2454887.7835888890549541 16.0406284 0.0130272 0
2454887.7844922454096377 16.0242844 0.0130331 0
2454887.7854181714355946 16.0442944 0.0130092 0
2454887.7863481482490897 16.0214157 0.0120102 0
2454887.7872862266376615 16.0229988 0.0130128 0
2454887.7882127314805984 16.0456638 0.0130105 0
2454887.7891357638873160 16.0439339 0.0160103 0
2454887.7900576386600733 16.0299091 0.0170167 0
2454887.7909748842939734 16.0338612 0.0140146 0
2454887.7919089118950069 16.0644531 0.0140164 0
2454887.7928527779877186 16.0053921 0.0130146 0
2454887.7937896992079914 16.0334549 0.0130129 0
2454887.7947162035852671 16.0272884 0.0140112 0
2454887.7956571760587394 16.0261192 0.0160096 0
2454887.7965848380699754 16.0374889 0.0140157 0
2454887.7975275460630655 16.0120049 0.0140196 0
2454887.7985703703016043 16.0475159 0.0150135 0
2454887.7997063659131527 15.9999504 0.0150140 0
2454887.8006496527232230 16.0278587 0.0140570 0
2454887.8016322916373610 16.0258904 0.0140137 0
2454887.8026537038385868 16.0372391 0.0150099 0
2454887.8036947916261852 16.0188675 0.0150153 0
2454887.8047144678421319 16.0371666 0.0160157 0
2454887.8056924766860902 16.0265293 0.0150158 0
2454887.8066947916522622 16.0207481 0.0160141 0
2454887.8085750001482666 16.0219040 0.0160146 0
2454887.8095032409764826 16.0226479 0.0150123 0
2454887.8114725695922971 15.9862566 0.0160218 0
2454887.8123961803503335 16.0196095 0.0170135 0
2454887.8133319444023073 15.9863491 0.0150212 0
2454887.8142671296373010 16.0229397 0.0170167 0
2454887.8152069444768131 16.0309277 0.0170187 0
2454887.8161473381333053 16.0313740 0.0170185 0
2454887.8170964121818542 16.0094261 0.0190245 0
2454887.8191074072383344 16.0144196 0.0180139 0
2454887.8200408564880490 16.0686245 0.0200463 0
2454887.8209934029728174 16.0507126 0.0190408 0
2454887.8219609954394400 16.0223656 0.0180168 0
2454887.8229123842902482 16.0534668 0.0180203 0
2454887.8238782407715917 16.0176334 0.0200241 0
2454887.8248504628427327 15.9676685 0.0200426 0
2454887.8258990738540888 16.0129242 0.0250292 0
2454887.8268562499433756 16.0341015 0.0240555 0
2454887.8278082176111639 15.9829035 0.0210208 0
2454887.8287613424472511 16.0073605 0.0250408 0
2454887.8297381945885718 16.0143414 0.0240222 0
2454887.8306537037715316 16.0614471 0.0250758 0
2454887.8315848377533257 16.0374603 0.0260248 0
2454887.8325101854279637 16.0290642 0.0270382 0
2454887.8334546294063330 15.9648542 0.0241510 0
2454888.6674447916448116 16.0221901 0.0110201 0
2454888.6683608796447515 16.0290546 0.0110289 0
2454888.6692607640288770 16.0524387 0.0110237 0
2454888.6701681711710989 16.0469933 0.0110330 0
2454888.6710802083835006 16.0138721 0.0110402 0
2454888.6719829859212041 16.0248890 0.0110142 0
2454888.6729060183279216 16.0337639 0.0110200 0
2454888.6738012731075287 16.0290680 0.0110293 0
2454888.6747040511108935 16.0206680 0.0110412 0
2454888.6756184026598930 16.0386715 0.0100181 0
2454888.6765431715175509 16.0321999 0.0110193 0
2454888.6774395834654570 16.0227642 0.0100210 0
2454888.6895935186184943 16.0425053 0.0110083 0
2454888.6905084489844739 16.0263023 0.0100103 0
2454888.6914349538274109 16.0495472 0.0110111 0
2454888.6923412038013339 16.0278435 0.0120145 0
2454888.6932462961412966 16.0416565 0.0120093 0
2454888.6941357636824250 16.0464783 0.0120093 0
2454888.6950402776710689 16.0513058 0.0130080 0
2454888.6959453704766929 16.0551586 0.0120102 0
2454888.6968608796596527 16.0487537 0.0120087 0
2454888.7025194442830980 16.0077419 0.0190142 0
2454888.7034413195215166 16.0508633 0.0210108 0
2454888.7043498842976987 15.9970598 0.0220103 0
2454888.7072759261354804 16.0333252 0.0200101 0
2454888.7081872685812414 16.0247440 0.0210139 0
2454888.7090981481596828 16.0545712 0.0230127 0
2454888.7100136573426425 16.0755310 0.0290113 0
2454888.7109413193538785 15.9839392 0.0250142 0
2454888.7118799770250916 16.0079517 0.0240140 0
2454888.7128006946295500 16.0463772 0.0310143 0
2454888.7137162038125098 15.9900589 0.0240123 0
2454888.7146427081897855 16.0181046 0.0250211 0
2454888.7155553242191672 16.0119610 0.0270327 0
2454888.7165379631333053 16.0165291 0.0250098 0
2454888.7174476850777864 16.0283184 0.0260166 0
2454888.7183736111037433 16.0297432 0.0300111 0
2454888.7193006942979991 16.0043983 0.0260153 0
2454888.7211502315476537 16.0368519 0.0390204 0
2454888.7220478011295199 15.9711151 0.0490190 0
2454888.7229563659057021 16.0320463742424 99 1
2454888.7238770835101604 16.0320463742424 99 1
2454888.7247787038795650 16.0320463742424 99 1
2454888.7256785877980292 15.9906292 0.0440207 0
2454888.7266351850703359 16.0629559 0.0270086 0
2454888.7275616899132729 16.0222492 0.0230097 0
2454888.7284939815290272 16.0368061 0.0210099 0
2454888.7294222223572433 16.0357990 0.0210094 0
2454888.7312717591412365 15.9963064 0.0220146 0
2454888.7321843751706183 16.0509834 0.0210130 0
2454888.7331114583648741 16.0497036 0.0180091 0
2454888.7340130787342787 16.0391731 0.0170077 0
2454888.7349737267941236 16.0585499 0.0160085 0
2454888.7358950232155621 16.0697994 0.0180115 0
2454888.7368302084505558 16.0204029 0.0160236 0
2454888.7377503472380340 16.0389347 0.0160110 0
2454888.7386693288572133 16.0586834 0.0160147 0
2454888.7395883100107312 16.0518265 0.0150171 0
2454888.7405211804434657 16.0531731 0.0150073 0
2454888.7414523148909211 16.0672455 0.0140109 0
2454888.7423770832829177 16.0720863 0.0150126 0
2454888.7433151621371508 16.0335312 0.0140112 0
2454888.7442549769766629 16.0399113 0.0140082 0
2454888.7451936341822147 16.0105419 0.0150130 0
2454888.7461322918534279 16.0621376 0.0160118 0
2454888.7470535878092051 16.0359764 0.0130137 0
2454888.7479812498204410 16.0445004 0.0170187 0
2454888.7489129630848765 16.0541058 0.0140066 0
2454888.7498718751594424 16.0694199 0.0150098 0
2454888.7507966435514390 16.0499115 0.0140093 0
2454888.7517289351671934 16.0437069 0.0140090 0
2454888.7526432871818542 16.0855961 0.0180167 0
2454888.7535784724168479 16.0699463 0.0150096 0
2454888.7545165508054197 16.0928612 0.0160122 0
2454888.7554476852528751 16.0328922 0.0130124 0
2454888.7563805556856096 16.0392437 0.0140119 0
2454888.7573082176968455 16.0744839 0.0150087 0
2454888.7582358797080815 16.0338840 0.0150133 0
2454888.7591681713238358 16.0383701 0.0140083 0
2454888.7600981481373310 16.0281620 0.0150097 0
2454888.7610315973870456 16.0306740 0.0140097 0
2454888.7619598377496004 16.0370827 0.0140127 0
2454888.7628956018015742 16.0410118 0.0140152 0
2454888.7638631942681968 16.0578709 0.0150100 0
2454888.7647983795031905 16.0503159 0.0140150 0
2454888.7657763888128102 16.0633278 0.0150133 0
2454888.7667086804285645 16.0456810 0.0170106 0
2454888.7676403936930001 16.0447483 0.0150339 0
2454888.7685732636600733 16.0400867 0.0140138 0
2454888.7696270835585892 16.0626297 0.0170127 0
2454888.7705732639878988 16.0501175 0.0170115 0
2454888.7715084492228925 16.0346546 0.0160130 0
2454888.7724303239956498 16.0376415 0.0170135 0
2454888.7733620372600853 16.0515232 0.0180200 0
2454888.7743105324916542 16.0450096 0.0160144 0
2454888.7761843749321997 16.0694332 0.0300160 0
2454888.7771444446407259 15.8729353 0.0321959 0
2454888.7781050927005708 15.9883757 0.0620765 0
2454888.7790119214914739 16.0320463742424 99 1
2454888.7799465279094875 16.0320463742424 99 1
2454888.7809378472156823 16.0464993 0.0160192 0
2454888.7818875000812113 15.9836893 0.0140373 0
2454888.7828354164958000 16.0320463742424 99 1
2454888.7837873841635883 16.0320463742424 99 1
2454888.7847306714393198 16.0573120 0.0150148 0
2454888.7856895835138857 16.0315418 0.0140125 0
2454888.7866369211114943 16.0300560 0.0140121 0
2454888.7875900464132428 16.0272675 0.0140229 0
2454888.7885396992787719 16.0300159 0.0140152 0
2454888.7894795136526227 16.0407467 0.0140241 0
