0.985365853658537
2454887.7398140048608184 14.3748426 0.0040312 0
2454887.7406988427974284 14.3886900 0.0040399 0
2454887.7416172455996275 14.3833752 0.0040696 0
2454887.7425315971486270 14.3934822 0.0040563 0
2454887.7434355323202908 14.3916397 0.0040412 0
2454887.7444280092604458 14.3825579 0.0040537 0
2454887.7453365740366280 14.3807411 0.0040439 0
2454887.7462584492750466 14.3911877 0.0040437 0
2454887.7471716436557472 14.3925428 0.0040378 0
2454887.7480946760624647 14.3845453 0.0040258 0
2454887.7490032408386469 14.3722610 0.0040291 0
2454887.7499204860068858 14.3995943 0.0050467 0
2454887.7508365740068257 14.3834114 0.0040300 0
2454887.7517543979920447 14.3915586 0.0040290 0
2454887.7526531252078712 14.3852472 0.0040307 0
2454887.7535726851783693 14.3885307 0.0050164 0
2454887.7544905091635883 14.3802729 0.0040329 0
2454887.7554083331488073 14.3859549 0.0050300 0
2454887.7563325231894851 14.3734674 0.0050498 0
2454887.7572474535554647 14.3687334 0.0050565 0
2454887.7581785880029202 14.3990450 0.0050271 0
2454887.7590917823836207 14.3907824 0.0050413 0
2454887.7600171295925975 14.3883238 0.0050247 0
2454887.7618961804546416 14.3815660 0.0050225 0
2454887.7627902776002884 14.4002361 0.0050863 0
2454887.7637017359957099 14.3888102 0.0050232 0
2454887.7646328704431653 14.3815432 0.0050395 0
2454887.7655541668646038 14.3855562 0.0050291 0
2454887.7664656247943640 14.3768234 0.0050253 0
2454887.7674204860813916 14.3732834 0.0050264 0
2454887.7683498840779066 14.3805294 0.0040247 0
2454887.7693741898983717 14.3795385 0.0050230 0
2454887.7705530091188848 14.3902912 0.0050328 0
2454887.7714465279132128 14.3735552 0.0050341 0
2454887.7723736111074686 14.3722553 0.0050209 0
2454887.7732908562757075 14.3780832 0.0050285 0
2454887.7742555555887520 14.3776827 0.0040266 0
2454887.7751803239807487 14.3816204 0.0050222 0
2454887.7761074071750045 14.3753452 0.0050243 0
2454887.7770414352416992 14.3861704 0.0050367 0
2454887.7779604168608785 14.3875742 0.0050276 0
2454887.7788863424211740 14.3897200 0.0050384 0
2454887.7798122684471309 14.3642559 0.0050226 0
2454887.7807370368391275 14.3807459 0.0050386 0
2454887.7817167825996876 14.3914289 0.0050293 0
2454887.7835888890549541 14.3966293 0.0050702 0
2454887.7844922454096377 14.4132843 0.0050854 0
2454887.7854181714355946 14.3752947 0.0050239 0
2454887.7863481482490897 14.3884134 0.0050244 0
2454887.7872862266376615 14.3739986 0.0050332 0
2454887.7882127314805984 14.3996630 0.0050272 0
2454887.7891357638873160 14.3829346 0.0050330 0
2454887.7900576386600733 14.3759089 0.0060472 0
2454887.7909748842939734 14.3958616 0.0050408 0
2454887.7919089118950069 14.3704510 0.0050458 0
2454887.7928527779877186 14.3773909 0.0050378 0
2454887.7937896992079914 14.3834543 0.0050334 0
2454887.7947162035852671 14.3772869 0.0050314 0
2454887.7956571760587394 14.3771191 0.0050307 0
2454887.7965848380699754 14.3624887 0.0050437 0
2454887.7975275460630655 14.3960056 0.0050547 0
2454887.7985703703016043 14.3795156 0.0050402 0
2454887.7997063659131527 14.3819504 0.0050420 0
2454887.8006496527232230 14.4308596 0.0061317 0
2454887.8016322916373610 14.3948908 0.0050382 0
2454887.8026537038385868 14.3962383 0.0050296 0
2454887.8036947916261852 14.4068680 0.0060381 0
2454887.8047144678421319 14.3871679 0.0060417 0
2454887.8056924766860902 14.3905296 0.0060393 0
2454887.8066947916522622 14.3717480 0.0050450 0
2454887.8085750001482666 14.3899040 0.0050464 0
2454887.8095032409764826 14.3896484 0.0050368 0
2454887.8114725695922971 14.3842564 0.0060578 0
2454887.8123961803503335 14.3826084 0.0060380 0
2454887.8133319444023073 14.3883495 0.0050631 0
2454887.8142671296373010 14.3739395 0.0060471 0
2454887.8152069444768131 14.3919268 0.0060529 0
2454887.8161473381333053 14.3713722 0.0060521 0
2454887.8170964121818542 14.3894253 0.0060772 0
2454887.8191074072383344 14.3874197 0.0060414 0
2454887.8200408564880490 14.3856239 0.0061525 0
2454887.8209934029728174 14.4017143 0.0061279 0
2454887.8219609954394400 14.3663645 0.0060501 0
2454887.8229123842902482 14.3924665 0.0060605 0
2454887.8238782407715917 14.4036322 0.0060799 0
2454887.8248504628427327 14.3886681 0.0061404 0
2454887.8258990738540888 14.4109240 0.0071036 0
2454887.8268562499433756 14.4211006 0.0071879 0
2454887.8278082176111639 14.3949032 0.0070622 0
2454887.8287613424472511 14.3743601 0.0071443 0
2454887.8297381945885718 14.4103422 0.0070757 0
2454887.8306537037715316 14.4474478 0.0072662 0
2454887.8315848377533257 14.4004622 0.0070917 0
2454887.8325101854279637 14.4160652 0.0081279 0
2454887.8334546294063330 14.4308538 0.0075013 0
2454888.6674447916448116 14.3541889 0.0040550 0
2454888.6683608796447515 14.3550549 0.0040788 0
2454888.6692607640288770 14.3454370 0.0040646 0
2454888.6701681711710989 14.3519936 0.0040898 0
2454888.6710802083835006 14.3428707 0.0041092 0
2454888.6719829859212041 14.3438902 0.0040389 0
2454888.6729060183279216 14.3517647 0.0040546 0
2454888.6738012731075287 14.3490677 0.0040799 0
2454888.6747040511108935 14.3546667 0.0041119 0
2454888.6756184026598930 14.3546724 0.0040450 0
2454888.6765431715175509 14.3552008 0.0040529 0
2454888.6774395834654570 14.3597651 0.0040523 0
2454888.6895935186184943 14.3595066 0.0050183 0
2454888.6905084489844739 14.3593025 0.0040256 0
2454888.6914349538274109 14.3535461 0.0040303 0
2454888.6923412038013339 14.3568449 0.0050347 0
2454888.6932462961412966 14.3666563 0.0050223 0
2454888.6941357636824250 14.3654776 0.0050224 0
2454888.6950402776710689 14.3583050 0.0050208 0
2454888.6959453704766929 14.3631573 0.0050245 0
2454888.6968608796596527 14.3677540 0.0050208 0
2454888.7025194442830980 14.3767424 0.0060449 0
2454888.7034413195215166 14.3768635 0.0060378 0
2454888.7043498842976987 14.3600597 0.0070324 0
2454888.7072759261354804 14.3703232 0.0060336 0
2454888.7081872685812414 14.3707438 0.0060486 0
2454888.7090981481596828 14.3755722 0.0070415 0
2454888.7100136573426425 14.3845301 0.0080407 0
2454888.7109413193538785 14.3469391 0.0070507 0
2454888.7118799770250916 14.3689508 0.0080418 0
2454888.7128006946295500 14.3563776 0.0090492 0
2454888.7137162038125098 14.3700590 0.0080367 0
2454888.7146427081897855 14.3761044 0.0080655 0
2454888.7155553242191672 14.3999605 0.0081097 0
2454888.7165379631333053 14.3675289 0.0080306 0
2454888.7174476850777864 14.3683186 0.0080537 0
2454888.7183736111037433 14.3717442 0.0090369 0
2454888.7193006942979991 14.3783970 0.0080495 0
2454888.7211502315476537 14.3628521 0.0100793 0
2454888.7220478011295199 14.3711157 0.0130713 0
2454888.7229563659057021 14.4110813 0.0160719 0
2454888.7238770835101604 14.4498329 0.0290933 0
2454888.7247787038795650 14.3924990 0.0190848 0
2454888.7256785877980292 14.4106293 0.0120757 0
2454888.7266351850703359 14.4089556 0.0080290 0
2454888.7275616899132729 14.3932486 0.0070318 0
2454888.7284939815290272 14.3928041 0.0070296 0
2454888.7294222223572433 14.3927984 0.0070282 0
2454888.7312717591412365 14.3683071 0.0070458 0
2454888.7321843751706183 14.3709841 0.0060453 0
2454888.7331114583648741 14.3877039 0.0060273 0
2454888.7340130787342787 14.3821735 0.0060219 0
2454888.7349737267941236 14.3775501 0.0050270 0
2454888.7358950232155621 14.3867998 0.0060344 0
2454888.7368302084505558 14.3564024 0.0050750 0
2454888.7377503472380340 14.3619347 0.0050352 0
2454888.7386693288572133 14.3676834 0.0050468 0
2454888.7395883100107312 14.3568268 0.0050510 0
2454888.7405211804434657 14.3631744 0.0050218 0
2454888.7414523148909211 14.3662472 0.0050303 0
2454888.7423770832829177 14.3960867 0.0050377 0
2454888.7433151621371508 14.3665314 0.0050312 0
2454888.7442549769766629 14.3739109 0.0050230 0
2454888.7451936341822147 14.3895426 0.0050388 0
2454888.7461322918534279 14.3791380 0.0050378 0
2454888.7470535878092051 14.3669767 0.0050355 0
2454888.7479812498204410 14.3465004 0.0060528 0
2454888.7489129630848765 14.3831043 0.0050184 0
2454888.7498718751594424 14.3754206 0.0050294 0
2454888.7507966435514390 14.3839111 0.0050258 0
2454888.7517289351671934 14.3797073 0.0050252 0
2454888.7526432871818542 14.3775940 0.0060500 0
2454888.7535784724168479 14.3859472 0.0050287 0
2454888.7545165508054197 14.3868618 0.0050390 0
2454888.7554476852528751 14.3658905 0.0050321 0
2454888.7563805556856096 14.3792439 0.0050333 0
2454888.7573082176968455 14.3874846 0.0050259 0
2454888.7582358797080815 14.3748827 0.0050397 0
2454888.7591681713238358 14.3983698 0.0050233 0
2454888.7600981481373310 14.3831606 0.0050292 0
2454888.7610315973870456 14.3676748 0.0050270 0
2454888.7619598377496004 14.3630838 0.0050356 0
2454888.7628956018015742 14.3710108 0.0050425 0
2454888.7638631942681968 14.3788700 0.0050300 0
2454888.7647983795031905 14.3723164 0.0050420 0
2454888.7657763888128102 14.3633289 0.0050399 0
2454888.7667086804285645 14.3716822 0.0060300 0
2454888.7676403936930001 14.3617477 0.0051009 0
2454888.7685732636600733 14.3670883 0.0050384 0
2454888.7696270835585892 14.3746300 0.0050431 0
2454888.7705732639878988 14.3611174 0.0050389 0
2454888.7715084492228925 14.3766546 0.0050414 0
2454888.7724303239956498 14.3716412 0.0050456 0
2454888.7733620372600853 14.3705215 0.0060597 0
2454888.7743105324916542 14.3640079 0.0050460 0
2454888.7761843749321997 14.3924322 0.0080598 0
2454888.7771444446407259 14.3319359 0.0106102 0
2454888.7781050927005708 14.3703766 0.0162941 0
2454888.7790119214914739 14.3628435 0.0324532 0
2454888.7799465279094875 14.3794427529703 99 1
2454888.7809378472156823 14.3795004 0.0050611 0
2454888.7818875000812113 14.3486891 0.0051035 0
2454888.7828354164958000 14.3794427529703 99 1
2454888.7837873841635883 14.3794427529703 99 1
2454888.7847306714393198 14.3933134 0.0050443 0
2454888.7856895835138857 14.3785410 0.0050348 0
2454888.7866369211114943 14.3770561 0.0050337 0
2454888.7875900464132428 14.3762684 0.0050637 0
2454888.7885396992787719 14.3760147 0.0050424 0
2454888.7894795136526227 14.3777475 0.0050671 0
