0.985365853658537
2454887.7398140048608184 13.3848419 0.0030414 0
2454887.7406988427974284 13.3826904 0.0030530 0
2454887.7416172455996275 13.3803749 0.0030922 0
2454887.7425315971486270 13.3794823 0.0030746 0
2454887.7434355323202908 13.3766394 0.0030548 0
2454887.7444280092604458 13.3845577 0.0030713 0
2454887.7453365740366280 13.3687410 0.0030582 0
2454887.7462584492750466 13.3731871 0.0030581 0
2454887.7471716436557472 13.3785429 0.0030502 0
2454887.7480946760624647 13.3695450 0.0030343 0
2454887.7490032408386469 13.3752604 0.0030387 0
2454887.7499204860068858 13.3795938 0.0030772 0
2454887.7508365740068257 13.3934116 0.0030399 0
2454887.7517543979920447 13.3755589 0.0030386 0
2454887.7526531252078712 13.3732471 0.0030408 0
2454887.7535726851783693 13.3745308 0.0030272 0
2454887.7544905091635883 13.3762732 0.0030437 0
2454887.7554083331488073 13.3759546 0.0030498 0
2454887.7563325231894851 13.3734674 0.0030822 0
2454887.7572474535554647 13.3697329 0.0030932 0
2454887.7581785880029202 13.3710442 0.0030449 0
2454887.7590917823836207 13.3737822 0.0030683 0
2454887.7600171295925975 13.3893242 0.0030410 0
2454887.7618961804546416 13.3865671 0.0030373 0
2454887.7627902776002884 13.3662367 0.0031417 0
2454887.7637017359957099 13.3848104 0.0030385 0
2454887.7646328704431653 13.3845434 0.0030654 0
2454887.7655541668646038 13.3665562 0.0030483 0
2454887.7664656247943640 13.3748236 0.0030421 0
2454887.7674204860813916 13.3772840 0.0030437 0
2454887.7683498840779066 13.3875294 0.0030328 0
2454887.7693741898983717 13.3875389 0.0030382 0
2454887.7705530091188848 13.3852911 0.0030543 0
2454887.7714465279132128 13.3815556 0.0030566 0
2454887.7723736111074686 13.3902550 0.0030348 0
2454887.7732908562757075 13.4010839 0.0030473 0
2454887.7742555555887520 13.3826818 0.0030354 0
2454887.7751803239807487 13.3896208 0.0030369 0
2454887.7761074071750045 13.3883448 0.0030403 0
2454887.7770414352416992 13.3841705 0.0030608 0
2454887.7779604168608785 13.3855743 0.0030457 0
2454887.7788863424211740 13.3917208 0.0030636 0
2454887.7798122684471309 13.3992558 0.0030375 0
2454887.7807370368391275 13.3797464 0.0030639 0
2454887.7817167825996876 13.3934288 0.0030485 0
2454887.7835888890549541 13.3716278 0.0031156 0
2454887.7844922454096377 13.3612843 0.0031402 0
2454887.7854181714355946 13.3962946 0.0030396 0
2454887.7863481482490897 13.3884134 0.0030404 0
2454887.7872862266376615 13.3909988 0.0030550 0
2454887.7882127314805984 13.3866625 0.0030451 0
2454887.7891357638873160 13.3869352 0.0030547 0
2454887.7900576386600733 13.3969088 0.0040705 0
2454887.7909748842939734 13.3848610 0.0030674 0
2454887.7919089118950069 13.3884516 0.0030757 0
2454887.7928527779877186 13.4003906 0.0030626 0
2454887.7937896992079914 13.3864546 0.0030554 0
2454887.7947162035852671 13.4062872 0.0030520 0
2454887.7956571760587394 13.3901196 0.0030508 0
2454887.7965848380699754 13.3914890 0.0030724 0
2454887.7975275460630655 13.3920050 0.0030902 0
2454887.7985703703016043 13.3865156 0.0030666 0
2454887.7997063659131527 13.3849506 0.0030695 0
2454887.8006496527232230 13.3818598 0.0032555 0
2454887.8016322916373610 13.4038916 0.0030632 0
2454887.8026537038385868 13.3992376 0.0030491 0
2454887.8036947916261852 13.3898678 0.0030755 0
2454887.8047144678421319 13.3871679 0.0030826 0
2454887.8056924766860902 13.3845291 0.0030779 0
2454887.8066947916522622 13.3887482 0.0030745 0
2454887.8085750001482666 13.3759041 0.0030767 0
2454887.8095032409764826 13.3886490 0.0030610 0
2454887.8114725695922971 13.3772564 0.0031140 0
2454887.8123961803503335 13.3816080 0.0030754 0
2454887.8133319444023073 13.3943491 0.0031041 0
2454887.8142671296373010 13.3929396 0.0040703 0
2454887.8152069444768131 13.3989267 0.0031044 0
2454887.8161473381333053 13.3723726 0.0031029 0
2454887.8170964121818542 13.3824253 0.0031516 0
2454887.8191074072383344 13.3764200 0.0030820 0
2454887.8200408564880490 13.3526239 0.0042253 0
2454887.8209934029728174 13.3497143 0.0041895 0
2454887.8219609954394400 13.3903646 0.0040748 0
2454887.8229123842902482 13.3804665 0.0031193 0
2454887.8238782407715917 13.3616323 0.0041189 0
2454887.8248504628427327 13.3166685 0.0042076 0
2454887.8258990738540888 13.3529234 0.0041786 0
2454887.8268562499433756 13.3971014 0.0043203 0
2454887.8278082176111639 13.3739033 0.0041080 0
2454887.8287613424472511 13.4063606 0.0042475 0
2454887.8297381945885718 13.4023418 0.0041310 0
2454887.8306537037715316 13.3514481 0.0044495 0
2454887.8315848377533257 13.3354616 0.0041583 0
2454887.8325101854279637 13.3580647 0.0042501 0
2454887.8334546294063330 13.3528538 0.0048239 0
2454888.6674447916448116 13.3991890 0.0030729 0
2454888.6683608796447515 13.4010553 0.0031043 0
2454888.6692607640288770 13.4074373 0.0030857 0
2454888.6701681711710989 13.3999929 0.0031187 0
2454888.6710802083835006 13.4078703 0.0031442 0
2454888.6719829859212041 13.4038897 0.0030517 0
2454888.6729060183279216 13.4077654 0.0030725 0
2454888.6738012731075287 13.4040680 0.0031057 0
2454888.6747040511108935 13.4186668 0.0031477 0
2454888.6756184026598930 13.4056730 0.0030598 0
2454888.6765431715175509 13.4052000 0.0030702 0
2454888.6774395834654570 13.3947649 0.0030694 0
2454888.6895935186184943 13.4115067 0.0030303 0
2454888.6905084489844739 13.3833027 0.0030341 0
2454888.6914349538274109 13.3875465 0.0030403 0
2454888.6923412038013339 13.3888445 0.0030575 0
2454888.6932462961412966 13.3856564 0.0030370 0
2454888.6941357636824250 13.3934774 0.0030371 0
2454888.6950402776710689 13.3843050 0.0030345 0
2454888.6959453704766929 13.3851576 0.0030407 0
2454888.6968608796596527 13.3737545 0.0030345 0
2454888.7025194442830980 13.3667421 0.0040671 0
2454888.7034413195215166 13.3818636 0.0040565 0
2454888.7043498842976987 13.3740597 0.0040564 0
2454888.7072759261354804 13.3803234 0.0040502 0
2454888.7081872685812414 13.3847437 0.0040725 0
2454888.7090981481596828 13.3825722 0.0040723 0
2454888.7100136573426425 13.3725300 0.0050649 0
2454888.7109413193538785 13.3959398 0.0040880 0
2454888.7118799770250916 13.3999510 0.0040829 0
2454888.7128006946295500 13.3893776 0.0050881 0
2454888.7137162038125098 13.3840590 0.0050586 0
2454888.7146427081897855 13.3951044 0.0041295 0
2454888.7155553242191672 13.3629599 0.0051737 0
2454888.7165379631333053 13.3765287 0.0040608 0
2454888.7174476850777864 13.3903189 0.0050855 0
2454888.7183736111037433 13.3777447 0.0050661 0
2454888.7193006942979991 13.3903971 0.0050789 0
2454888.7211502315476537 13.4008522 0.0061313 0
2454888.7220478011295199 13.3971157 0.0071315 0
2454888.7229563659057021 13.3720808 0.0091272 0
2454888.7238770835101604 13.3848324 0.0141923 0
2454888.7247787038795650 13.4114981 0.0101603 0
2454888.7256785877980292 13.3916292 0.0061499 0
2454888.7266351850703359 13.3889561 0.0050462 0
2454888.7275616899132729 13.3832483 0.0040555 0
2454888.7284939815290272 13.3898048 0.0040515 0
2454888.7294222223572433 13.3837986 0.0040492 0
2454888.7312717591412365 13.3843069 0.0040797 0
2454888.7321843751706183 13.3989840 0.0040676 0
2454888.7331114583648741 13.3767033 0.0040409 0
2454888.7340130787342787 13.3891735 0.0040328 0
2454888.7349737267941236 13.3895502 0.0030447 0
2454888.7358950232155621 13.3968000 0.0040515 0
2454888.7368302084505558 13.4084024 0.0031234 0
2454888.7377503472380340 13.4029341 0.0030583 0
2454888.7386693288572133 13.4026833 0.0030774 0
2454888.7395883100107312 13.3998260 0.0030843 0
2454888.7405211804434657 13.3981743 0.0030362 0
2454888.7414523148909211 13.3982468 0.0030503 0
2454888.7423770832829177 13.3790865 0.0030625 0
2454888.7433151621371508 13.4025316 0.0030517 0
2454888.7442549769766629 13.3929110 0.0030381 0
2454888.7451936341822147 13.3945427 0.0030642 0
2454888.7461322918534279 13.3831387 0.0030625 0
2454888.7470535878092051 13.3989763 0.0030588 0
2454888.7479812498204410 13.3935003 0.0040788 0
2454888.7489129630848765 13.3831043 0.0030305 0
2454888.7498718751594424 13.3824205 0.0030487 0
2454888.7507966435514390 13.3909111 0.0030429 0
2454888.7517289351671934 13.3927078 0.0030418 0
2454888.7526432871818542 13.3845940 0.0040746 0
2454888.7535784724168479 13.3979473 0.0030477 0
2454888.7545165508054197 13.3768616 0.0030645 0
2454888.7554476852528751 13.3848906 0.0030532 0
2454888.7563805556856096 13.3862438 0.0030552 0
2454888.7573082176968455 13.3854837 0.0030430 0
2454888.7582358797080815 13.3968830 0.0030657 0
2454888.7591681713238358 13.3713703 0.0030386 0
2454888.7600981481373310 13.3841610 0.0030484 0
2454888.7610315973870456 13.3966751 0.0030448 0
2454888.7619598377496004 13.4080830 0.0030589 0
2454888.7628956018015742 13.4120111 0.0030703 0
2454888.7638631942681968 13.4018698 0.0030497 0
2454888.7647983795031905 13.4133167 0.0030694 0
2454888.7657763888128102 13.4023285 0.0030660 0
2454888.7667086804285645 13.3996820 0.0040449 0
2454888.7676403936930001 13.4337482 0.0031653 0
2454888.7685732636600733 13.4090881 0.0030636 0
2454888.7696270835585892 13.4026299 0.0030714 0
2454888.7705732639878988 13.3971176 0.0030643 0
2454888.7715084492228925 13.3956547 0.0030686 0
2454888.7724303239956498 13.3846416 0.0030755 0
2454888.7733620372600853 13.3695221 0.0040890 0
2454888.7743105324916542 13.3940086 0.0030760 0
2454888.7761843749321997 13.3674326 0.0050951 0
2454888.7771444446407259 13.3859358 0.0069696 0
2454888.7781050927005708 13.2993765 0.0085731 0
2454888.7790119214914739 13.2718439 0.0168881 0
2454888.7799465279094875 13.3858536584158 99 1
2454888.7809378472156823 13.4065008 0.0031007 0
2454888.7818875000812113 13.4106894 0.0031694 0
2454888.7828354164958000 13.3858536584158 99 1
2454888.7837873841635883 13.3858536584158 99 1
2454888.7847306714393198 13.3833132 0.0030732 0
2454888.7856895835138857 13.3805408 0.0030577 0
2454888.7866369211114943 13.3730564 0.0030559 0
2454888.7875900464132428 13.3962679 0.0031051 0
2454888.7885396992787719 13.3860149 0.0030701 0
2454888.7894795136526227 13.3977480 0.0031105 0
