0.565853658536585
2454887.7398140048608184 17.9708405 0.0380033 0
2454887.7406988427974284 17.9556885 0.0390041 0
2454887.7416172455996275 17.9893761 0.0400070 0
2454887.7425315971486270 17.9644833 0.0390058 0
2454887.7434355323202908 17.9376392 0.0400041 0
2454887.7444280092604458 17.9345589 0.0400054 0
2454887.7453365740366280 17.9437408 0.0380046 0
2454887.7462584492750466 17.9411869 0.0380046 0
2454887.7471716436557472 17.9575443 0.0390039 0
2454887.7480946760624647 17.9755440 0.0390027 0
2454887.7490032408386469 18.0042610 0.0410028 0
2454887.7499204860068858 17.9975948 0.0400059 0
2454887.7508365740068257 17.9514122 0.0380032 0
2454887.7517543979920447 17.9485607 0.0400029 0
2454887.7526531252078712 17.9522476 0.0400031 0
2454887.7535726851783693 17.9405289 0.0410020 0
2454887.7544905091635883 17.9712734 0.0410032 0
2454887.7554083331488073 17.9439545 0.0440034 0
2454887.7563325231894851 17.9324684 0.0400063 0
2454887.7572474535554647 17.9137325 0.0440065 0
2454887.7581785880029202 18.0280437 0.0470029 0
2454887.7590917823836207 17.8997841 0.0440047 0
2454887.7600171295925975 17.9543228 0.0410030 0
2454887.7618961804546416 17.9005661 0.0420027 0
2454887.7627902776002884 18.0262356 0.0440099 0
2454887.7637017359957099 18.0248089 0.0440026 0
2454887.7646328704431653 17.9745445 0.0420047 0
2454887.7655541668646038 18.0035591 0.0490030 0
2454887.7664656247943640 17.8568230 0.0430030 0
2454887.7674204860813916 17.9852829 0.0500026 0
2454887.7683498840779066 17.9495277 0.0490020 0
2454887.7693741898983717 17.9645386 0.0510023 0
2454887.7705530091188848 17.9752903 0.0510032 0
2454887.7714465279132128 17.9195538 0.0440039 0
2454887.7723736111074686 17.9822540 0.0530020 0
2454887.7732908562757075 17.9570847 0.0470030 0
2454887.7742555555887520 17.9746819 0.0490022 0
2454887.7751803239807487 17.9996185 0.0540021 0
2454887.7761074071750045 17.9753456 0.0500024 0
2454887.7770414352416992 17.9751720 0.0540034 0
2454887.7779604168608785 17.9555740 0.0470029 0
2454887.7788863424211740 17.9487209 0.0460042 0
2454887.7798122684471309 17.8972549 0.0430026 0
2454887.7807370368391275 17.9407463 0.0460042 0
2454887.7817167825996876 17.9724293 0.0500029 0
2454887.7835888890549541 17.9016285 0.0520068 0
2454887.7844922454096377 17.9912853 0.0630068 0
2454887.7854181714355946 17.9242935 0.0530023 0
2454887.7863481482490897 17.8954144 0.0490025 0
2454887.7872862266376615 17.9179993 0.0530031 0
2454887.7882127314805984 17.9636631 0.0570024 0
2454887.7891357638873160 17.9581505482759 99 1
2454887.7900576386600733 17.9279099 0.0800036 0
2454887.7909748842939734 17.9928608 0.0600034 0
2454887.7919089118950069 17.9284534 0.0600038 0
2454887.7928527779877186 17.9353905 0.0580033 0
2454887.7937896992079914 17.9694557 0.0580029 0
2454887.7947162035852671 18.0152874 0.0690023 0
2454887.7956571760587394 17.9581505482759 99 1
2454887.7965848380699754 17.9824886 0.0660033 0
2454887.7975275460630655 18.0370045 0.0650042 0
2454887.7985703703016043 17.9665146 0.0690029 0
2454887.7997063659131527 17.8449516 0.0610035 0
2454887.8006496527232230 17.8948574 0.0660121 0
2454887.8016322916373610 17.9588909 0.0660029 0
2454887.8026537038385868 18.0102386 0.0720021 0
2454887.8036947916261852 17.9128685 0.0680034 0
2454887.8047144678421319 17.9981670 0.0770033 0
2454887.8056924766860902 17.9705276 0.0730032 0
2454887.8066947916522622 17.9581505482759 99 1
2454887.8085750001482666 17.9581505482759 99 1
2454887.8095032409764826 17.9581505482759 99 1
2454887.8114725695922971 17.9581505482759 99 1
2454887.8123961803503335 17.9581505482759 99 1
2454887.8133319444023073 17.9581505482759 99 1
2454887.8142671296373010 17.9581505482759 99 1
2454887.8152069444768131 17.9581505482759 99 1
2454887.8161473381333053 17.9581505482759 99 1
2454887.8170964121818542 17.9581505482759 99 1
2454887.8191074072383344 17.9581505482759 99 1
2454887.8200408564880490 17.9581505482759 99 1
2454887.8209934029728174 17.9581505482759 99 1
2454887.8219609954394400 17.9581505482759 99 1
2454887.8229123842902482 17.9581505482759 99 1
2454887.8238782407715917 17.9581505482759 99 1
2454887.8248504628427327 17.9581505482759 99 1
2454887.8258990738540888 17.9581505482759 99 1
2454887.8268562499433756 17.9581505482759 99 1
2454887.8278082176111639 17.9581505482759 99 1
2454887.8287613424472511 17.9581505482759 99 1
2454887.8297381945885718 17.9581505482759 99 1
2454887.8306537037715316 17.9581505482759 99 1
2454887.8315848377533257 17.9581505482759 99 1
2454887.8325101854279637 17.9581505482759 99 1
2454887.8334546294063330 17.9581505482759 99 1
2454888.6674447916448116 17.9591904 0.0470047 0
2454888.6683608796447515 17.9150543 0.0420076 0
2454888.6692607640288770 17.9094391 0.0400065 0
2454888.6701681711710989 18.0069923 0.0430084 0
2454888.6710802083835006 17.8968716 0.0400111 0
2454888.6719829859212041 17.9908886 0.0430036 0
2454888.6729060183279216 17.9607639 0.0460048 0
2454888.6738012731075287 17.8920689 0.0390083 0
2454888.6747040511108935 18.0126686 0.0440103 0
2454888.6756184026598930 17.9636726 0.0390046 0
2454888.6765431715175509 17.9312000 0.0400053 0
2454888.6774395834654570 17.9087639 0.0370057 0
2454888.6895935186184943 18.0285053 0.0480019 0
2454888.6905084489844739 17.9493027 0.0390026 0
2454888.6914349538274109 17.9815464 0.0440028 0
2454888.6923412038013339 17.9538441 0.0470037 0
2454888.6932462961412966 17.9106560 0.0440025 0
2454888.6941357636824250 18.0054779 0.0550020 0
2454888.6950402776710689 18.0583057 0.0570018 0
2454888.6959453704766929 17.9971581 0.0530023 0
2454888.6968608796596527 17.9127541 0.0440024 0
2454888.7025194442830980 17.9097424 0.0860031 0
2454888.7034413195215166 17.9581505482759 99 1
2454888.7043498842976987 17.9581505482759 99 1
2454888.7072759261354804 17.9581505482759 99 1
2454888.7081872685812414 17.9581505482759 99 1
2454888.7090981481596828 17.9581505482759 99 1
2454888.7100136573426425 17.9581505482759 99 1
2454888.7109413193538785 17.9581505482759 99 1
2454888.7118799770250916 17.9581505482759 99 1
2454888.7128006946295500 17.9581505482759 99 1
2454888.7137162038125098 17.9581505482759 99 1
2454888.7146427081897855 17.9581505482759 99 1
2454888.7155553242191672 17.9581505482759 99 1
2454888.7165379631333053 17.9581505482759 99 1
2454888.7174476850777864 17.9581505482759 99 1
2454888.7183736111037433 17.9581505482759 99 1
2454888.7193006942979991 17.9581505482759 99 1
2454888.7211502315476537 17.9581505482759 99 1
2454888.7220478011295199 17.9581505482759 99 1
2454888.7229563659057021 17.9581505482759 99 1
2454888.7238770835101604 17.9581505482759 99 1
2454888.7247787038795650 17.9581505482759 99 1
2454888.7256785877980292 17.9581505482759 99 1
2454888.7266351850703359 17.9581505482759 99 1
2454888.7275616899132729 17.9581505482759 99 1
2454888.7284939815290272 17.9581505482759 99 1
2454888.7294222223572433 17.9581505482759 99 1
2454888.7312717591412365 17.9581505482759 99 1
2454888.7321843751706183 17.9581505482759 99 1
2454888.7331114583648741 17.8517036 0.0770021 0
2454888.7340130787342787 17.9581505482759 99 1
2454888.7349737267941236 17.9905510 0.0760018 0
2454888.7358950232155621 17.8417988 0.0760027 0
2454888.7368302084505558 17.9581505482759 99 1
2454888.7377503472380340 17.9581505482759 99 1
2454888.7386693288572133 17.9581505482759 99 1
2454888.7395883100107312 18.0188274 0.0680038 0
2454888.7405211804434657 17.9581505482759 99 1
2454888.7414523148909211 17.9581505482759 99 1
2454888.7423770832829177 17.9180870 0.0620031 0
2454888.7433151621371508 17.9335308 0.0650024 0
2454888.7442549769766629 18.0249100 0.0660018 0
2454888.7451936341822147 17.9581505482759 99 1
2454888.7461322918534279 17.9581505482759 99 1
2454888.7470535878092051 17.9689770 0.0620029 0
2454888.7479812498204410 17.9581505482759 99 1
2454888.7489129630848765 17.8601055 0.0580016 0
2454888.7498718751594424 17.9581505482759 99 1
2454888.7507966435514390 18.0319118 0.0680019 0
2454888.7517289351671934 17.9581505482759 99 1
2454888.7526432871818542 17.9581505482759 99 1
2454888.7535784724168479 17.9581505482759 99 1
2454888.7545165508054197 17.9438610 0.0760026 0
2454888.7554476852528751 17.8728924 0.0570028 0
2454888.7563805556856096 17.9581505482759 99 1
2454888.7573082176968455 17.9581505482759 99 1
2454888.7582358797080815 17.9581505482759 99 1
2454888.7591681713238358 18.0603695 0.0670017 0
2454888.7600981481373310 17.9171619 0.0650022 0
2454888.7610315973870456 18.0026741 0.0640021 0
2454888.7619598377496004 18.0760841 0.0720025 0
2454888.7628956018015742 17.9581505482759 99 1
2454888.7638631942681968 17.9581505482759 99 1
2454888.7647983795031905 17.8403168 0.0610035 0
2454888.7657763888128102 17.9581505482759 99 1
2454888.7667086804285645 17.9556808 0.0770023 0
2454888.7676403936930001 17.9687481 0.0680075 0
2454888.7685732636600733 17.9581505482759 99 1
2454888.7696270835585892 18.1456299 0.0920024 0
2454888.7705732639878988 17.9921169 0.0820024 0
2454888.7715084492228925 17.8776531 0.0740028 0
2454888.7724303239956498 18.0086403 0.0880026 0
2454888.7733620372600853 17.9581505482759 99 1
2454888.7743105324916542 17.9581505482759 99 1
2454888.7761843749321997 17.9581505482759 99 1
2454888.7771444446407259 17.9581505482759 99 1
2454888.7781050927005708 17.9581505482759 99 1
2454888.7790119214914739 17.9581505482759 99 1
2454888.7799465279094875 17.9581505482759 99 1
2454888.7809378472156823 17.9581505482759 99 1
2454888.7818875000812113 18.0136909 0.0650080 0
2454888.7828354164958000 17.9581505482759 99 1
2454888.7837873841635883 17.9581505482759 99 1
2454888.7847306714393198 17.9263134 0.0640035 0
2454888.7856895835138857 17.9945431 0.0680026 0
2454888.7866369211114943 17.9581505482759 99 1
2454888.7875900464132428 17.9452667 0.0650049 0
2454888.7885396992787719 17.9581505482759 99 1
2454888.7894795136526227 17.9581505482759 99 1
