0.64390243902439
2454887.7398140048608184 17.6718407 0.0310040 0
2454887.7406988427974284 17.6526890 0.0300053 0
2454887.7416172455996275 17.7253761 0.0320088 0
2454887.7425315971486270 17.7124825 0.0320071 0
2454887.7434355323202908 17.7096386 0.0310053 0
2454887.7444280092604458 17.6735592 0.0310070 0
2454887.7453365740366280 17.6897411 0.0310057 0
2454887.7462584492750466 17.7511864 0.0330053 0
2454887.7471716436557472 17.6975441 0.0310049 0
2454887.7480946760624647 17.7055454 0.0320032 0
2454887.7490032408386469 17.6622620 0.0310038 0
2454887.7499204860068858 17.7165947 0.0330071 0
2454887.7508365740068257 17.7024117 0.0320038 0
2454887.7517543979920447 17.7345600 0.0330035 0
2454887.7526531252078712 17.6842480 0.0320039 0
2454887.7535726851783693 17.6985283 0.0320026 0
2454887.7544905091635883 17.6872730 0.0330040 0
2454887.7554083331488073 17.6809559 0.0350043 0
2454887.7563325231894851 17.7434673 0.0340074 0
2454887.7572474535554647 17.6427326 0.0350081 0
2454887.7581785880029202 17.6630440 0.0350039 0
2454887.7590917823836207 17.6937828 0.0370056 0
2454887.7600171295925975 17.6993237 0.0340036 0
2454887.7618961804546416 17.7065678 0.0340033 0
2454887.7627902776002884 17.7062359 0.0340128 0
2454887.7637017359957099 17.7098103 0.0350033 0
2454887.7646328704431653 17.7125435 0.0340058 0
2454887.7655541668646038 17.7245579 0.0370039 0
2454887.7664656247943640 17.6748219 0.0360035 0
2454887.7674204860813916 17.6572838 0.0390034 0
2454887.7683498840779066 17.7085285 0.0400025 0
2454887.7693741898983717 17.6755390 0.0410028 0
2454887.7705530091188848 17.6342907 0.0370044 0
2454887.7714465279132128 17.7075539 0.0380045 0
2454887.7723736111074686 17.7172546 0.0440024 0
2454887.7732908562757075 17.6380844 0.0370039 0
2454887.7742555555887520 17.7196808 0.0410026 0
2454887.7751803239807487 17.6836185 0.0410027 0
2454887.7761074071750045 17.6453457 0.0390031 0
2454887.7770414352416992 17.7571697 0.0430043 0
2454887.7779604168608785 17.6715736 0.0370037 0
2454887.7788863424211740 17.7187195 0.0380051 0
2454887.7798122684471309 17.7822552 0.0400028 0
2454887.7807370368391275 17.7467480 0.0400048 0
2454887.7817167825996876 17.7354298 0.0390038 0
2454887.7835888890549541 17.6726284 0.0460077 0
2454887.7844922454096377 17.6882839 0.0480090 0
2454887.7854181714355946 17.6622963 0.0400030 0
2454887.7863481482490897 17.7264137 0.0420029 0
2454887.7872862266376615 17.6999989 0.0440038 0
2454887.7882127314805984 17.6816635 0.0450030 0
2454887.7891357638873160 17.6409340 0.0600028 0
2454887.7900576386600733 17.6636098386364 99 1
2454887.7909748842939734 17.7728615 0.0490042 0
2454887.7919089118950069 17.7054539 0.0490047 0
2454887.7928527779877186 17.7283916 0.0490039 0
2454887.7937896992079914 17.6074562 0.0460036 0
2454887.7947162035852671 17.7422886 0.0520030 0
2454887.7956571760587394 17.6636098386364 99 1
2454887.7965848380699754 17.6874886 0.0520042 0
2454887.7975275460630655 17.7010059 0.0500055 0
2454887.7985703703016043 17.6655159 0.0520039 0
2454887.7997063659131527 17.7219524 0.0590036 0
2454887.8006496527232230 17.8308582 0.0630127 0
2454887.8016322916373610 17.6636098386364 99 1
2454887.8026537038385868 17.7572384 0.0580026 0
2454887.8036947916261852 17.7818680 0.0630036 0
2454887.8047144678421319 17.7421684 0.0640039 0
2454887.8056924766860902 17.6636098386364 99 1
2454887.8066947916522622 17.6487484 0.0580039 0
2454887.8085750001482666 17.6636098386364 99 1
2454887.8095032409764826 17.6696472 0.0560033 0
2454887.8114725695922971 17.6552563 0.0630055 0
2454887.8123961803503335 17.5716076 0.0590039 0
2454887.8133319444023073 17.6636098386364 99 1
2454887.8142671296373010 17.6636098386364 99 1
2454887.8152069444768131 17.6969261 0.0710045 0
2454887.8161473381333053 17.7713718 0.0780040 0
2454887.8170964121818542 17.6636098386364 99 1
2454887.8191074072383344 17.6636098386364 99 1
2454887.8200408564880490 17.6636098386364 99 1
2454887.8209934029728174 17.6636098386364 99 1
2454887.8219609954394400 17.6636098386364 99 1
2454887.8229123842902482 17.6636098386364 99 1
2454887.8238782407715917 17.6636098386364 99 1
2454887.8248504628427327 17.6636098386364 99 1
2454887.8258990738540888 17.6636098386364 99 1
2454887.8268562499433756 17.6636098386364 99 1
2454887.8278082176111639 17.6636098386364 99 1
2454887.8287613424472511 17.6636098386364 99 1
2454887.8297381945885718 17.6636098386364 99 1
2454887.8306537037715316 17.6636098386364 99 1
2454887.8315848377533257 17.6636098386364 99 1
2454887.8325101854279637 17.6636098386364 99 1
2454887.8334546294063330 17.6636098386364 99 1
2454888.6674447916448116 17.6061897 0.0350063 0
2454888.6683608796447515 17.5880547 0.0300106 0
2454888.6692607640288770 17.5944386 0.0310084 0
2454888.6701681711710989 17.6119938 0.0320113 0
2454888.6710802083835006 17.6128731 0.0330134 0
2454888.6719829859212041 17.6248894 0.0310050 0
2454888.6729060183279216 17.5937634 0.0340065 0
2454888.6738012731075287 17.6040688 0.0300108 0
2454888.6747040511108935 17.6436672 0.0310146 0
2454888.6756184026598930 17.6316719 0.0300060 0
2454888.6765431715175509 17.6101990 0.0310069 0
2454888.6774395834654570 17.6497650 0.0320066 0
2454888.6895935186184943 17.6715069 0.0350026 0
2454888.6905084489844739 17.6613026 0.0310033 0
2454888.6914349538274109 17.6495476 0.0350035 0
2454888.6923412038013339 17.6018429 0.0350050 0
2454888.6932462961412966 17.6146545 0.0360031 0
2454888.6941357636824250 17.6774788 0.0430026 0
2454888.6950402776710689 17.6313057 0.0400026 0
2454888.6959453704766929 17.6501579 0.0410030 0
2454888.6968608796596527 17.6537533 0.0370028 0
2454888.7025194442830980 17.6927414 0.0720038 0
2454888.7034413195215166 17.6636098386364 99 1
2454888.7043498842976987 17.5480595 0.0820028 0
2454888.7072759261354804 17.6773243 0.0760027 0
2454888.7081872685812414 17.7327442 0.0840035 0
2454888.7090981481596828 17.6636098386364 99 1
2454888.7100136573426425 17.6636098386364 99 1
2454888.7109413193538785 17.6636098386364 99 1
2454888.7118799770250916 17.6636098386364 99 1
2454888.7128006946295500 17.6636098386364 99 1
2454888.7137162038125098 17.6636098386364 99 1
2454888.7146427081897855 17.6636098386364 99 1
2454888.7155553242191672 17.6636098386364 99 1
2454888.7165379631333053 17.6636098386364 99 1
2454888.7174476850777864 17.6636098386364 99 1
2454888.7183736111037433 17.6636098386364 99 1
2454888.7193006942979991 17.6636098386364 99 1
2454888.7211502315476537 17.6636098386364 99 1
2454888.7220478011295199 17.6636098386364 99 1
2454888.7229563659057021 17.6636098386364 99 1
2454888.7238770835101604 17.6636098386364 99 1
2454888.7247787038795650 17.6636098386364 99 1
2454888.7256785877980292 17.6636098386364 99 1
2454888.7266351850703359 17.6636098386364 99 1
2454888.7275616899132729 17.6636098386364 99 1
2454888.7284939815290272 17.6636098386364 99 1
2454888.7294222223572433 17.7657986 0.0920022 0
2454888.7312717591412365 17.6636098386364 99 1
2454888.7321843751706183 17.6636098386364 99 1
2454888.7331114583648741 17.8147049 0.0750022 0
2454888.7340130787342787 17.6636098386364 99 1
2454888.7349737267941236 17.6085510 0.0570024 0
2454888.7358950232155621 17.6636098386364 99 1
2454888.7368302084505558 17.5864010 0.0550069 0
2454888.7377503472380340 17.6636098386364 99 1
2454888.7386693288572133 17.6216831 0.0610039 0
2454888.7395883100107312 17.6636098386364 99 1
2454888.7405211804434657 17.5291729 0.0500022 0
2454888.7414523148909211 17.6682472 0.0500030 0
2454888.7423770832829177 17.6636098386364 99 1
2454888.7433151621371508 17.7205315 0.0530029 0
2454888.7442549769766629 17.6929111 0.0520022 0
2454888.7451936341822147 17.4745426 0.0520037 0
2454888.7461322918534279 17.5221367 0.0550034 0
2454888.7470535878092051 17.6189785 0.0460039 0
2454888.7479812498204410 17.6636098386364 99 1
2454888.7489129630848765 17.6041069 0.0450020 0
2454888.7498718751594424 17.5104198 0.0490030 0
2454888.7507966435514390 17.5469112 0.0490026 0
2454888.7517289351671934 17.6627083 0.0490026 0
2454888.7526432871818542 17.6636098386364 99 1
2454888.7535784724168479 17.6636098386364 99 1
2454888.7545165508054197 17.4408607 0.0510038 0
2454888.7554476852528751 17.6388912 0.0480034 0
2454888.7563805556856096 17.6636098386364 99 1
2454888.7573082176968455 17.6636098386364 99 1
2454888.7582358797080815 17.6636098386364 99 1
2454888.7591681713238358 17.6353683 0.0490024 0
2454888.7600981481373310 17.6841621 0.0550027 0
2454888.7610315973870456 17.6406746 0.0470029 0
2454888.7619598377496004 17.6830826 0.0500036 0
2454888.7628956018015742 17.6636098386364 99 1
2454888.7638631942681968 17.6636098386364 99 1
2454888.7647983795031905 17.5933170 0.0490043 0
2454888.7657763888128102 17.6103287 0.0510039 0
2454888.7667086804285645 17.5736809 0.0530034 0
2454888.7676403936930001 17.6636098386364 99 1
2454888.7685732636600733 17.6130886 0.0490039 0
2454888.7696270835585892 17.4756298 0.0540040 0
2454888.7705732639878988 17.6261177 0.0640031 0
2454888.7715084492228925 17.4546547 0.0570037 0
2454888.7724303239956498 17.6636098386364 99 1
2454888.7733620372600853 17.6636098386364 99 1
2454888.7743105324916542 17.6636098386364 99 1
2454888.7761843749321997 17.6636098386364 99 1
2454888.7771444446407259 17.6636098386364 99 1
2454888.7781050927005708 17.6636098386364 99 1
2454888.7790119214914739 17.6636098386364 99 1
2454888.7799465279094875 17.6636098386364 99 1
2454888.7809378472156823 17.7274990 0.0550056 0
2454888.7818875000812113 17.6106911 0.0480109 0
2454888.7828354164958000 17.6636098386364 99 1
2454888.7837873841635883 17.6636098386364 99 1
2454888.7847306714393198 17.6503124 0.0540041 0
2454888.7856895835138857 17.6655426 0.0530033 0
2454888.7866369211114943 17.6570568 0.0510033 0
2454888.7875900464132428 17.5402679 0.0430075 0
2454888.7885396992787719 17.6636098386364 99 1
2454888.7894795136526227 17.6307487 0.0500068 0
