0.941463414634146
2454887.7398140048608184 16.7288418 0.0160078 0
2454887.7406988427974284 16.7336903 0.0160100 0
2454887.7416172455996275 16.7023754 0.0160175 0
2454887.7425315971486270 16.7204838 0.0160142 0
2454887.7434355323202908 16.7286396 0.0160104 0
2454887.7444280092604458 16.7145596 0.0160135 0
2454887.7453365740366280 16.7197418 0.0160110 0
2454887.7462584492750466 16.7361870 0.0160110 0
2454887.7471716436557472 16.7205429 0.0160095 0
2454887.7480946760624647 16.7285442 0.0160065 0
2454887.7490032408386469 16.7422619 0.0170069 0
2454887.7499204860068858 16.7345943 0.0170138 0
2454887.7508365740068257 16.7434120 0.0160075 0
2454887.7517543979920447 16.7295589 0.0170069 0
2454887.7526531252078712 16.7262478 0.0170073 0
2454887.7535726851783693 16.7225304 0.0170048 0
2454887.7544905091635883 16.7472725 0.0170078 0
2454887.7554083331488073 16.7359562 0.0180084 0
2454887.7563325231894851 16.6914673 0.0170147 0
2454887.7572474535554647 16.7117329 0.0180158 0
2454887.7581785880029202 16.7290459 0.0180075 0
2454887.7590917823836207 16.7317829 0.0180115 0
2454887.7600171295925975 16.7173233 0.0170073 0
2454887.7618961804546416 16.7135677 0.0180063 0
2454887.7627902776002884 16.7042351 0.0170256 0
2454887.7637017359957099 16.7258091 0.0170068 0
2454887.7646328704431653 16.7295437 0.0170117 0
2454887.7655541668646038 16.7465572 0.0190077 0
2454887.7664656247943640 16.6978226 0.0190067 0
2454887.7674204860813916 16.7402840 0.0190070 0
2454887.7683498840779066 16.7425289 0.0180055 0
2454887.7693741898983717 16.7105389 0.0190061 0
2454887.7705530091188848 16.7262917 0.0190086 0
2454887.7714465279132128 16.7475548 0.0190090 0
2454887.7723736111074686 16.7282543 0.0200052 0
2454887.7732908562757075 16.7290840 0.0190075 0
2454887.7742555555887520 16.7506809 0.0190056 0
2454887.7751803239807487 16.7456207 0.0200056 0
2454887.7761074071750045 16.7443447 0.0200061 0
2454887.7770414352416992 16.7411709 0.0210088 0
2454887.7779604168608785 16.7245731 0.0190073 0
2454887.7788863424211740 16.7157192 0.0190101 0
2454887.7798122684471309 16.6982555 0.0180063 0
2454887.7807370368391275 16.7097473 0.0180108 0
2454887.7817167825996876 16.7184296 0.0190077 0
2454887.7835888890549541 16.7216282 0.0220161 0
2454887.7844922454096377 16.6932850 0.0220196 0
2454887.7854181714355946 16.7062950 0.0200060 0
2454887.7863481482490897 16.7014141 0.0200061 0
2454887.7872862266376615 16.6829987 0.0200083 0
2454887.7882127314805984 16.7286625 0.0210065 0
2454887.7891357638873160 16.6969337 0.0280059 0
2454887.7900576386600733 16.6879082 0.0300095 0
2454887.7909748842939734 16.6788616 0.0210097 0
2454887.7919089118950069 16.7344532 0.0230100 0
2454887.7928527779877186 16.7253914 0.0230082 0
2454887.7937896992079914 16.7354565 0.0220076 0
2454887.7947162035852671 16.7402878 0.0230068 0
2454887.7956571760587394 16.7081184 0.0290053 0
2454887.7965848380699754 16.7204895 0.0240092 0
2454887.7975275460630655 16.7190056 0.0220125 0
2454887.7985703703016043 16.7025146 0.0240084 0
2454887.7997063659131527 16.7089520 0.0250084 0
2454887.8006496527232230 16.7318573 0.0260307 0
2454887.8016322916373610 16.6848907 0.0240080 0
2454887.8026537038385868 16.6962395 0.0240062 0
2454887.8036947916261852 16.6868687 0.0270085 0
2454887.8047144678421319 16.7011681 0.0260097 0
2454887.8056924766860902 16.6905289 0.0250095 0
2454887.8066947916522622 16.7667484 0.0300075 0
2454887.8085750001482666 16.7299023 0.0280083 0
2454887.8095032409764826 16.6956482 0.0250074 0
2454887.8114725695922971 16.7272549 0.0290120 0
2454887.8123961803503335 16.6956081 0.0270085 0
2454887.8133319444023073 16.6733494 0.0270118 0
2454887.8142671296373010 16.7209415 0.0290098 0
2454887.8152069444768131 16.7109261 0.0300106 0
2454887.8161473381333053 16.6893749 0.0300105 0
2454887.8170964121818542 16.7114277 0.0320146 0
2454887.8191074072383344 16.7354183 0.0310080 0
2454887.8200408564880490 16.7506256 0.0330281 0
2454887.8209934029728174 16.7637119 0.0340228 0
2454887.8219609954394400 16.7403641 0.0330091 0
2454887.8229123842902482 16.8054676 0.0350104 0
2454887.8238782407715917 16.7166309 0.0350138 0
2454887.8248504628427327 16.7206688 0.0380224 0
2454887.8258990738540888 16.7339249 0.0510143 0
2454887.8268562499433756 16.7191010 0.0430310 0
2454887.8278082176111639 16.8149033 0.0410107 0
2454887.8287613424472511 16.7433605 0.0480213 0
2454887.8297381945885718 16.7273426 0.0440121 0
2454887.8306537037715316 16.7414474 0.0470404 0
2454887.8315848377533257 16.6894608 0.0480135 0
2454887.8325101854279637 16.7244810917098 99 1
2454887.8334546294063330 16.9158535 0.0570637 0
2454888.6674447916448116 16.7061901 0.0180123 0
2454888.6683608796447515 16.7150555 0.0170187 0
2454888.6692607640288770 16.7214375 0.0170153 0
2454888.6701681711710989 16.7189922 0.0170213 0
2454888.6710802083835006 16.7308712 0.0170260 0
2454888.6719829859212041 16.7068901 0.0160098 0
2454888.6729060183279216 16.7087650 0.0180122 0
2454888.6738012731075287 16.7280693 0.0170190 0
2454888.6747040511108935 16.7276669 0.0180252 0
2454888.6756184026598930 16.7076721 0.0160113 0
2454888.6765431715175509 16.7131996 0.0170125 0
2454888.6774395834654570 16.7157650 0.0160132 0
2454888.6895935186184943 16.7075062 0.0180051 0
2454888.6905084489844739 16.7113037 0.0160064 0
2454888.6914349538274109 16.7475471 0.0180068 0
2454888.6923412038013339 16.7158432 0.0180097 0
2454888.6932462961412966 16.7176552 0.0180062 0
2454888.6941357636824250 16.7034798 0.0190059 0
2454888.6950402776710689 16.7253056 0.0200052 0
2454888.6959453704766929 16.7211590 0.0200061 0
2454888.6968608796596527 16.7007542 0.0190055 0
2454888.7025194442830980 16.7577419 0.0330082 0
2454888.7034413195215166 16.7228642 0.0370062 0
2454888.7043498842976987 16.7840595 0.0390058 0
2454888.7072759261354804 16.7073250 0.0350058 0
2454888.7081872685812414 16.7057438 0.0340086 0
2454888.7090981481596828 16.7315693 0.0390075 0
2454888.7100136573426425 16.8065300 0.0530062 0
2454888.7109413193538785 16.6629391 0.0430083 0
2454888.7118799770250916 16.7579517 0.0440076 0
2454888.7128006946295500 16.8033772 0.0580077 0
2454888.7137162038125098 16.7540588 0.0470063 0
2454888.7146427081897855 16.6971054 0.0440120 0
2454888.7155553242191672 16.7199593 0.0450196 0
2454888.7165379631333053 16.7385292 0.0430057 0
2454888.7174476850777864 16.7133179 0.0450096 0
2454888.7183736111037433 16.7247448 0.0560059 0
2454888.7193006942979991 16.6963978 0.0470085 0
2454888.7211502315476537 16.7244810917098 99 1
2454888.7220478011295199 16.7244810917098 99 1
2454888.7229563659057021 16.7244810917098 99 1
2454888.7238770835101604 16.7244810917098 99 1
2454888.7247787038795650 16.7244810917098 99 1
2454888.7256785877980292 16.6516285 0.0750121 0
2454888.7266351850703359 16.7269554 0.0470049 0
2454888.7275616899132729 16.8322487 0.0440051 0
2454888.7284939815290272 16.7228050 0.0360058 0
2454888.7294222223572433 16.7597980 0.0370053 0
2454888.7312717591412365 16.6893063 0.0380085 0
2454888.7321843751706183 16.7639828 0.0380072 0
2454888.7331114583648741 16.7347050 0.0320051 0
2454888.7340130787342787 16.7641716 0.0300044 0
2454888.7349737267941236 16.7265511 0.0260052 0
2454888.7358950232155621 16.7697983 0.0310067 0
2454888.7368302084505558 16.7264023 0.0280135 0
2454888.7377503472380340 16.7099342 0.0260068 0
2454888.7386693288572133 16.7356853 0.0280084 0
2454888.7395883100107312 16.7248268 0.0250103 0
2454888.7405211804434657 16.6961746 0.0240046 0
2454888.7414523148909211 16.6842461 0.0230066 0
2454888.7423770832829177 16.6890869 0.0230082 0
2454888.7433151621371508 16.7365322 0.0250063 0
2454888.7442549769766629 16.7009106 0.0230050 0
2454888.7451936341822147 16.7295418 0.0280070 0
2454888.7461322918534279 16.7421379 0.0290065 0
2454888.7470535878092051 16.6899776 0.0220081 0
2454888.7479812498204410 16.7355003 0.0320099 0
2454888.7489129630848765 16.7451057 0.0240038 0
2454888.7498718751594424 16.7204208 0.0260057 0
2454888.7507966435514390 16.7229118 0.0240054 0
2454888.7517289351671934 16.7007065 0.0230055 0
2454888.7526432871818542 16.7165947 0.0320094 0
2454888.7535784724168479 16.7549458 0.0250058 0
2454888.7545165508054197 16.7148609 0.0280070 0
2454888.7554476852528751 16.7428913 0.0230070 0
2454888.7563805556856096 16.7182446 0.0230073 0
2454888.7573082176968455 16.7144833 0.0240054 0
2454888.7582358797080815 16.7438850 0.0260077 0
2454888.7591681713238358 16.7323685 0.0240049 0
2454888.7600981481373310 16.7261620 0.0250059 0
2454888.7610315973870456 16.7256737 0.0230059 0
2454888.7619598377496004 16.7330837 0.0240074 0
2454888.7628956018015742 16.6950130 0.0240089 0
2454888.7638631942681968 16.7038689 0.0260058 0
2454888.7647983795031905 16.7553158 0.0250084 0
2454888.7657763888128102 16.7373276 0.0250080 0
2454888.7667086804285645 16.6976795 0.0270067 0
2454888.7676403936930001 16.7207489 0.0240212 0
2454888.7685732636600733 16.7200871 0.0240080 0
2454888.7696270835585892 16.7216301 0.0280077 0
2454888.7705732639878988 16.7051182 0.0290067 0
2454888.7715084492228925 16.7346554 0.0310067 0
2454888.7724303239956498 16.7526417 0.0310074 0
2454888.7733620372600853 16.6685219 0.0330109 0
2454888.7743105324916542 16.7240086 0.0290080 0
2454888.7761843749321997 16.6974335 0.0470102 0
2454888.7771444446407259 16.7244810917098 99 1
2454888.7781050927005708 16.7244810917098 99 1
2454888.7790119214914739 16.7244810917098 99 1
2454888.7799465279094875 16.7244810917098 99 1
2454888.7809378472156823 16.7274990 0.0240128 0
2454888.7818875000812113 16.7386913 0.0240218 0
2454888.7828354164958000 16.7244810917098 99 1
2454888.7837873841635883 16.7244810917098 99 1
2454888.7847306714393198 16.7173138 0.0250089 0
2454888.7856895835138857 16.7005424 0.0240073 0
2454888.7866369211114943 16.7180557 0.0230074 0
2454888.7875900464132428 16.7492676 0.0230139 0
2454888.7885396992787719 16.7170143 0.0240089 0
2454888.7894795136526227 16.7207489 0.0240141 0
