0.946341463414634
2454887.7398140048608184 16.6368408 0.0160078 0
2454887.7406988427974284 16.6346893 0.0160100 0
2454887.7416172455996275 16.6583767 0.0160175 0
2454887.7425315971486270 16.6634827 0.0160142 0
2454887.7434355323202908 16.6286392 0.0160104 0
2454887.7444280092604458 16.6535587 0.0160135 0
2454887.7453365740366280 16.6427422 0.0160110 0
2454887.7462584492750466 16.6691875 0.0160110 0
2454887.7471716436557472 16.6405430 0.0160095 0
2454887.7480946760624647 16.6345444 0.0160065 0
2454887.7490032408386469 16.6332607 0.0160073 0
2454887.7499204860068858 16.6365948 0.0160147 0
2454887.7508365740068257 16.6294117 0.0160075 0
2454887.7517543979920447 16.6645603 0.0170069 0
2454887.7526531252078712 16.6332493 0.0160077 0
2454887.7535726851783693 16.6635303 0.0170048 0
2454887.7544905091635883 16.6402721 0.0160083 0
2454887.7554083331488073 16.6349564 0.0170089 0
2454887.7563325231894851 16.6514683 0.0160156 0
2454887.7572474535554647 16.6477337 0.0180158 0
2454887.7581785880029202 16.6540451 0.0170080 0
2454887.7590917823836207 16.6507835 0.0180115 0
2454887.7600171295925975 16.6543217 0.0170073 0
2454887.7618961804546416 16.6355667 0.0170066 0
2454887.7627902776002884 16.6562366 0.0160272 0
2454887.7637017359957099 16.6608086 0.0170068 0
2454887.7646328704431653 16.6385441 0.0160124 0
2454887.7655541668646038 16.6415577 0.0180081 0
2454887.7664656247943640 16.6378231 0.0180071 0
2454887.7674204860813916 16.6582832 0.0190070 0
2454887.7683498840779066 16.6305275 0.0180055 0
2454887.7693741898983717 16.6645393 0.0200058 0
2454887.7705530091188848 16.6252918 0.0180091 0
2454887.7714465279132128 16.6285553 0.0180095 0
2454887.7723736111074686 16.6072540 0.0190055 0
2454887.7732908562757075 16.6530838 0.0180079 0
2454887.7742555555887520 16.6506824 0.0180059 0
2454887.7751803239807487 16.6396198 0.0190059 0
2454887.7761074071750045 16.6563454 0.0190064 0
2454887.7770414352416992 16.6341705 0.0200092 0
2454887.7779604168608785 16.6245728 0.0180077 0
2454887.7788863424211740 16.6377201 0.0180107 0
2454887.7798122684471309 16.6282558 0.0170067 0
2454887.7807370368391275 16.5947475 0.0170114 0
2454887.7817167825996876 16.6284294 0.0180082 0
2454887.7835888890549541 16.6446285 0.0210168 0
2454887.7844922454096377 16.6442852 0.0210205 0
2454887.7854181714355946 16.6222954 0.0190063 0
2454887.7863481482490897 16.6444149 0.0190064 0
2454887.7872862266376615 16.6049995 0.0200083 0
2454887.7882127314805984 16.6396637 0.0210065 0
2454887.7891357638873160 16.6769333 0.0280059 0
2454887.7900576386600733 16.6529083 0.0290098 0
2454887.7909748842939734 16.6388626 0.0210097 0
2454887.7919089118950069 16.6544533 0.0230100 0
2454887.7928527779877186 16.6563911 0.0220086 0
2454887.7937896992079914 16.6414547 0.0210080 0
2454887.7947162035852671 16.6222878 0.0220071 0
2454887.7956571760587394 16.6081181 0.0270057 0
2454887.7965848380699754 16.6344872 0.0230095 0
2454887.7975275460630655 16.5600052 0.0210131 0
2454887.7985703703016043 16.6665154 0.0230088 0
2454887.7997063659131527 16.6569519 0.0250084 0
2454887.8006496527232230 16.6468582 0.0240333 0
2454887.8016322916373610 16.6058903 0.0240080 0
2454887.8026537038385868 16.6602383 0.0250059 0
2454887.8036947916261852 16.6188679 0.0250092 0
2454887.8047144678421319 16.6301670 0.0260097 0
2454887.8056924766860902 16.6935291 0.0270088 0
2454887.8066947916522622 16.6527481 0.0280081 0
2454887.8085750001482666 16.6039028 0.0270086 0
2454887.8095032409764826 16.6496468 0.0250074 0
2454887.8114725695922971 16.6052570 0.0280124 0
2454887.8123961803503335 16.6326084 0.0280082 0
2454887.8133319444023073 16.6313496 0.0270118 0
2454887.8142671296373010 16.6889400 0.0310092 0
2454887.8152069444768131 16.6629276 0.0300106 0
2454887.8161473381333053 16.6623745 0.0300105 0
2454887.8170964121818542 16.6744270 0.0320146 0
2454887.8191074072383344 16.6544189 0.0300083 0
2454887.8200408564880490 16.6486244 0.0340272 0
2454887.8209934029728174 16.6687126 0.0340228 0
2454887.8219609954394400 16.6603642 0.0320094 0
2454887.8229123842902482 16.6294670 0.0300122 0
2454887.8238782407715917 16.6766319 0.0330146 0
2454887.8248504628427327 16.6346703 0.0360237 0
2454887.8258990738540888 16.5849247 0.0420174 0
2454887.8268562499433756 16.6590996 0.0400333 0
2454887.8278082176111639 16.6799030 0.0400109 0
2454887.8287613424472511 16.6043606 0.0490208 0
2454887.8297381945885718 16.6253414 0.0430124 0
2454887.8306537037715316 16.6744461 0.0450422 0
2454887.8315848377533257 16.6774597 0.0460140 0
2454887.8325101854279637 16.6000633 0.0510202 0
2454887.8334546294063330 16.6088524 0.0450807 0
2454888.6674447916448116 16.6351891 0.0180123 0
2454888.6683608796447515 16.6450539 0.0170187 0
2454888.6692607640288770 16.6504383 0.0170153 0
2454888.6701681711710989 16.6519928 0.0170213 0
2454888.6710802083835006 16.6718712 0.0170260 0
2454888.6719829859212041 16.6518898 0.0160098 0
2454888.6729060183279216 16.6467648 0.0170129 0
2454888.6738012731075287 16.6400681 0.0160202 0
2454888.6747040511108935 16.6476669 0.0170267 0
2454888.6756184026598930 16.6726723 0.0160113 0
2454888.6765431715175509 16.6371994 0.0160133 0
2454888.6774395834654570 16.6307640 0.0160132 0
2454888.6895935186184943 16.6375065 0.0180051 0
2454888.6905084489844739 16.6533031 0.0160064 0
2454888.6914349538274109 16.6425476 0.0170072 0
2454888.6923412038013339 16.6348438 0.0180097 0
2454888.6932462961412966 16.6476555 0.0180062 0
2454888.6941357636824250 16.6464787 0.0190059 0
2454888.6950402776710689 16.6293049 0.0190055 0
2454888.6959453704766929 16.6461582 0.0200061 0
2454888.6968608796596527 16.6407528 0.0180058 0
2454888.7025194442830980 16.6427422 0.0320085 0
2454888.7034413195215166 16.6298637 0.0360063 0
2454888.7043498842976987 16.5840588 0.0370061 0
2454888.7072759261354804 16.6063251 0.0310065 0
2454888.7081872685812414 16.6207447 0.0350084 0
2454888.7090981481596828 16.6525707 0.0360081 0
2454888.7100136573426425 16.6075306 0.0470069 0
2454888.7109413193538785 16.6629391 0.0430083 0
2454888.7118799770250916 16.6119518 0.0410082 0
2454888.7128006946295500 16.5433769 0.0460097 0
2454888.7137162038125098 16.5950584 0.0430068 0
2454888.7146427081897855 16.6391048 0.0420125 0
2454888.7155553242191672 16.6459599 0.0460192 0
2454888.7165379631333053 16.6465302 0.0430057 0
2454888.7174476850777864 16.6963177 0.0460094 0
2454888.7183736111037433 16.6187458 0.0540062 0
2454888.7193006942979991 16.6173973 0.0450088 0
2454888.7211502315476537 16.5818520 0.0620128 0
2454888.7220478011295199 16.6393997721649 99 1
2454888.7229563659057021 16.6393997721649 99 1
2454888.7238770835101604 16.6393997721649 99 1
2454888.7247787038795650 16.6393997721649 99 1
2454888.7256785877980292 16.6393997721649 99 1
2454888.7266351850703359 16.6409550 0.0440053 0
2454888.7275616899132729 16.6632481 0.0380059 0
2454888.7284939815290272 16.6198063 0.0340061 0
2454888.7294222223572433 16.5887985 0.0340058 0
2454888.7312717591412365 16.6133060 0.0390083 0
2454888.7321843751706183 16.5679836 0.0340080 0
2454888.7331114583648741 16.6817036 0.0310053 0
2454888.7340130787342787 16.6141720 0.0280047 0
2454888.7349737267941236 16.6575508 0.0260052 0
2454888.7358950232155621 16.6517982 0.0290071 0
2454888.7368302084505558 16.6514015 0.0260145 0
2454888.7377503472380340 16.6619339 0.0250071 0
2454888.7386693288572133 16.6196842 0.0250094 0
2454888.7395883100107312 16.6308270 0.0240107 0
2454888.7405211804434657 16.6531734 0.0250044 0
2454888.7414523148909211 16.6262455 0.0220069 0
2454888.7423770832829177 16.6780853 0.0240079 0
2454888.7433151621371508 16.6265316 0.0230068 0
2454888.7442549769766629 16.6079102 0.0220052 0
2454888.7451936341822147 16.6255417 0.0270072 0
2454888.7461322918534279 16.6671371 0.0290065 0
2454888.7470535878092051 16.6069775 0.0220081 0
2454888.7479812498204410 16.6393997721649 99 1
2454888.7489129630848765 16.6551056 0.0220042 0
2454888.7498718751594424 16.6434212 0.0250059 0
2454888.7507966435514390 16.6329117 0.0240054 0
2454888.7517289351671934 16.6157074 0.0220057 0
2454888.7526432871818542 16.5905952 0.0290104 0
2454888.7535784724168479 16.6689453 0.0240060 0
2454888.7545165508054197 16.6838608 0.0280070 0
2454888.7554476852528751 16.6588917 0.0230070 0
2454888.7563805556856096 16.6652431 0.0230073 0
2454888.7573082176968455 16.5814838 0.0230056 0
2454888.7582358797080815 16.6668854 0.0250080 0
2454888.7591681713238358 16.6313686 0.0220053 0
2454888.7600981481373310 16.6401615 0.0230064 0
2454888.7610315973870456 16.6676750 0.0230059 0
2454888.7619598377496004 16.6810837 0.0230078 0
2454888.7628956018015742 16.6140118 0.0240089 0
2454888.7638631942681968 16.6538696 0.0260058 0
2454888.7647983795031905 16.6483154 0.0230092 0
2454888.7657763888128102 16.6473274 0.0240083 0
2454888.7667086804285645 16.6736794 0.0260069 0
2454888.7676403936930001 16.6307487 0.0240212 0
2454888.7685732636600733 16.6190872 0.0240080 0
2454888.7696270835585892 16.6566296 0.0270080 0
2454888.7705732639878988 16.6171169 0.0280070 0
2454888.7715084492228925 16.6216545 0.0290072 0
2454888.7724303239956498 16.6366405 0.0310074 0
2454888.7733620372600853 16.5815220 0.0310116 0
2454888.7743105324916542 16.6210079 0.0270086 0
2454888.7761843749321997 16.6444340 0.0480100 0
2454888.7771444446407259 16.6679363 0.0630997 0
2454888.7781050927005708 16.6393997721649 99 1
2454888.7790119214914739 16.6393997721649 99 1
2454888.7799465279094875 16.6393997721649 99 1
2454888.7809378472156823 16.6394997 0.0240128 0
2454888.7818875000812113 16.6386909 0.0240218 0
2454888.7828354164958000 16.6393997721649 99 1
2454888.7837873841635883 16.6393997721649 99 1
2454888.7847306714393198 16.6643143 0.0240093 0
2454888.7856895835138857 16.6515427 0.0250070 0
2454888.7866369211114943 16.6400566 0.0220077 0
2454888.7875900464132428 16.6252670 0.0210153 0
2454888.7885396992787719 16.6340160 0.0230092 0
2454888.7894795136526227 16.6487484 0.0230147 0
