0.907317073170732
2454887.7398140048608184 17.1578407 0.0210060 0
2454887.7406988427974284 17.1406898 0.0210076 0
2454887.7416172455996275 17.1593761 0.0220128 0
2454887.7425315971486270 17.1614838 0.0220103 0
2454887.7434355323202908 17.1456375 0.0210079 0
2454887.7444280092604458 17.1735592 0.0220098 0
2454887.7453365740366280 17.1807404 0.0220080 0
2454887.7462584492750466 17.1371880 0.0210084 0
2454887.7471716436557472 17.1555443 0.0210072 0
2454887.7480946760624647 17.1585445 0.0220047 0
2454887.7490032408386469 17.1882610 0.0220053 0
2454887.7499204860068858 17.1295948 0.0220107 0
2454887.7508365740068257 17.2024117 0.0230052 0
2454887.7517543979920447 17.1665592 0.0220053 0
2454887.7526531252078712 17.1692486 0.0220056 0
2454887.7535726851783693 17.1375294 0.0220037 0
2454887.7544905091635883 17.1452732 0.0220060 0
2454887.7554083331488073 17.1619549 0.0240063 0
2454887.7563325231894851 17.1714687 0.0220114 0
2454887.7572474535554647 17.1877327 0.0250114 0
2454887.7581785880029202 17.1530437 0.0240057 0
2454887.7590917823836207 17.1557827 0.0250083 0
2454887.7600171295925975 17.1613235 0.0230054 0
2454887.7618961804546416 17.1665668 0.0240047 0
2454887.7627902776002884 17.1682358 0.0230189 0
2454887.7637017359957099 17.1718102 0.0230050 0
2454887.7646328704431653 17.1575432 0.0230086 0
2454887.7655541668646038 17.1535587 0.0240061 0
2454887.7664656247943640 17.1808224 0.0260049 0
2454887.7674204860813916 17.1702843 0.0260051 0
2454887.7683498840779066 17.1585274 0.0260038 0
2454887.7693741898983717 17.1585388 0.0270043 0
2454887.7705530091188848 17.1682911 0.0260063 0
2454887.7714465279132128 17.1785545 0.0250069 0
2454887.7723736111074686 17.1232548 0.0260040 0
2454887.7732908562757075 17.1390839 0.0250057 0
2454887.7742555555887520 17.1306820 0.0250043 0
2454887.7751803239807487 17.1416187 0.0260043 0
2454887.7761074071750045 17.1353455 0.0250049 0
2454887.7770414352416992 17.1781712 0.0280066 0
2454887.7779604168608785 17.1705742 0.0250055 0
2454887.7788863424211740 17.1647205 0.0260074 0
2454887.7798122684471309 17.1662560 0.0250045 0
2454887.7807370368391275 17.1537476 0.0260074 0
2454887.7817167825996876 17.1604290 0.0260056 0
2454887.7835888890549541 17.1336288 0.0300118 0
2454887.7844922454096377 17.1682854 0.0310139 0
2454887.7854181714355946 17.0902939 0.0260046 0
2454887.7863481482490897 17.1524143 0.0270045 0
2454887.7872862266376615 17.1319981 0.0270062 0
2454887.7882127314805984 17.1606636 0.0300045 0
2454887.7891357638873160 17.1649342 0.0390042 0
2454887.7900576386600733 17.1699085 0.0430066 0
2454887.7909748842939734 17.1408615 0.0300068 0
2454887.7919089118950069 17.1214523 0.0310074 0
2454887.7928527779877186 17.1633911 0.0310061 0
2454887.7937896992079914 17.1924553 0.0310054 0
2454887.7947162035852671 17.1502876 0.0320049 0
2454887.7956571760587394 17.0791187 0.0380040 0
2454887.7965848380699754 17.0994892 0.0310071 0
2454887.7975275460630655 17.1310043 0.0310089 0
2454887.7985703703016043 17.1545162 0.0350058 0
2454887.7997063659131527 17.1629524 0.0340062 0
2454887.8006496527232230 17.1988583 0.0350228 0
2454887.8016322916373610 17.1878910 0.0350055 0
2454887.8026537038385868 17.1832390 0.0360041 0
2454887.8036947916261852 17.1758671 0.0380060 0
2454887.8047144678421319 17.0991669 0.0360070 0
2454887.8056924766860902 17.1655293 0.0360066 0
2454887.8066947916522622 17.1667480 0.0390058 0
2454887.8085750001482666 17.1719036 0.0400058 0
2454887.8095032409764826 17.1676483 0.0370050 0
2454887.8114725695922971 17.0862560 0.0380092 0
2454887.8123961803503335 17.0786076 0.0390059 0
2454887.8133319444023073 17.1833496 0.0380084 0
2454887.8142671296373010 17.1329403 0.0430066 0
2454887.8152069444768131 17.1469269 0.0460069 0
2454887.8161473381333053 17.0783749 0.0430073 0
2454887.8170964121818542 17.1824284 0.0490095 0
2454887.8191074072383344 17.2234192 0.0480052 0
2454887.8200408564880490 17.1796246 0.0510182 0
2454887.8209934029728174 17.1877117 0.0500155 0
2454887.8219609954394400 17.0693645 0.0420072 0
2454887.8229123842902482 17.1384678 0.0450081 0
2454887.8238782407715917 17.1716309 0.0500097 0
2454887.8248504628427327 17.0736694 0.0520164 0
2454887.8258990738540888 17.1411802252688 99 1
2454887.8268562499433756 17.0671005 0.0550242 0
2454887.8278082176111639 17.1699028 0.0570077 0
2454887.8287613424472511 17.2123604 0.0700146 0
2454887.8297381945885718 17.1803417 0.0640083 0
2454887.8306537037715316 17.0094471 0.0560339 0
2454887.8315848377533257 17.1411802252688 99 1
2454887.8325101854279637 17.1411802252688 99 1
2454887.8334546294063330 17.1411802252688 99 1
2454888.6674447916448116 17.1141891 0.0240092 0
2454888.6683608796447515 17.1050549 0.0220145 0
2454888.6692607640288770 17.1224384 0.0220118 0
2454888.6701681711710989 17.0939941 0.0220165 0
2454888.6710802083835006 17.0978718 0.0220201 0
2454888.6719829859212041 17.1168880 0.0210074 0
2454888.6729060183279216 17.0967636 0.0230096 0
2454888.6738012731075287 17.1160698 0.0220147 0
2454888.6747040511108935 17.1086674 0.0220206 0
2454888.6756184026598930 17.1126709 0.0210086 0
2454888.6765431715175509 17.1301994 0.0220097 0
2454888.6774395834654570 17.1317635 0.0210100 0
2454888.6895935186184943 17.1125069 0.0230040 0
2454888.6905084489844739 17.1163025 0.0220047 0
2454888.6914349538274109 17.1255474 0.0230053 0
2454888.6923412038013339 17.1128445 0.0240073 0
2454888.6932462961412966 17.1266556 0.0250045 0
2454888.6941357636824250 17.0984783 0.0260043 0
2454888.6950402776710689 17.0723057 0.0260040 0
2454888.6959453704766929 17.1061592 0.0260047 0
2454888.6968608796596527 17.1007538 0.0250042 0
2454888.7025194442830980 17.1137428 0.0440062 0
2454888.7034413195215166 17.2228642 0.0550041 0
2454888.7043498842976987 17.0870590 0.0510045 0
2454888.7072759261354804 17.1693249 0.0480042 0
2454888.7081872685812414 17.1047440 0.0480061 0
2454888.7090981481596828 17.1465702 0.0540054 0
2454888.7100136573426425 17.1375294 0.0690047 0
2454888.7109413193538785 17.1411802252688 99 1
2454888.7118799770250916 17.1589527 0.0620054 0
2454888.7128006946295500 17.1713772 0.0750059 0
2454888.7137162038125098 17.1411802252688 99 1
2454888.7146427081897855 17.1241055 0.0620085 0
2454888.7155553242191672 17.2179604 0.0690128 0
2454888.7165379631333053 17.1025295 0.0590042 0
2454888.7174476850777864 17.0973167 0.0600072 0
2454888.7183736111037433 17.1737461 0.0780043 0
2454888.7193006942979991 17.1753979 0.0670059 0
2454888.7211502315476537 17.1411802252688 99 1
2454888.7220478011295199 17.1411802252688 99 1
2454888.7229563659057021 17.1411802252688 99 1
2454888.7238770835101604 17.1411802252688 99 1
2454888.7247787038795650 17.1411802252688 99 1
2454888.7256785877980292 17.1411802252688 99 1
2454888.7266351850703359 17.1411802252688 99 1
2454888.7275616899132729 17.1552486 0.0590038 0
2454888.7284939815290272 17.0858059 0.0490042 0
2454888.7294222223572433 17.0267982 0.0470042 0
2454888.7312717591412365 17.0963058 0.0520062 0
2454888.7321843751706183 17.1219826 0.0480057 0
2454888.7331114583648741 17.1407051 0.0420039 0
2454888.7340130787342787 17.1441727 0.0390034 0
2454888.7349737267941236 17.0885506 0.0340040 0
2454888.7358950232155621 17.2477989 0.0470044 0
2454888.7368302084505558 17.1204014 0.0380099 0
2454888.7377503472380340 17.1569328 0.0380046 0
2454888.7386693288572133 17.1556835 0.0400059 0
2454888.7395883100107312 17.1698265 0.0340075 0
2454888.7405211804434657 17.1331730 0.0350031 0
2454888.7414523148909211 17.0922470 0.0320048 0
2454888.7423770832829177 17.1390858 0.0330057 0
2454888.7433151621371508 17.1605320 0.0330047 0
2454888.7442549769766629 17.1189098 0.0320036 0
2454888.7451936341822147 17.2445431 0.0430045 0
2454888.7461322918534279 17.1101360 0.0400047 0
2454888.7470535878092051 17.1269779 0.0320056 0
2454888.7479812498204410 17.1035004 0.0420076 0
2454888.7489129630848765 17.1411057 0.0320029 0
2454888.7498718751594424 17.1654205 0.0370040 0
2454888.7507966435514390 17.1259117 0.0330039 0
2454888.7517289351671934 17.1537056 0.0330038 0
2454888.7526432871818542 17.2295952 0.0490061 0
2454888.7535784724168479 17.1529465 0.0350041 0
2454888.7545165508054197 17.1278610 0.0390050 0
2454888.7554476852528751 17.1698914 0.0320050 0
2454888.7563805556856096 17.1172447 0.0310054 0
2454888.7573082176968455 17.1134834 0.0340038 0
2454888.7582358797080815 17.0598850 0.0330060 0
2454888.7591681713238358 17.1263695 0.0310038 0
2454888.7600981481373310 17.1271610 0.0340043 0
2454888.7610315973870456 17.1216736 0.0310044 0
2454888.7619598377496004 17.1530838 0.0330054 0
2454888.7628956018015742 17.1310120 0.0330065 0
2454888.7638631942681968 17.1788692 0.0380040 0
2454888.7647983795031905 17.0923157 0.0320066 0
2454888.7657763888128102 17.1583271 0.0350057 0
2454888.7667086804285645 17.1356812 0.0370049 0
2454888.7676403936930001 17.1167488 0.0340150 0
2454888.7685732636600733 17.1410885 0.0340057 0
2454888.7696270835585892 17.1196308 0.0400054 0
2454888.7705732639878988 17.1901169 0.0450043 0
2454888.7715084492228925 17.1476536 0.0440047 0
2454888.7724303239956498 17.1476421 0.0430053 0
2454888.7733620372600853 17.1395226 0.0490073 0
2454888.7743105324916542 17.1580086 0.0410056 0
2454888.7761843749321997 17.1411802252688 99 1
2454888.7771444446407259 17.0759354 0.0890706 0
2454888.7781050927005708 17.1411802252688 99 1
2454888.7790119214914739 17.1411802252688 99 1
2454888.7799465279094875 17.1411802252688 99 1
2454888.7809378472156823 17.1024990 0.0340090 0
2454888.7818875000812113 17.0806904 0.0310169 0
2454888.7828354164958000 17.1411802252688 99 1
2454888.7837873841635883 17.1411802252688 99 1
2454888.7847306714393198 17.0933132 0.0320070 0
2454888.7856895835138857 17.0925426 0.0330053 0
2454888.7866369211114943 17.1580563 0.0320053 0
2454888.7875900464132428 17.0842667 0.0300107 0
2454888.7885396992787719 17.2010155 0.0330064 0
2454888.7894795136526227 17.1147480 0.0320106 0
