0.804878048780488
2454887.7398140048608184 17.5878410 0.0280045 0
2454887.7406988427974284 17.5336895 0.0270059 0
2454887.7416172455996275 17.5663757 0.0300094 0
2454887.7425315971486270 17.5844841 0.0300076 0
2454887.7434355323202908 17.5936375 0.0290057 0
2454887.7444280092604458 17.5765591 0.0300072 0
2454887.7453365740366280 17.5227413 0.0290061 0
2454887.7462584492750466 17.5311871 0.0270065 0
2454887.7471716436557472 17.5405445 0.0280054 0
2454887.7480946760624647 17.5965443 0.0300035 0
2454887.7490032408386469 17.5852623 0.0300039 0
2454887.7499204860068858 17.5735950 0.0300078 0
2454887.7508365740068257 17.5554123 0.0280043 0
2454887.7517543979920447 17.5645599 0.0310038 0
2454887.7526531252078712 17.5322475 0.0290043 0
2454887.7535726851783693 17.5635300 0.0310026 0
2454887.7544905091635883 17.5782719 0.0300044 0
2454887.7554083331488073 17.5749550 0.0340044 0
2454887.7563325231894851 17.5444679 0.0300083 0
2454887.7572474535554647 17.5497322 0.0330086 0
2454887.7581785880029202 17.5990448 0.0330041 0
2454887.7590917823836207 17.5607834 0.0330063 0
2454887.7600171295925975 17.5823231 0.0310040 0
2454887.7618961804546416 17.5655670 0.0310036 0
2454887.7627902776002884 17.5462360 0.0300145 0
2454887.7637017359957099 17.5928097 0.0310037 0
2454887.7646328704431653 17.5685444 0.0310064 0
2454887.7655541668646038 17.5365582 0.0320046 0
2454887.7664656247943640 17.5398216 0.0340037 0
2454887.7674204860813916 17.5502834 0.0350038 0
2454887.7683498840779066 17.5435276 0.0340029 0
2454887.7693741898983717 17.6105385 0.0390030 0
2454887.7705530091188848 17.5322914 0.0350047 0
2454887.7714465279132128 17.5695553 0.0350049 0
2454887.7723736111074686 17.5462551 0.0380028 0
2454887.7732908562757075 17.5200844 0.0330043 0
2454887.7742555555887520 17.6096821 0.0370029 0
2454887.7751803239807487 17.5586185 0.0370030 0
2454887.7761074071750045 17.5923443 0.0370033 0
2454887.7770414352416992 17.4861698 0.0350053 0
2454887.7779604168608785 17.5195732 0.0340041 0
2454887.7788863424211740 17.5447197 0.0350055 0
2454887.7798122684471309 17.5362549 0.0330034 0
2454887.7807370368391275 17.5157471 0.0330059 0
2454887.7817167825996876 17.5824299 0.0370040 0
2454887.7835888890549541 17.6276283 0.0450079 0
2454887.7844922454096377 17.5042858 0.0410105 0
2454887.7854181714355946 17.5402946 0.0370032 0
2454887.7863481482490897 17.5494137 0.0370033 0
2454887.7872862266376615 17.5579987 0.0380044 0
2454887.7882127314805984 17.5516644 0.0410033 0
2454887.7891357638873160 17.5819340 0.0540031 0
2454887.7900576386600733 17.5569096 0.0550052 0
2454887.7909748842939734 17.5258617 0.0410050 0
2454887.7919089118950069 17.6254539 0.0470049 0
2454887.7928527779877186 17.5743904 0.0420045 0
2454887.7937896992079914 17.5974560 0.0430039 0
2454887.7947162035852671 17.6152878 0.0460034 0
2454887.7956571760587394 17.5847421612121 99 1
2454887.7965848380699754 17.5804882 0.0450049 0
2454887.7975275460630655 17.5830059 0.0460060 0
2454887.7985703703016043 17.6395149 0.0490041 0
2454887.7997063659131527 17.6029510 0.0510041 0
2454887.8006496527232230 17.6228580 0.0500160 0
2454887.8016322916373610 17.5958900 0.0490039 0
2454887.8026537038385868 17.5702381 0.0500030 0
2454887.8036947916261852 17.6538677 0.0560041 0
2454887.8047144678421319 17.5991669 0.0550046 0
2454887.8056924766860902 17.6225281 0.0550043 0
2454887.8066947916522622 17.5067482 0.0500045 0
2454887.8085750001482666 17.6289024 0.0610038 0
2454887.8095032409764826 17.5847421612121 99 1
2454887.8114725695922971 17.5847421612121 99 1
2454887.8123961803503335 17.6136074 0.0600038 0
2454887.8133319444023073 17.6443501 0.0560057 0
2454887.8142671296373010 17.5789413 0.0630045 0
2454887.8152069444768131 17.5579262 0.0600053 0
2454887.8161473381333053 17.5633717 0.0590053 0
2454887.8170964121818542 17.6584282 0.0690068 0
2454887.8191074072383344 17.5214195 0.0620040 0
2454887.8200408564880490 17.5847421612121 99 1
2454887.8209934029728174 17.5847421612121 99 1
2454887.8219609954394400 17.5923634 0.0670045 0
2454887.8229123842902482 17.5624676 0.0650056 0
2454887.8238782407715917 17.6756325 0.0760063 0
2454887.8248504628427327 17.6016693 0.0780109 0
2454887.8258990738540888 17.6449261 0.1010072 0
2454887.8268562499433756 17.5431004 0.0860155 0
2454887.8278082176111639 17.5847421612121 99 1
2454887.8287613424472511 17.5847421612121 99 1
2454887.8297381945885718 17.5847421612121 99 1
2454887.8306537037715316 17.5847421612121 99 1
2454887.8315848377533257 17.5847421612121 99 1
2454887.8325101854279637 17.5847421612121 99 1
2454887.8334546294063330 17.6808529 0.1010360 0
2454888.6674447916448116 17.5601902 0.0340065 0
2454888.6683608796447515 17.6150532 0.0320099 0
2454888.6692607640288770 17.5784378 0.0310084 0
2454888.6701681711710989 17.5029926 0.0300121 0
2454888.6710802083835006 17.5238724 0.0310143 0
2454888.6719829859212041 17.5058899 0.0290054 0
2454888.6729060183279216 17.5497646 0.0330067 0
2454888.6738012731075287 17.4930687 0.0280115 0
2454888.6747040511108935 17.5486679 0.0310146 0
2454888.6756184026598930 17.5756721 0.0300060 0
2454888.6765431715175509 17.5341988 0.0290073 0
2454888.6774395834654570 17.5697651 0.0290073 0
2454888.6895935186184943 17.5975056 0.0340027 0
2454888.6905084489844739 17.5103035 0.0280037 0
2454888.6914349538274109 17.5415478 0.0300041 0
2454888.6923412038013339 17.5088444 0.0330053 0
2454888.6932462961412966 17.5056572 0.0330034 0
2454888.6941357636824250 17.5854778 0.0390029 0
2454888.6950402776710689 17.5423050 0.0380027 0
2454888.6959453704766929 17.5811596 0.0390032 0
2454888.6968608796596527 17.5757523 0.0360029 0
2454888.7025194442830980 17.6037426 0.0660041 0
2454888.7034413195215166 17.5847421612121 99 1
2454888.7043498842976987 17.5847421612121 99 1
2454888.7072759261354804 17.6563244 0.0730028 0
2454888.7081872685812414 17.5847421612121 99 1
2454888.7090981481596828 17.6825695 0.0870034 0
2454888.7100136573426425 17.5847421612121 99 1
2454888.7109413193538785 17.5847421612121 99 1
2454888.7118799770250916 17.5549526 0.0830040 0
2454888.7128006946295500 17.5847421612121 99 1
2454888.7137162038125098 17.5847421612121 99 1
2454888.7146427081897855 17.5847421612121 99 1
2454888.7155553242191672 17.5847421612121 99 1
2454888.7165379631333053 17.6525307 0.0940026 0
2454888.7174476850777864 17.5847421612121 99 1
2454888.7183736111037433 17.5847421612121 99 1
2454888.7193006942979991 17.5847421612121 99 1
2454888.7211502315476537 17.5847421612121 99 1
2454888.7220478011295199 17.5847421612121 99 1
2454888.7229563659057021 17.5847421612121 99 1
2454888.7238770835101604 17.5847421612121 99 1
2454888.7247787038795650 17.5847421612121 99 1
2454888.7256785877980292 17.5847421612121 99 1
2454888.7266351850703359 17.5847421612121 99 1
2454888.7275616899132729 17.5847421612121 99 1
2454888.7284939815290272 17.4698048 0.0640032 0
2454888.7294222223572433 17.6827984 0.0790025 0
2454888.7312717591412365 17.6223068 0.0800040 0
2454888.7321843751706183 17.5847421612121 99 1
2454888.7331114583648741 17.6527042 0.0650025 0
2454888.7340130787342787 17.5847421612121 99 1
2454888.7349737267941236 17.5505505 0.0530026 0
2454888.7358950232155621 17.6577988 0.0630033 0
2454888.7368302084505558 17.5114021 0.0510074 0
2454888.7377503472380340 17.5729332 0.0520034 0
2454888.7386693288572133 17.5746861 0.0520045 0
2454888.7395883100107312 17.6328278 0.0500051 0
2454888.7405211804434657 17.5791740 0.0480023 0
2454888.7414523148909211 17.6272469 0.0480032 0
2454888.7423770832829177 17.6510868 0.0500038 0
2454888.7433151621371508 17.6075325 0.0460034 0
2454888.7442549769766629 17.6329098 0.0480024 0
2454888.7451936341822147 17.6015434 0.0570034 0
2454888.7461322918534279 17.6541367 0.0600032 0
2454888.7470535878092051 17.6469784 0.0470038 0
2454888.7479812498204410 17.5275002 0.0610052 0
2454888.7489129630848765 17.5711060 0.0450020 0
2454888.7498718751594424 17.6374207 0.0530028 0
2454888.7507966435514390 17.5829105 0.0470028 0
2454888.7517289351671934 17.5527077 0.0440029 0
2454888.7526432871818542 17.7035942 0.0700043 0
2454888.7535784724168479 17.6449451 0.0490029 0
2454888.7545165508054197 17.5838623 0.0540036 0
2454888.7554476852528751 17.6518917 0.0470034 0
2454888.7563805556856096 17.5942440 0.0450037 0
2454888.7573082176968455 17.6974831 0.0540024 0
2454888.7582358797080815 17.6328850 0.0500040 0
2454888.7591681713238358 17.5953693 0.0470025 0
2454888.7600981481373310 17.5221615 0.0470031 0
2454888.7610315973870456 17.6226730 0.0450030 0
2454888.7619598377496004 17.5770836 0.0460039 0
2454888.7628956018015742 17.6590118 0.0530040 0
2454888.7638631942681968 17.6458702 0.0540028 0
2454888.7647983795031905 17.5793171 0.0470045 0
2454888.7657763888128102 17.5603275 0.0490041 0
2454888.7667086804285645 17.5696812 0.0530034 0
2454888.7676403936930001 17.5877495 0.0500102 0
2454888.7685732636600733 17.5950890 0.0480040 0
2454888.7696270835585892 17.6286297 0.0580037 0
2454888.7705732639878988 17.6321182 0.0620031 0
2454888.7715084492228925 17.6666546 0.0620034 0
2454888.7724303239956498 17.6846409 0.0660035 0
2454888.7733620372600853 17.6425228 0.0720050 0
2454888.7743105324916542 17.6490097 0.0590039 0
2454888.7761843749321997 17.5847421612121 99 1
2454888.7771444446407259 17.5847421612121 99 1
2454888.7781050927005708 17.5847421612121 99 1
2454888.7790119214914739 17.5847421612121 99 1
2454888.7799465279094875 17.5847421612121 99 1
2454888.7809378472156823 17.5354996 0.0460067 0
2454888.7818875000812113 17.5796909 0.0480109 0
2454888.7828354164958000 17.5847421612121 99 1
2454888.7837873841635883 17.5847421612121 99 1
2454888.7847306714393198 17.6483135 0.0510044 0
2454888.7856895835138857 17.6275425 0.0510034 0
2454888.7866369211114943 17.5750561 0.0450038 0
2454888.7875900464132428 17.6172676 0.0460070 0
2454888.7885396992787719 17.6490154 0.0510042 0
2454888.7894795136526227 17.6477470 0.0510066 0
