0.331707317073171
2454887.7398140048608184 18.2928410 0.0540023 0
2454887.7406988427974284 18.3156891 0.0530030 0
2454887.7416172455996275 18.2853756 0.0550051 0
2454887.7425315971486270 18.2324829 0.0500045 0
2454887.7434355323202908 18.2576389 0.0550030 0
2454887.7444280092604458 18.4275589 0.0610035 0
2454887.7453365740366280 18.3137417 0.0530033 0
2454887.7462584492750466 18.3991871 0.0570031 0
2454887.7471716436557472 18.2835445 0.0530029 0
2454887.7480946760624647 18.3045444 0.0530020 0
2454887.7490032408386469 18.2902622 0.0540022 0
2454887.7499204860068858 18.2935944 0.0570041 0
2454887.7508365740068257 18.3644123 0.0560022 0
2454887.7517543979920447 18.3385601 0.0580020 0
2454887.7526531252078712 18.3842487 0.0570022 0
2454887.7535726851783693 18.3105297 0.0560015 0
2454887.7544905091635883 18.3312721 0.0570023 0
2454887.7554083331488073 18.3899555 0.0660023 0
2454887.7563325231894851 18.3384686 0.0610041 0
2454887.7572474535554647 18.4337330 0.0700041 0
2454887.7581785880029202 18.3940449 0.0690020 0
2454887.7590917823836207 18.3597832 0.0680031 0
2454887.7600171295925975 18.2883224 0.0610020 0
2454887.7618961804546416 18.4715672 0.0680017 0
2454887.7627902776002884 18.3702354 0.0600072 0
2454887.7637017359957099 18.2838097 0.0560021 0
2454887.7646328704431653 18.3655434 0.0620032 0
2454887.7655541668646038 18.3405590 0.0650022 0
2454887.7664656247943640 18.3618221 0.0700018 0
2454887.7674204860813916 18.2152843 0.0670020 0
2454887.7683498840779066 18.2665272 0.0640016 0
2454887.7693741898983717 18.2757757926471 99 1
2454887.7705530091188848 18.3032913 0.0710023 0
2454887.7714465279132128 18.3145542 0.0640027 0
2454887.7723736111074686 18.2682552 0.0790013 0
2454887.7732908562757075 18.3220844 0.0680021 0
2454887.7742555555887520 18.2676811 0.0660016 0
2454887.7751803239807487 18.3216190 0.0780014 0
2454887.7761074071750045 18.3893452 0.0750016 0
2454887.7770414352416992 18.3121700 0.0740025 0
2454887.7779604168608785 18.4635735 0.0760018 0
2454887.7788863424211740 18.2817211 0.0640030 0
2454887.7798122684471309 18.3792553 0.0700016 0
2454887.7807370368391275 18.3307476 0.0680028 0
2454887.7817167825996876 18.2484283 0.0650023 0
2454887.7835888890549541 18.2757757926471 99 1
2454887.7844922454096377 18.2757757926471 99 1
2454887.7854181714355946 18.3672943 0.0830014 0
2454887.7863481482490897 18.2757757926471 99 1
2454887.7872862266376615 18.3099995 0.0830020 0
2454887.7882127314805984 18.3146629 0.0870016 0
2454887.7891357638873160 18.2757757926471 99 1
2454887.7900576386600733 18.2757757926471 99 1
2454887.7909748842939734 18.2757757926471 99 1
2454887.7919089118950069 18.2757757926471 99 1
2454887.7928527779877186 18.2757757926471 99 1
2454887.7937896992079914 18.2757757926471 99 1
2454887.7947162035852671 18.2757757926471 99 1
2454887.7956571760587394 18.2757757926471 99 1
2454887.7965848380699754 18.2757757926471 99 1
2454887.7975275460630655 18.2757757926471 99 1
2454887.7985703703016043 18.2757757926471 99 1
2454887.7997063659131527 18.2757757926471 99 1
2454887.8006496527232230 18.2757757926471 99 1
2454887.8016322916373610 18.2757757926471 99 1
2454887.8026537038385868 18.2757757926471 99 1
2454887.8036947916261852 18.2757757926471 99 1
2454887.8047144678421319 18.2757757926471 99 1
2454887.8056924766860902 18.2757757926471 99 1
2454887.8066947916522622 18.2757757926471 99 1
2454887.8085750001482666 18.2219028 0.1150020 0
2454887.8095032409764826 18.2757757926471 99 1
2454887.8114725695922971 18.2757757926471 99 1
2454887.8123961803503335 18.2757757926471 99 1
2454887.8133319444023073 18.2757757926471 99 1
2454887.8142671296373010 18.2757757926471 99 1
2454887.8152069444768131 18.2757757926471 99 1
2454887.8161473381333053 18.2757757926471 99 1
2454887.8170964121818542 18.2757757926471 99 1
2454887.8191074072383344 18.2757757926471 99 1
2454887.8200408564880490 18.2757757926471 99 1
2454887.8209934029728174 18.2757757926471 99 1
2454887.8219609954394400 18.2757757926471 99 1
2454887.8229123842902482 18.2757757926471 99 1
2454887.8238782407715917 18.2757757926471 99 1
2454887.8248504628427327 18.2757757926471 99 1
2454887.8258990738540888 18.2757757926471 99 1
2454887.8268562499433756 18.2757757926471 99 1
2454887.8278082176111639 18.2757757926471 99 1
2454887.8287613424472511 18.2757757926471 99 1
2454887.8297381945885718 18.2757757926471 99 1
2454887.8306537037715316 18.2757757926471 99 1
2454887.8315848377533257 18.2757757926471 99 1
2454887.8325101854279637 18.2757757926471 99 1
2454887.8334546294063330 18.2757757926471 99 1
2454888.6674447916448116 17.8081894 0.0460048 0
2454888.6683608796447515 18.1920547 0.0570056 0
2454888.6692607640288770 18.2524376 0.0570046 0
2454888.6701681711710989 18.1569939 0.0540067 0
2454888.6710802083835006 18.2948723 0.0620071 0
2454888.6719829859212041 18.1838894 0.0540029 0
2454888.6729060183279216 18.2757757926471 99 1
2454888.6738012731075287 18.1660690 0.0540060 0
2454888.6747040511108935 18.2757757926471 99 1
2454888.6756184026598930 18.2696724 0.0570032 0
2454888.6765431715175509 18.1621990 0.0530040 0
2454888.6774395834654570 18.2157650 0.0520041 0
2454888.6895935186184943 18.2765064 0.0660014 0
2454888.6905084489844739 18.2453041 0.0550019 0
2454888.6914349538274109 18.2565479 0.0590021 0
2454888.6923412038013339 18.1698437 0.0630028 0
2454888.6932462961412966 18.2246552 0.0650017 0
2454888.6941357636824250 17.7534790 0.0490023 0
2454888.6950402776710689 18.2757757926471 99 1
2454888.6959453704766929 18.1481590 0.0670018 0
2454888.6968608796596527 18.2747536 0.0690015 0
2454888.7025194442830980 18.2757757926471 99 1
2454888.7034413195215166 18.2757757926471 99 1
2454888.7043498842976987 18.2757757926471 99 1
2454888.7072759261354804 18.2757757926471 99 1
2454888.7081872685812414 18.3637447 0.1660018 0
2454888.7090981481596828 18.2757757926471 99 1
2454888.7100136573426425 18.2757757926471 99 1
2454888.7109413193538785 18.2757757926471 99 1
2454888.7118799770250916 18.2757757926471 99 1
2454888.7128006946295500 18.2757757926471 99 1
2454888.7137162038125098 18.2757757926471 99 1
2454888.7146427081897855 18.2757757926471 99 1
2454888.7155553242191672 18.2757757926471 99 1
2454888.7165379631333053 18.2757757926471 99 1
2454888.7174476850777864 18.2757757926471 99 1
2454888.7183736111037433 18.2757757926471 99 1
2454888.7193006942979991 18.2757757926471 99 1
2454888.7211502315476537 18.2757757926471 99 1
2454888.7220478011295199 18.2757757926471 99 1
2454888.7229563659057021 18.2757757926471 99 1
2454888.7238770835101604 18.2757757926471 99 1
2454888.7247787038795650 18.2757757926471 99 1
2454888.7256785877980292 18.2757757926471 99 1
2454888.7266351850703359 18.2757757926471 99 1
2454888.7275616899132729 18.2757757926471 99 1
2454888.7284939815290272 18.2757757926471 99 1
2454888.7294222223572433 18.2757757926471 99 1
2454888.7312717591412365 18.2757757926471 99 1
2454888.7321843751706183 18.2757757926471 99 1
2454888.7331114583648741 18.2757757926471 99 1
2454888.7340130787342787 18.2757757926471 99 1
2454888.7349737267941236 18.2757757926471 99 1
2454888.7358950232155621 18.2757757926471 99 1
2454888.7368302084505558 18.2757757926471 99 1
2454888.7377503472380340 18.2757757926471 99 1
2454888.7386693288572133 18.2757757926471 99 1
2454888.7395883100107312 18.2757757926471 99 1
2454888.7405211804434657 18.2757757926471 99 1
2454888.7414523148909211 18.2757757926471 99 1
2454888.7423770832829177 18.2757757926471 99 1
2454888.7433151621371508 18.2757757926471 99 1
2454888.7442549769766629 18.2757757926471 99 1
2454888.7451936341822147 18.2757757926471 99 1
2454888.7461322918534279 18.2757757926471 99 1
2454888.7470535878092051 18.2757757926471 99 1
2454888.7479812498204410 18.2757757926471 99 1
2454888.7489129630848765 18.2757757926471 99 1
2454888.7498718751594424 18.2757757926471 99 1
2454888.7507966435514390 18.2757757926471 99 1
2454888.7517289351671934 18.2757757926471 99 1
2454888.7526432871818542 18.2757757926471 99 1
2454888.7535784724168479 18.2757757926471 99 1
2454888.7545165508054197 18.2757757926471 99 1
2454888.7554476852528751 17.6158924 0.0520031 0
2454888.7563805556856096 18.2757757926471 99 1
2454888.7573082176968455 18.2757757926471 99 1
2454888.7582358797080815 18.2757757926471 99 1
2454888.7591681713238358 18.2757757926471 99 1
2454888.7600981481373310 18.2757757926471 99 1
2454888.7610315973870456 18.2757757926471 99 1
2454888.7619598377496004 18.2757757926471 99 1
2454888.7628956018015742 18.2757757926471 99 1
2454888.7638631942681968 18.2757757926471 99 1
2454888.7647983795031905 18.2757757926471 99 1
2454888.7657763888128102 18.2757757926471 99 1
2454888.7667086804285645 18.2757757926471 99 1
2454888.7676403936930001 18.2757757926471 99 1
2454888.7685732636600733 18.2757757926471 99 1
2454888.7696270835585892 18.2757757926471 99 1
2454888.7705732639878988 18.2757757926471 99 1
2454888.7715084492228925 18.2757757926471 99 1
2454888.7724303239956498 18.2757757926471 99 1
2454888.7733620372600853 18.2757757926471 99 1
2454888.7743105324916542 18.2757757926471 99 1
2454888.7761843749321997 18.2757757926471 99 1
2454888.7771444446407259 18.2757757926471 99 1
2454888.7781050927005708 18.2757757926471 99 1
2454888.7790119214914739 18.2757757926471 99 1
2454888.7799465279094875 18.2757757926471 99 1
2454888.7809378472156823 18.2757757926471 99 1
2454888.7818875000812113 18.2757757926471 99 1
2454888.7828354164958000 18.2757757926471 99 1
2454888.7837873841635883 18.2757757926471 99 1
2454888.7847306714393198 18.2757757926471 99 1
2454888.7856895835138857 18.2757757926471 99 1
2454888.7866369211114943 18.2757757926471 99 1
2454888.7875900464132428 18.2757757926471 99 1
2454888.7885396992787719 18.2757757926471 99 1
2454888.7894795136526227 18.2757757926471 99 1
