0.975609756097561
2454887.7398140048608184 15.6008425 0.0080156 0
2454887.7406988427974284 15.5996904 0.0080200 0
2454887.7416172455996275 15.5823755 0.0080350 0
2454887.7425315971486270 15.6054821 0.0080283 0
2454887.7434355323202908 15.6056395 0.0080207 0
2454887.7444280092604458 15.5995579 0.0090240 0
2454887.7453365740366280 15.5797415 0.0080220 0
2454887.7462584492750466 15.6021872 0.0080220 0
2454887.7471716436557472 15.5885429 0.0080190 0
2454887.7480946760624647 15.5985451 0.0080129 0
2454887.7490032408386469 15.5862608 0.0080146 0
2454887.7499204860068858 15.5965939 0.0080293 0
2454887.7508365740068257 15.5964117 0.0080151 0
2454887.7517543979920447 15.6045589 0.0080145 0
2454887.7526531252078712 15.5952473 0.0080154 0
2454887.7535726851783693 15.5945311 0.0080103 0
2454887.7544905091635883 15.5902729 0.0080165 0
2454887.7554083331488073 15.5899553 0.0090167 0
2454887.7563325231894851 15.5884676 0.0090277 0
2454887.7572474535554647 15.5727329 0.0090315 0
2454887.7581785880029202 15.5990448 0.0090151 0
2454887.7590917823836207 15.5967827 0.0090230 0
2454887.7600171295925975 15.5953236 0.0090138 0
2454887.7618961804546416 15.5945673 0.0090125 0
2454887.7627902776002884 15.5982361 0.0090482 0
2454887.7637017359957099 15.5828104 0.0090129 0
2454887.7646328704431653 15.5785427 0.0090220 0
2454887.7655541668646038 15.5935564 0.0090162 0
2454887.7664656247943640 15.5918236 0.0090141 0
2454887.7674204860813916 15.5882835 0.0090147 0
2454887.7683498840779066 15.5875292 0.0090110 0
2454887.7693741898983717 15.5815382 0.0090128 0
2454887.7705530091188848 15.5942907 0.0090182 0
2454887.7714465279132128 15.5965557 0.0090190 0
2454887.7723736111074686 15.5842552 0.0090116 0
2454887.7732908562757075 15.5940838 0.0090159 0
2454887.7742555555887520 15.5906820 0.0090119 0
2454887.7751803239807487 15.5966206 0.0090124 0
2454887.7761074071750045 15.5963449 0.0090135 0
2454887.7770414352416992 15.5891705 0.0090204 0
2454887.7779604168608785 15.5925741 0.0090153 0
2454887.7788863424211740 15.6037207 0.0090214 0
2454887.7798122684471309 15.5872555 0.0090126 0
2454887.7807370368391275 15.5857458 0.0090215 0
2454887.7817167825996876 15.5814295 0.0090163 0
2454887.7835888890549541 15.6026287 0.0100353 0
2454887.7844922454096377 15.6032839 0.0100430 0
2454887.7854181714355946 15.6042948 0.0090133 0
2454887.7863481482490897 15.5824137 0.0090136 0
2454887.7872862266376615 15.5979986 0.0090185 0
2454887.7882127314805984 15.5886621 0.0100136 0
2454887.7891357638873160 15.5979347 0.0130127 0
2454887.7900576386600733 15.6089087 0.0130219 0
2454887.7909748842939734 15.6128616 0.0100204 0
2454887.7919089118950069 15.5944510 0.0110209 0
2454887.7928527779877186 15.5913906 0.0100189 0
2454887.7937896992079914 15.6044550 0.0100168 0
2454887.7947162035852671 15.6002874 0.0110143 0
2454887.7956571760587394 15.5951195 0.0120128 0
2454887.7965848380699754 15.5754881 0.0110200 0
2454887.7975275460630655 15.5790052 0.0100274 0
2454887.7985703703016043 15.5735159 0.0110184 0
2454887.7997063659131527 15.6009512 0.0110192 0
2454887.8006496527232230 15.6148596 0.0120664 0
2454887.8016322916373610 15.6138916 0.0110174 0
2454887.8026537038385868 15.5902376 0.0110135 0
2454887.8036947916261852 15.5878677 0.0120191 0
2454887.8047144678421319 15.5961676 0.0120209 0
2454887.8056924766860902 15.6115284 0.0120197 0
2454887.8066947916522622 15.6387482 0.0120188 0
2454887.8085750001482666 15.6189041 0.0130179 0
2454887.8095032409764826 15.5726490 0.0110168 0
2454887.8114725695922971 15.5982561 0.0120290 0
2454887.8123961803503335 15.6156082 0.0120191 0
2454887.8133319444023073 15.6023493 0.0120264 0
2454887.8142671296373010 15.5849400 0.0130218 0
2454887.8152069444768131 15.6019268 0.0130245 0
2454887.8161473381333053 15.6313725 0.0140224 0
2454887.8170964121818542 15.6364260 0.0140333 0
2454887.8191074072383344 15.6004200 0.0130192 0
2454887.8200408564880490 15.6246243 0.0140660 0
2454887.8209934029728174 15.5807142 0.0140553 0
2454887.8219609954394400 15.5753641 0.0130232 0
2454887.8229123842902482 15.6074667 0.0140261 0
2454887.8238782407715917 15.6066322 0.0150321 0
2454887.8248504628427327 15.5976686 0.0150567 0
2454887.8258990738540888 15.5839233 0.0200365 0
2454887.8268562499433756 15.6061010 0.0170782 0
2454887.8278082176111639 15.5799036 0.0160273 0
2454887.8287613424472511 15.5783606 0.0190536 0
2454887.8297381945885718 15.5883417 0.0190280 0
2454887.8306537037715316 15.6014481 0.0171113 0
2454887.8315848377533257 15.6004620 0.0210307 0
2454887.8325101854279637 15.6120653 0.0210491 0
2454887.8334546294063330 15.5978537 0.0201809 0
2454888.6674447916448116 15.5981884 0.0090246 0
2454888.6683608796447515 15.6090555 0.0090353 0
2454888.6692607640288770 15.5874376 0.0080325 0
2454888.6701681711710989 15.6009932 0.0090403 0
2454888.6710802083835006 15.5818701 0.0090491 0
2454888.6719829859212041 15.6038895 0.0080195 0
2454888.6729060183279216 15.6037655 0.0090244 0
2454888.6738012731075287 15.6070681 0.0080402 0
2454888.6747040511108935 15.6006670 0.0090503 0
2454888.6756184026598930 15.6116724 0.0080226 0
2454888.6765431715175509 15.6071997 0.0080266 0
2454888.6774395834654570 15.6087656 0.0080263 0
2454888.6895935186184943 15.6075068 0.0090102 0
2454888.6905084489844739 15.6113024 0.0080128 0
2454888.6914349538274109 15.6065464 0.0090135 0
2454888.6923412038013339 15.6008444 0.0090193 0
2454888.6932462961412966 15.6106567 0.0090124 0
2454888.6941357636824250 15.5964775 0.0090124 0
2454888.6950402776710689 15.6243048 0.0100104 0
2454888.6959453704766929 15.5831575 0.0100123 0
2454888.6968608796596527 15.6147537 0.0090116 0
2454888.7025194442830980 15.5967417 0.0140193 0
2454888.7034413195215166 15.5958633 0.0150152 0
2454888.7043498842976987 15.5800600 0.0160142 0
2454888.7072759261354804 15.5933228 0.0150135 0
2454888.7081872685812414 15.5997438 0.0150195 0
2454888.7090981481596828 15.6005716 0.0160182 0
2454888.7100136573426425 15.5735302 0.0200163 0
2454888.7109413193538785 15.6089392 0.0190187 0
2454888.7118799770250916 15.5999517 0.0180186 0
2454888.7128006946295500 15.5803776 0.0210211 0
2454888.7137162038125098 15.6330595 0.0190155 0
2454888.7146427081897855 15.6211042 0.0180292 0
2454888.7155553242191672 15.6419601 0.0200441 0
2454888.7165379631333053 15.5835285 0.0170144 0
2454888.7174476850777864 15.6033182 0.0190227 0
2454888.7183736111037433 15.6147442 0.0220151 0
2454888.7193006942979991 15.6073971 0.0200199 0
2454888.7211502315476537 15.5988522 0.0270295 0
2454888.7220478011295199 15.5881157 0.0360258 0
2454888.7229563659057021 15.5480814 0.0430268 0
2454888.7238770835101604 15.600463798 99 1
2454888.7247787038795650 15.6744986 0.0580278 0
2454888.7256785877980292 15.6076298 0.0310294 0
2454888.7266351850703359 15.6079559 0.0190122 0
2454888.7275616899132729 15.5822487 0.0170131 0
2454888.7284939815290272 15.6158047 0.0150138 0
2454888.7294222223572433 15.6027985 0.0160124 0
2454888.7312717591412365 15.5953064 0.0170189 0
2454888.7321843751706183 15.6029844 0.0150182 0
2454888.7331114583648741 15.6397038 0.0140117 0
2454888.7340130787342787 15.6101732 0.0130101 0
2454888.7349737267941236 15.6135502 0.0120113 0
2454888.7358950232155621 15.6157999 0.0140148 0
2454888.7368302084505558 15.5884027 0.0120314 0
2454888.7377503472380340 15.6209345 0.0120147 0
2454888.7386693288572133 15.6176834 0.0120196 0
2454888.7395883100107312 15.6178265 0.0110233 0
2454888.7405211804434657 15.6211748 0.0110099 0
2454888.7414523148909211 15.6192465 0.0110138 0
2454888.7423770832829177 15.6190863 0.0110172 0
2454888.7433151621371508 15.6155319 0.0110142 0
2454888.7442549769766629 15.6049109 0.0110105 0
2454888.7451936341822147 15.6225424 0.0120162 0
2454888.7461322918534279 15.6271381 0.0130146 0
2454888.7470535878092051 15.6189766 0.0110162 0
2454888.7479812498204410 15.6095009 0.0140227 0
2454888.7489129630848765 15.6241045 0.0110084 0
2454888.7498718751594424 15.6324205 0.0110134 0
2454888.7507966435514390 15.6019106 0.0110118 0
2454888.7517289351671934 15.6127071 0.0110115 0
2454888.7526432871818542 15.6145945 0.0130231 0
2454888.7535784724168479 15.6119471 0.0110131 0
2454888.7545165508054197 15.6238613 0.0120163 0
2454888.7554476852528751 15.6018906 0.0100161 0
2454888.7563805556856096 15.6032438 0.0100167 0
2454888.7573082176968455 15.6084843 0.0110118 0
2454888.7582358797080815 15.5998831 0.0110181 0
2454888.7591681713238358 15.5983696 0.0100116 0
2454888.7600981481373310 15.6061611 0.0110133 0
2454888.7610315973870456 15.5996752 0.0100135 0
2454888.7619598377496004 15.5960836 0.0110162 0
2454888.7628956018015742 15.5790110 0.0110194 0
2454888.7638631942681968 15.6028700 0.0120125 0
2454888.7647983795031905 15.6013165 0.0110191 0
2454888.7657763888128102 15.6093273 0.0110182 0
2454888.7667086804285645 15.6126823 0.0120150 0
2454888.7676403936930001 15.5837479 0.0110462 0
2454888.7685732636600733 15.5940876 0.0110175 0
2454888.7696270835585892 15.6106300 0.0120180 0
2454888.7705732639878988 15.6001177 0.0120162 0
2454888.7715084492228925 15.6166553 0.0120173 0
2454888.7724303239956498 15.6076412 0.0130176 0
2454888.7733620372600853 15.6015215 0.0140257 0
2454888.7743105324916542 15.5850086 0.0120192 0
2454888.7761843749321997 15.5664320 0.0190252 0
2454888.7771444446407259 15.5849352 0.0262407 0
2454888.7781050927005708 15.5493755 0.0461031 0
2454888.7790119214914739 15.600463798 99 1
2454888.7799465279094875 15.600463798 99 1
2454888.7809378472156823 15.5845003 0.0110279 0
2454888.7818875000812113 15.5876894 0.0110474 0
2454888.7828354164958000 15.600463798 99 1
2454888.7837873841635883 15.600463798 99 1
2454888.7847306714393198 15.6063137 0.0110202 0
2454888.7856895835138857 15.6275406 0.0110159 0
2454888.7866369211114943 15.5990562 0.0110154 0
2454888.7875900464132428 15.5962677 0.0100320 0
2454888.7885396992787719 15.6110144 0.0110193 0
2454888.7894795136526227 15.5937481 0.0110307 0
