0.595121951219512
2454887.7398140048608184 17.9318409 0.0370034 0
2454887.7406988427974284 17.8966885 0.0360045 0
2454887.7416172455996275 17.9223766 0.0370076 0
2454887.7425315971486270 17.9144840 0.0380060 0
2454887.7434355323202908 17.9076385 0.0360046 0
2454887.7444280092604458 17.9085598 0.0370058 0
2454887.7453365740366280 17.9257412 0.0370048 0
2454887.7462584492750466 17.8801880 0.0350050 0
2454887.7471716436557472 17.8955441 0.0360042 0
2454887.7480946760624647 17.9105453 0.0370028 0
2454887.7490032408386469 17.9042625 0.0360032 0
2454887.7499204860068858 17.9245949 0.0380062 0
2454887.7508365740068257 17.9084110 0.0370033 0
2454887.7517543979920447 17.9045601 0.0370031 0
2454887.7526531252078712 17.9182491 0.0380032 0
2454887.7535726851783693 17.9035301 0.0390021 0
2454887.7544905091635883 17.8782730 0.0360037 0
2454887.7554083331488073 17.8989544 0.0410037 0
2454887.7563325231894851 17.9144688 0.0400063 0
2454887.7572474535554647 17.9587326 0.0420068 0
2454887.7581785880029202 17.8870449 0.0410033 0
2454887.7590917823836207 17.9247837 0.0420049 0
2454887.7600171295925975 17.9063225 0.0400031 0
2454887.7618961804546416 17.9355679 0.0410027 0
2454887.7627902776002884 17.9012356 0.0380114 0
2454887.7637017359957099 17.8968086 0.0390030 0
2454887.7646328704431653 17.8695431 0.0380052 0
2454887.7655541668646038 17.8995590 0.0410036 0
2454887.7664656247943640 17.8458214 0.0410031 0
2454887.7674204860813916 17.9382839 0.0470028 0
2454887.7683498840779066 17.9515285 0.0460022 0
2454887.7693741898983717 17.9215393 0.0480024 0
2454887.7705530091188848 17.8882904 0.0450037 0
2454887.7714465279132128 17.9555550 0.0460037 0
2454887.7723736111074686 17.9492550 0.0510021 0
2454887.7732908562757075 17.9020844 0.0450032 0
2454887.7742555555887520 17.8936806 0.0440024 0
2454887.7751803239807487 17.9636192 0.0500022 0
2454887.7761074071750045 17.8403454 0.0430028 0
2454887.7770414352416992 17.9251690 0.0480038 0
2454887.7779604168608785 17.8855743 0.0430032 0
2454887.7788863424211740 17.9067211 0.0430045 0
2454887.7798122684471309 17.8762550 0.0410028 0
2454887.7807370368391275 17.8947468 0.0440044 0
2454887.7817167825996876 17.9044285 0.0440033 0
2454887.7835888890549541 17.8506298 0.0500071 0
2454887.7844922454096377 17.8742847 0.0530081 0
2454887.7854181714355946 17.8142929 0.0470025 0
2454887.7863481482490897 17.8904152 0.0480025 0
2454887.7872862266376615 17.8809986 0.0510033 0
2454887.7882127314805984 17.8206635 0.0480028 0
2454887.7891357638873160 17.8972301459016 99 1
2454887.7900576386600733 17.8489094 0.0720039 0
2454887.7909748842939734 17.9078617 0.0540038 0
2454887.7919089118950069 17.8444538 0.0560041 0
2454887.7928527779877186 17.8523903 0.0520036 0
2454887.7937896992079914 17.9374561 0.0580029 0
2454887.7947162035852671 17.8682880 0.0560028 0
2454887.7956571760587394 17.8972301459016 99 1
2454887.7965848380699754 17.7864895 0.0540041 0
2454887.7975275460630655 17.8930054 0.0570048 0
2454887.7985703703016043 17.8165150 0.0600034 0
2454887.7997063659131527 17.8972301459016 99 1
2454887.8006496527232230 17.9298573 0.0670119 0
2454887.8016322916373610 17.8972301459016 99 1
2454887.8026537038385868 17.8582382 0.0600025 0
2454887.8036947916261852 17.8518677 0.0650035 0
2454887.8047144678421319 17.8972301459016 99 1
2454887.8056924766860902 17.8165283 0.0630038 0
2454887.8066947916522622 17.8972301459016 99 1
2454887.8085750001482666 17.8972301459016 99 1
2454887.8095032409764826 17.8972301459016 99 1
2454887.8114725695922971 17.8972301459016 99 1
2454887.8123961803503335 17.8972301459016 99 1
2454887.8133319444023073 17.8103504 0.0650049 0
2454887.8142671296373010 17.8972301459016 99 1
2454887.8152069444768131 17.9339275 0.0790040 0
2454887.8161473381333053 17.9233723 0.0790040 0
2454887.8170964121818542 17.8972301459016 99 1
2454887.8191074072383344 17.8972301459016 99 1
2454887.8200408564880490 17.8972301459016 99 1
2454887.8209934029728174 17.8972301459016 99 1
2454887.8219609954394400 17.8972301459016 99 1
2454887.8229123842902482 17.8344669 0.0810045 0
2454887.8238782407715917 17.8972301459016 99 1
2454887.8248504628427327 17.8972301459016 99 1
2454887.8258990738540888 17.8972301459016 99 1
2454887.8268562499433756 17.8972301459016 99 1
2454887.8278082176111639 17.8972301459016 99 1
2454887.8287613424472511 17.8972301459016 99 1
2454887.8297381945885718 17.8972301459016 99 1
2454887.8306537037715316 17.8972301459016 99 1
2454887.8315848377533257 17.8972301459016 99 1
2454887.8325101854279637 17.8972301459016 99 1
2454887.8334546294063330 17.8972301459016 99 1
2454888.6674447916448116 17.8381901 0.0420053 0
2454888.6683608796447515 17.8640537 0.0380084 0
2454888.6692607640288770 17.8854389 0.0370070 0
2454888.6701681711710989 17.8699932 0.0390093 0
2454888.6710802083835006 17.8258724 0.0360123 0
2454888.6719829859212041 17.9108887 0.0400039 0
2454888.6729060183279216 17.8987637 0.0410054 0
2454888.6738012731075287 17.8190689 0.0360090 0
2454888.6747040511108935 17.8686676 0.0380119 0
2454888.6756184026598930 17.9196720 0.0390046 0
2454888.6765431715175509 17.8781986 0.0380056 0
2454888.6774395834654570 17.9147644 0.0360059 0
2454888.6895935186184943 17.8645058 0.0410022 0
2454888.6905084489844739 17.8373032 0.0350029 0
2454888.6914349538274109 17.8155479 0.0360034 0
2454888.6923412038013339 17.8248444 0.0410043 0
2454888.6932462961412966 17.8966560 0.0430026 0
2454888.6941357636824250 17.8914776 0.0480023 0
2454888.6950402776710689 17.9443054 0.0510020 0
2454888.6959453704766929 17.9111595 0.0460027 0
2454888.6968608796596527 17.9087524 0.0450023 0
2454888.7025194442830980 17.9797421 0.0930029 0
2454888.7034413195215166 17.8972301459016 99 1
2454888.7043498842976987 17.8972301459016 99 1
2454888.7072759261354804 17.8972301459016 99 1
2454888.7081872685812414 17.8972301459016 99 1
2454888.7090981481596828 17.8972301459016 99 1
2454888.7100136573426425 17.8972301459016 99 1
2454888.7109413193538785 17.8972301459016 99 1
2454888.7118799770250916 17.8972301459016 99 1
2454888.7128006946295500 17.8972301459016 99 1
2454888.7137162038125098 17.8972301459016 99 1
2454888.7146427081897855 17.8972301459016 99 1
2454888.7155553242191672 17.8972301459016 99 1
2454888.7165379631333053 17.8972301459016 99 1
2454888.7174476850777864 17.8972301459016 99 1
2454888.7183736111037433 17.8972301459016 99 1
2454888.7193006942979991 17.8972301459016 99 1
2454888.7211502315476537 17.8972301459016 99 1
2454888.7220478011295199 17.8972301459016 99 1
2454888.7229563659057021 17.8972301459016 99 1
2454888.7238770835101604 17.8972301459016 99 1
2454888.7247787038795650 17.8972301459016 99 1
2454888.7256785877980292 17.8972301459016 99 1
2454888.7266351850703359 17.8972301459016 99 1
2454888.7275616899132729 17.8972301459016 99 1
2454888.7284939815290272 17.8972301459016 99 1
2454888.7294222223572433 17.8972301459016 99 1
2454888.7312717591412365 17.8972301459016 99 1
2454888.7321843751706183 17.8972301459016 99 1
2454888.7331114583648741 17.8972301459016 99 1
2454888.7340130787342787 17.8972301459016 99 1
2454888.7349737267941236 17.8355503 0.0660020 0
2454888.7358950232155621 17.8972301459016 99 1
2454888.7368302084505558 17.8972301459016 99 1
2454888.7377503472380340 17.8529339 0.0610029 0
2454888.7386693288572133 17.8996830 0.0720033 0
2454888.7395883100107312 17.9018269 0.0630041 0
2454888.7405211804434657 17.9161739 0.0640017 0
2454888.7414523148909211 17.9052467 0.0590026 0
2454888.7423770832829177 17.8660870 0.0570033 0
2454888.7433151621371508 17.9165306 0.0580027 0
2454888.7442549769766629 17.9349098 0.0590020 0
2454888.7451936341822147 17.8705425 0.0670029 0
2454888.7461322918534279 17.8972301459016 99 1
2454888.7470535878092051 17.9559784 0.0600030 0
2454888.7479812498204410 17.8972301459016 99 1
2454888.7489129630848765 17.8141060 0.0530017 0
2454888.7498718751594424 17.9764194 0.0680022 0
2454888.7507966435514390 17.9139118 0.0620021 0
2454888.7517289351671934 17.8972301459016 99 1
2454888.7526432871818542 18.0945950 0.0920033 0
2454888.7535784724168479 17.8972301459016 99 1
2454888.7545165508054197 17.8228607 0.0650030 0
2454888.7554476852528751 17.9558926 0.0600027 0
2454888.7563805556856096 17.9522438 0.0600028 0
2454888.7573082176968455 17.8972301459016 99 1
2454888.7582358797080815 17.8972301459016 99 1
2454888.7591681713238358 17.8972301459016 99 1
2454888.7600981481373310 17.8581619 0.0600024 0
2454888.7610315973870456 17.8816738 0.0530026 0
2454888.7619598377496004 18.0380840 0.0640028 0
2454888.7628956018015742 17.8200130 0.0580037 0
2454888.7638631942681968 17.8972301459016 99 1
2454888.7647983795031905 17.8972301459016 99 1
2454888.7657763888128102 17.9333286 0.0620032 0
2454888.7667086804285645 17.8972301459016 99 1
2454888.7676403936930001 18.0067482 0.0660077 0
2454888.7685732636600733 17.9290886 0.0600032 0
2454888.7696270835585892 17.9216309 0.0740029 0
2454888.7705732639878988 17.8972301459016 99 1
2454888.7715084492228925 17.8972301459016 99 1
2454888.7724303239956498 17.8972301459016 99 1
2454888.7733620372600853 17.8972301459016 99 1
2454888.7743105324916542 17.8972301459016 99 1
2454888.7761843749321997 17.8972301459016 99 1
2454888.7771444446407259 17.8972301459016 99 1
2454888.7781050927005708 17.8972301459016 99 1
2454888.7790119214914739 17.8972301459016 99 1
2454888.7799465279094875 17.8972301459016 99 1
2454888.7809378472156823 17.8972301459016 99 1
2454888.7818875000812113 17.9466915 0.0590089 0
2454888.7828354164958000 17.8972301459016 99 1
2454888.7837873841635883 17.8972301459016 99 1
2454888.7847306714393198 17.8972301459016 99 1
2454888.7856895835138857 17.9515438 0.0640027 0
2454888.7866369211114943 18.0290565 0.0660026 0
2454888.7875900464132428 17.9262676 0.0580055 0
2454888.7885396992787719 17.8940144 0.0580037 0
2454888.7894795136526227 17.8557472 0.0570059 0
