0.985365853658537
2454887.7398140048608184 14.9678421 0.0060208 0
2454887.7406988427974284 14.9746904 0.0060267 0
2454887.7416172455996275 14.9873753 0.0060466 0
2454887.7425315971486270 14.9864826 0.0060377 0
2454887.7434355323202908 14.9756393 0.0060276 0
2454887.7444280092604458 14.9805574 0.0060360 0
2454887.7453365740366280 14.9717417 0.0060293 0
2454887.7462584492750466 14.9771872 0.0060292 0
2454887.7471716436557472 14.9725428 0.0060253 0
2454887.7480946760624647 14.9805450 0.0060172 0
2454887.7490032408386469 14.9782610 0.0060194 0
2454887.7499204860068858 14.9725943 0.0060390 0
2454887.7508365740068257 14.9754114 0.0060201 0
2454887.7517543979920447 14.9755592 0.0060194 0
2454887.7526531252078712 14.9752474 0.0060205 0
2454887.7535726851783693 14.9745312 0.0060137 0
2454887.7544905091635883 14.9672728 0.0060220 0
2454887.7554083331488073 14.9729548 0.0060251 0
2454887.7563325231894851 14.9864683 0.0060415 0
2454887.7572474535554647 14.9757328 0.0060472 0
2454887.7581785880029202 14.9650450 0.0060226 0
2454887.7590917823836207 14.9647827 0.0060344 0
2454887.7600171295925975 14.9673243 0.0060206 0
2454887.7618961804546416 14.9775667 0.0060187 0
2454887.7627902776002884 14.9842367 0.0060721 0
2454887.7637017359957099 14.9568100 0.0060193 0
2454887.7646328704431653 14.9635429 0.0060330 0
2454887.7655541668646038 14.9625568 0.0060243 0
2454887.7664656247943640 14.9898233 0.0070181 0
2454887.7674204860813916 14.9642839 0.0060220 0
2454887.7683498840779066 14.9615297 0.0060165 0
2454887.7693741898983717 14.9685383 0.0060192 0
2454887.7705530091188848 14.9722910 0.0060273 0
2454887.7714465279132128 14.9625559 0.0060285 0
2454887.7723736111074686 14.9662552 0.0070150 0
2454887.7732908562757075 14.9670839 0.0070204 0
2454887.7742555555887520 14.9676819 0.0060178 0
2454887.7751803239807487 14.9686203 0.0060186 0
2454887.7761074071750045 14.9753456 0.0070174 0
2454887.7770414352416992 14.9731703 0.0060306 0
2454887.7779604168608785 14.9745741 0.0070197 0
2454887.7788863424211740 14.9877205 0.0070275 0
2454887.7798122684471309 14.9682560 0.0060188 0
2454887.7807370368391275 14.9647465 0.0060322 0
2454887.7817167825996876 14.9674292 0.0070209 0
2454887.7835888890549541 14.9746284 0.0070503 0
2454887.7844922454096377 14.9762840 0.0070612 0
2454887.7854181714355946 14.9642944 0.0060199 0
2454887.7863481482490897 14.9624138 0.0060203 0
2454887.7872862266376615 14.9639988 0.0060277 0
2454887.7882127314805984 14.9816618 0.0070194 0
2454887.7891357638873160 14.9829350 0.0080207 0
2454887.7900576386600733 14.9789095 0.0080355 0
2454887.7909748842939734 14.9748611 0.0070292 0
2454887.7919089118950069 14.9734516 0.0070328 0
2454887.7928527779877186 14.9773912 0.0070270 0
2454887.7937896992079914 14.9664545 0.0070239 0
2454887.7947162035852671 14.9632874 0.0070224 0
2454887.7956571760587394 14.9561195 0.0080192 0
2454887.7965848380699754 14.9594889 0.0070313 0
2454887.7975275460630655 14.9440050 0.0070391 0
2454887.7985703703016043 14.9655151 0.0070288 0
2454887.7997063659131527 14.9529505 0.0070301 0
2454887.8006496527232230 15.0008602 0.0080993 0
2454887.8016322916373610 14.9548912 0.0070273 0
2454887.8026537038385868 14.9512377 0.0070212 0
2454887.8036947916261852 14.9518681 0.0070327 0
2454887.8047144678421319 14.9441681 0.0080313 0
2454887.8056924766860902 14.9755287 0.0080295 0
2454887.8066947916522622 14.9527473 0.0070322 0
2454887.8085750001482666 14.9659042 0.0080291 0
2454887.8095032409764826 14.9596491 0.0070264 0
2454887.8114725695922971 14.9632568 0.0080435 0
2454887.8123961803503335 14.9636078 0.0080286 0
2454887.8133319444023073 14.9953489 0.0080396 0
2454887.8142671296373010 14.9759398 0.0080354 0
2454887.8152069444768131 14.9519272 0.0080397 0
2454887.8161473381333053 14.9813728 0.0080391 0
2454887.8170964121818542 14.9864254 0.0090517 0
2454887.8191074072383344 14.9674206 0.0080311 0
2454887.8200408564880490 14.9726238 0.0091024 0
2454887.8209934029728174 14.9797144 0.0090858 0
2454887.8219609954394400 14.9583635 0.0080377 0
2454887.8229123842902482 14.9714670 0.0080455 0
2454887.8238782407715917 14.9876328 0.0090535 0
2454887.8248504628427327 14.9806681 0.0090942 0
2454887.8258990738540888 14.9759235 0.0110662 0
2454887.8268562499433756 14.9941015 0.0101324 0
2454887.8278082176111639 14.9449034 0.0100437 0
2454887.8287613424472511 14.9653606 0.0101015 0
2454887.8297381945885718 14.9723415 0.0100531 0
2454887.8306537037715316 15.0064478 0.0111713 0
2454887.8315848377533257 14.9624624 0.0110586 0
2454887.8325101854279637 14.9740648 0.0120857 0
2454887.8334546294063330 14.9948540 0.0113256 0
2454888.6674447916448116 14.9571886 0.0060368 0
2454888.6683608796447515 14.9610548 0.0060528 0
2454888.6692607640288770 14.9624376 0.0060433 0
2454888.6701681711710989 14.9479933 0.0060602 0
2454888.6710802083835006 14.9478703 0.0060734 0
2454888.6719829859212041 14.9578896 0.0060260 0
2454888.6729060183279216 14.9577656 0.0060366 0
2454888.6738012731075287 14.9540682 0.0060536 0
2454888.6747040511108935 14.9526672 0.0060752 0
2454888.6756184026598930 14.9696732 0.0060301 0
2454888.6765431715175509 14.9702005 0.0060354 0
2454888.6774395834654570 14.9717655 0.0060350 0
2454888.6895935186184943 14.9635067 0.0060152 0
2454888.6905084489844739 14.9613028 0.0060171 0
2454888.6914349538274109 14.9605465 0.0060202 0
2454888.6923412038013339 14.9628448 0.0060290 0
2454888.6932462961412966 14.9676561 0.0060186 0
2454888.6941357636824250 14.9644775 0.0060187 0
2454888.6950402776710689 14.9703045 0.0070149 0
2454888.6959453704766929 14.9671574 0.0070175 0
2454888.6968608796596527 14.9777546 0.0060173 0
2454888.7025194442830980 14.9767418 0.0090300 0
2454888.7034413195215166 14.9858637 0.0100227 0
2454888.7043498842976987 14.9850597 0.0100227 0
2454888.7072759261354804 14.9713230 0.0090224 0
2454888.7081872685812414 14.9797440 0.0090325 0
2454888.7090981481596828 14.9675722 0.0100291 0
2454888.7100136573426425 14.9805298 0.0120272 0
2454888.7109413193538785 14.9539394 0.0110323 0
2454888.7118799770250916 14.9719515 0.0110304 0
2454888.7128006946295500 14.9653778 0.0130341 0
2454888.7137162038125098 14.9740591 0.0120245 0
2454888.7146427081897855 14.9651051 0.0110478 0
2454888.7155553242191672 14.9969606 0.0120734 0
2454888.7165379631333053 14.9925289 0.0110223 0
2454888.7174476850777864 14.9783182 0.0120359 0
2454888.7183736111037433 14.9857445 0.0130256 0
2454888.7193006942979991 14.9843969 0.0120331 0
2454888.7211502315476537 14.9328518 0.0160497 0
2454888.7220478011295199 15.0121155 0.0210442 0
2454888.7229563659057021 14.9840813 0.0260443 0
2454888.7238770835101604 14.9998331 0.0460589 0
2454888.7247787038795650 14.9554987 0.0300538 0
2454888.7256785877980292 14.9836292 0.0180505 0
2454888.7266351850703359 14.9609556 0.0120193 0
2454888.7275616899132729 14.9592485 0.0100223 0
2454888.7284939815290272 14.9928045 0.0100207 0
2454888.7294222223572433 14.9717979 0.0100198 0
2454888.7312717591412365 14.9583063 0.0100321 0
2454888.7321843751706183 14.9689846 0.0090303 0
2454888.7331114583648741 14.9707031 0.0090182 0
2454888.7340130787342787 14.9791737 0.0080164 0
2454888.7349737267941236 14.9585505 0.0080169 0
2454888.7358950232155621 14.9728003 0.0080259 0
2454888.7368302084505558 14.9384031 0.0080471 0
2454888.7377503472380340 14.9609346 0.0080220 0
2454888.7386693288572133 14.9656830 0.0070335 0
2454888.7395883100107312 14.9548264 0.0070365 0
2454888.7405211804434657 14.9831743 0.0070156 0
2454888.7414523148909211 14.9602470 0.0070217 0
2454888.7423770832829177 14.9820862 0.0070270 0
2454888.7433151621371508 14.9625311 0.0070223 0
2454888.7442549769766629 14.9729109 0.0070164 0
2454888.7451936341822147 14.9665432 0.0070278 0
2454888.7461322918534279 14.9721384 0.0080236 0
2454888.7470535878092051 14.9479771 0.0070254 0
2454888.7479812498204410 14.9455004 0.0080397 0
2454888.7489129630848765 14.9571047 0.0070131 0
2454888.7498718751594424 14.9654207 0.0070210 0
2454888.7507966435514390 14.9559107 0.0070185 0
2454888.7517289351671934 14.9587078 0.0070180 0
2454888.7526432871818542 14.9585943 0.0080375 0
2454888.7535784724168479 14.9609470 0.0070206 0
2454888.7545165508054197 14.9708614 0.0070279 0
2454888.7554476852528751 14.9568901 0.0070230 0
2454888.7563805556856096 14.9562445 0.0070238 0
2454888.7573082176968455 14.9534845 0.0070185 0
2454888.7582358797080815 14.9568834 0.0070284 0
2454888.7591681713238358 14.9693699 0.0070166 0
2454888.7600981481373310 14.9491606 0.0070209 0
2454888.7610315973870456 14.9566746 0.0070193 0
2454888.7619598377496004 14.9540834 0.0070255 0
2454888.7628956018015742 14.9600115 0.0070304 0
2454888.7638631942681968 14.9608698 0.0080188 0
2454888.7647983795031905 14.9523163 0.0070300 0
2454888.7657763888128102 14.9503288 0.0070285 0
2454888.7667086804285645 14.9626818 0.0080226 0
2454888.7676403936930001 14.9487476 0.0070724 0
2454888.7685732636600733 14.9490871 0.0070275 0
2454888.7696270835585892 14.9686298 0.0070309 0
2454888.7705732639878988 14.9551182 0.0070278 0
2454888.7715084492228925 14.9636545 0.0080260 0
2454888.7724303239956498 14.9566412 0.0080286 0
2454888.7733620372600853 14.9665222 0.0090399 0
2454888.7743105324916542 14.9600086 0.0070329 0
2454888.7761843749321997 14.9614325 0.0120399 0
2454888.7771444446407259 14.9169359 0.0144422 0
2454888.7781050927005708 14.8813763 0.0212249 0
2454888.7790119214914739 14.9358435 0.0483033 0
2454888.7799465279094875 14.9669972574257 99 1
2454888.7809378472156823 14.9585009 0.0070437 0
2454888.7818875000812113 14.9426889 0.0070743 0
2454888.7828354164958000 14.9669972574257 99 1
2454888.7837873841635883 14.9669972574257 99 1
2454888.7847306714393198 14.9773130 0.0070317 0
2454888.7856895835138857 14.9505405 0.0070249 0
2454888.7866369211114943 14.9640560 0.0070241 0
2454888.7875900464132428 14.9442682 0.0070457 0
2454888.7885396992787719 14.9610147 0.0070303 0
2454888.7894795136526227 14.9367476 0.0070481 0
