0.453658536585366
2454887.7398140048608184 17.9708405 0.0390032 0
2454887.7406988427974284 17.9816895 0.0380042 0
2454887.7416172455996275 17.9503765 0.0380074 0
2454887.7425315971486270 17.9424839 0.0390058 0
2454887.7434355323202908 18.0026379 0.0400041 0
2454887.7444280092604458 17.8825588 0.0360060 0
2454887.7453365740366280 17.9027405 0.0360049 0
2454887.7462584492750466 17.8701878 0.0340052 0
2454887.7471716436557472 17.8765430 0.0350043 0
2454887.7480946760624647 17.9565449 0.0390027 0
2454887.7490032408386469 17.9332619 0.0380031 0
2454887.7499204860068858 17.9255943 0.0380062 0
2454887.7508365740068257 17.9044113 0.0360033 0
2454887.7517543979920447 17.9245605 0.0380031 0
2454887.7526531252078712 17.9882488 0.0410030 0
2454887.7535726851783693 17.8885288 0.0380022 0
2454887.7544905091635883 17.9212723 0.0380035 0
2454887.7554083331488073 17.9339542 0.0420036 0
2454887.7563325231894851 18.0024681 0.0410061 0
2454887.7572474535554647 17.9007320 0.0430066 0
2454887.7581785880029202 17.9000454 0.0420032 0
2454887.7590917823836207 18.0037842 0.0460045 0
2454887.7600171295925975 17.9433231 0.0400031 0
2454887.7618961804546416 17.9735661 0.0420027 0
2454887.7627902776002884 17.9762363 0.0400109 0
2454887.7637017359957099 17.9158096 0.0400029 0
2454887.7646328704431653 17.9325447 0.0400050 0
2454887.7655541668646038 18.0115585 0.0470031 0
2454887.7664656247943640 17.9198227 0.0450028 0
2454887.7674204860813916 17.8862839 0.0430031 0
2454887.7683498840779066 17.9295273 0.0450022 0
2454887.7693741898983717 17.9905396 0.0500023 0
2454887.7705530091188848 17.8772907 0.0440037 0
2454887.7714465279132128 17.9685535 0.0450038 0
2454887.7723736111074686 17.9982548 0.0560019 0
2454887.7732908562757075 17.9130840 0.0440032 0
2454887.7742555555887520 17.9816818 0.0500021 0
2454887.7751803239807487 17.8906193 0.0480023 0
2454887.7761074071750045 17.8473454 0.0430028 0
2454887.7770414352416992 17.9011707 0.0470039 0
2454887.7779604168608785 17.9975739 0.0480029 0
2454887.7788863424211740 17.9687195 0.0460042 0
2454887.7798122684471309 17.8982563 0.0410028 0
2454887.7807370368391275 17.9877472 0.0470041 0
2454887.7817167825996876 17.9774284 0.0480031 0
2454887.7835888890549541 17.9226284 0.0530067 0
2454887.7844922454096377 18.0262852 0.0610071 0
2454887.7854181714355946 17.9602928 0.0510023 0
2454887.7863481482490897 17.9404144 0.0490025 0
2454887.7872862266376615 18.0569992 0.0580029 0
2454887.7882127314805984 17.8546638 0.0520026 0
2454887.7891357638873160 17.9348922247312 99 1
2454887.7900576386600733 17.9348922247312 99 1
2454887.7909748842939734 17.9298611 0.0560037 0
2454887.7919089118950069 17.9348922247312 99 1
2454887.7928527779877186 17.9053917 0.0550034 0
2454887.7937896992079914 17.9194565 0.0540031 0
2454887.7947162035852671 17.9492874 0.0590027 0
2454887.7956571760587394 17.9011173 0.0680023 0
2454887.7965848380699754 17.9494877 0.0640034 0
2454887.7975275460630655 17.8790054 0.0570048 0
2454887.7985703703016043 17.9385147 0.0640032 0
2454887.7997063659131527 17.8789520 0.0640033 0
2454887.8006496527232230 17.9248581 0.0670119 0
2454887.8016322916373610 18.0348911 0.0690028 0
2454887.8026537038385868 18.0142384 0.0690022 0
2454887.8036947916261852 17.9348922247312 99 1
2454887.8047144678421319 17.9531670 0.0740034 0
2454887.8056924766860902 17.9348922247312 99 1
2454887.8066947916522622 17.9348922247312 99 1
2454887.8085750001482666 17.9348922247312 99 1
2454887.8095032409764826 17.9348922247312 99 1
2454887.8114725695922971 17.9348922247312 99 1
2454887.8123961803503335 17.9348922247312 99 1
2454887.8133319444023073 17.9348922247312 99 1
2454887.8142671296373010 17.9619408 0.0840034 0
2454887.8152069444768131 17.9348922247312 99 1
2454887.8161473381333053 17.9293728 0.0800039 0
2454887.8170964121818542 17.9348922247312 99 1
2454887.8191074072383344 17.9348922247312 99 1
2454887.8200408564880490 17.9348922247312 99 1
2454887.8209934029728174 17.9348922247312 99 1
2454887.8219609954394400 17.9348922247312 99 1
2454887.8229123842902482 17.9348922247312 99 1
2454887.8238782407715917 17.9348922247312 99 1
2454887.8248504628427327 17.9348922247312 99 1
2454887.8258990738540888 17.9348922247312 99 1
2454887.8268562499433756 17.9348922247312 99 1
2454887.8278082176111639 17.9348922247312 99 1
2454887.8287613424472511 17.9348922247312 99 1
2454887.8297381945885718 17.9348922247312 99 1
2454887.8306537037715316 17.9348922247312 99 1
2454887.8315848377533257 17.9348922247312 99 1
2454887.8325101854279637 17.9348922247312 99 1
2454887.8334546294063330 17.9348922247312 99 1
2454888.6674447916448116 17.9348922247312 99 1
2454888.6683608796447515 17.9348922247312 99 1
2454888.6692607640288770 17.9348922247312 99 1
2454888.6701681711710989 17.9348922247312 99 1
2454888.6710802083835006 17.9348922247312 99 1
2454888.6719829859212041 17.9348922247312 99 1
2454888.6729060183279216 17.9348922247312 99 1
2454888.6738012731075287 17.9348922247312 99 1
2454888.6747040511108935 17.9348922247312 99 1
2454888.6756184026598930 17.9348922247312 99 1
2454888.6765431715175509 17.9348922247312 99 1
2454888.6774395834654570 17.9348922247312 99 1
2454888.6895935186184943 17.9348922247312 99 1
2454888.6905084489844739 17.9348922247312 99 1
2454888.6914349538274109 17.9348922247312 99 1
2454888.6923412038013339 17.9348922247312 99 1
2454888.6932462961412966 17.9348922247312 99 1
2454888.6941357636824250 17.9348922247312 99 1
2454888.6950402776710689 17.9348922247312 99 1
2454888.6959453704766929 17.9348922247312 99 1
2454888.6968608796596527 17.9348922247312 99 1
2454888.7025194442830980 17.9348922247312 99 1
2454888.7034413195215166 17.9348922247312 99 1
2454888.7043498842976987 17.9348922247312 99 1
2454888.7072759261354804 17.9348922247312 99 1
2454888.7081872685812414 17.9348922247312 99 1
2454888.7090981481596828 17.9348922247312 99 1
2454888.7100136573426425 17.9348922247312 99 1
2454888.7109413193538785 17.9348922247312 99 1
2454888.7118799770250916 17.9348922247312 99 1
2454888.7128006946295500 17.9348922247312 99 1
2454888.7137162038125098 17.9348922247312 99 1
2454888.7146427081897855 17.9348922247312 99 1
2454888.7155553242191672 17.9348922247312 99 1
2454888.7165379631333053 17.9348922247312 99 1
2454888.7174476850777864 17.9348922247312 99 1
2454888.7183736111037433 17.9348922247312 99 1
2454888.7193006942979991 17.9348922247312 99 1
2454888.7211502315476537 17.9348922247312 99 1
2454888.7220478011295199 17.9348922247312 99 1
2454888.7229563659057021 17.9348922247312 99 1
2454888.7238770835101604 17.9348922247312 99 1
2454888.7247787038795650 17.9348922247312 99 1
2454888.7256785877980292 17.9348922247312 99 1
2454888.7266351850703359 17.9348922247312 99 1
2454888.7275616899132729 17.9348922247312 99 1
2454888.7284939815290272 17.9348922247312 99 1
2454888.7294222223572433 17.9348922247312 99 1
2454888.7312717591412365 17.9348922247312 99 1
2454888.7321843751706183 17.9348922247312 99 1
2454888.7331114583648741 17.9348922247312 99 1
2454888.7340130787342787 17.9348922247312 99 1
2454888.7349737267941236 17.8725510 0.0680020 0
2454888.7358950232155621 17.9348922247312 99 1
2454888.7368302084505558 17.9348922247312 99 1
2454888.7377503472380340 17.9348922247312 99 1
2454888.7386693288572133 18.0296841 0.0790030 0
2454888.7395883100107312 17.9348922247312 99 1
2454888.7405211804434657 17.9348922247312 99 1
2454888.7414523148909211 17.8832474 0.0560027 0
2454888.7423770832829177 17.8830872 0.0590032 0
2454888.7433151621371508 17.9348922247312 99 1
2454888.7442549769766629 17.8659096 0.0580020 0
2454888.7451936341822147 17.9348922247312 99 1
2454888.7461322918534279 17.9348922247312 99 1
2454888.7470535878092051 17.8529778 0.0540033 0
2454888.7479812498204410 17.8524990 0.0780041 0
2454888.7489129630848765 17.8791065 0.0560016 0
2454888.7498718751594424 17.9934196 0.0720020 0
2454888.7507966435514390 17.9348922247312 99 1
2454888.7517289351671934 17.9447060 0.0600021 0
2454888.7526432871818542 17.9575958 0.0830036 0
2454888.7535784724168479 17.8909454 0.0580025 0
2454888.7545165508054197 17.9348922247312 99 1
2454888.7554476852528751 17.9338913 0.0560029 0
2454888.7563805556856096 17.9402447 0.0580029 0
2454888.7573082176968455 17.9348922247312 99 1
2454888.7582358797080815 17.9348922247312 99 1
2454888.7591681713238358 18.0323696 0.0650018 0
2454888.7600981481373310 17.9711609 0.0660022 0
2454888.7610315973870456 17.9456749 0.0580023 0
2454888.7619598377496004 17.9348922247312 99 1
2454888.7628956018015742 17.9348922247312 99 1
2454888.7638631942681968 17.9348922247312 99 1
2454888.7647983795031905 17.8763161 0.0580036 0
2454888.7657763888128102 17.9348922247312 99 1
2454888.7667086804285645 17.9348922247312 99 1
2454888.7676403936930001 17.9348922247312 99 1
2454888.7685732636600733 17.9270878 0.0630031 0
2454888.7696270835585892 17.9348922247312 99 1
2454888.7705732639878988 17.9348922247312 99 1
2454888.7715084492228925 17.9348922247312 99 1
2454888.7724303239956498 17.9636421 0.0860027 0
2454888.7733620372600853 17.9348922247312 99 1
2454888.7743105324916542 17.9348922247312 99 1
2454888.7761843749321997 17.9348922247312 99 1
2454888.7771444446407259 17.9348922247312 99 1
2454888.7781050927005708 17.9348922247312 99 1
2454888.7790119214914739 17.9348922247312 99 1
2454888.7799465279094875 17.9348922247312 99 1
2454888.7809378472156823 17.9348922247312 99 1
2454888.7818875000812113 17.9176903 0.0610086 0
2454888.7828354164958000 17.9348922247312 99 1
2454888.7837873841635883 17.9348922247312 99 1
2454888.7847306714393198 17.8563137 0.0600037 0
2454888.7856895835138857 17.9155426 0.0620028 0
2454888.7866369211114943 17.9350567 0.0610028 0
2454888.7875900464132428 17.8242664 0.0550058 0
2454888.7885396992787719 17.9150143 0.0590036 0
2454888.7894795136526227 18.0037479 0.0660051 0
