0.882926829268293
2454887.7398140048608184 17.2248421 0.0220057 0
2454887.7406988427974284 17.2006893 0.0220073 0
2454887.7416172455996275 17.1913757 0.0220128 0
2454887.7425315971486270 17.2164841 0.0220103 0
2454887.7434355323202908 17.2226391 0.0220075 0
2454887.7444280092604458 17.2285595 0.0230094 0
2454887.7453365740366280 17.2307415 0.0220080 0
2454887.7462584492750466 17.2741871 0.0220080 0
2454887.7471716436557472 17.2545433 0.0230066 0
2454887.7480946760624647 17.2415447 0.0240043 0
2454887.7490032408386469 17.2072620 0.0220053 0
2454887.7499204860068858 17.2265949 0.0230102 0
2454887.7508365740068257 17.2414112 0.0230052 0
2454887.7517543979920447 17.2835598 0.0240049 0
2454887.7526531252078712 17.2632484 0.0240051 0
2454887.7535726851783693 17.2685299 0.0240034 0
2454887.7544905091635883 17.2562733 0.0240055 0
2454887.7554083331488073 17.2739544 0.0260058 0
2454887.7563325231894851 17.2364674 0.0240104 0
2454887.7572474535554647 17.2807331 0.0270105 0
2454887.7581785880029202 17.2700443 0.0270050 0
2454887.7590917823836207 17.2567825 0.0260080 0
2454887.7600171295925975 17.2423229 0.0240052 0
2454887.7618961804546416 17.2525673 0.0240047 0
2454887.7627902776002884 17.2472363 0.0240181 0
2454887.7637017359957099 17.2308102 0.0240048 0
2454887.7646328704431653 17.2325439 0.0250079 0
2454887.7655541668646038 17.1765575 0.0250058 0
2454887.7664656247943640 17.2358227 0.0270047 0
2454887.7674204860813916 17.1852837 0.0270049 0
2454887.7683498840779066 17.2345276 0.0270037 0
2454887.7693741898983717 17.2105389 0.0280041 0
2454887.7705530091188848 17.2082901 0.0260063 0
2454887.7714465279132128 17.2185535 0.0260066 0
2454887.7723736111074686 17.2772541 0.0300035 0
2454887.7732908562757075 17.2370853 0.0270053 0
2454887.7742555555887520 17.2176819 0.0270040 0
2454887.7751803239807487 17.2256203 0.0270041 0
2454887.7761074071750045 17.2143459 0.0280043 0
2454887.7770414352416992 17.2381687 0.0280066 0
2454887.7779604168608785 17.2425728 0.0270051 0
2454887.7788863424211740 17.2437210 0.0260074 0
2454887.7798122684471309 17.2432556 0.0260044 0
2454887.7807370368391275 17.2147465 0.0260074 0
2454887.7817167825996876 17.2414284 0.0270054 0
2454887.7835888890549541 17.2646294 0.0320110 0
2454887.7844922454096377 17.2342854 0.0330130 0
2454887.7854181714355946 17.2022934 0.0280043 0
2454887.7863481482490897 17.2164135 0.0280044 0
2454887.7872862266376615 17.2139988 0.0300056 0
2454887.7882127314805984 17.2226639 0.0310044 0
2454887.7891357638873160 17.2199345 0.0400041 0
2454887.7900576386600733 17.1969090 0.0390073 0
2454887.7909748842939734 17.2408619 0.0310066 0
2454887.7919089118950069 17.2604542 0.0350066 0
2454887.7928527779877186 17.2223911 0.0330057 0
2454887.7937896992079914 17.2184563 0.0320052 0
2454887.7947162035852671 17.2282887 0.0330048 0
2454887.7956571760587394 17.2211189 0.0420037 0
2454887.7965848380699754 17.2084885 0.0340065 0
2454887.7975275460630655 17.2330055 0.0330083 0
2454887.7985703703016043 17.2565155 0.0360056 0
2454887.7997063659131527 17.1429520 0.0340062 0
2454887.8006496527232230 17.2458572 0.0370216 0
2454887.8016322916373610 17.2448902 0.0350055 0
2454887.8026537038385868 17.1892395 0.0350042 0
2454887.8036947916261852 17.2038689 0.0350065 0
2454887.8047144678421319 17.2501678 0.0400063 0
2454887.8056924766860902 17.1855278 0.0380062 0
2454887.8066947916522622 17.2017479 0.0400057 0
2454887.8085750001482666 17.1949024 0.0420055 0
2454887.8095032409764826 17.2966480 0.0400046 0
2454887.8114725695922971 17.2522564 0.0450077 0
2454887.8123961803503335 17.1336079 0.0400057 0
2454887.8133319444023073 17.2163506 0.0390081 0
2454887.8142671296373010 17.2229404 0.0440064 0
2454887.8152069444768131 17.2129269 0.0430074 0
2454887.8161473381333053 17.2503719 0.0480065 0
2454887.8170964121818542 17.1954269 0.0460101 0
2454887.8191074072383344 17.2404194 0.0460054 0
2454887.8200408564880490 17.1686249 0.0480193 0
2454887.8209934029728174 17.1847134 0.0490158 0
2454887.8219609954394400 17.2653637 0.0500060 0
2454887.8229123842902482 17.2164669 0.0470078 0
2454887.8238782407715917 17.1456318 0.0460105 0
2454887.8248504628427327 17.3426685 0.0620137 0
2454887.8258990738540888 17.2257710972376 99 1
2454887.8268562499433756 17.2721004 0.0650205 0
2454887.8278082176111639 17.2589035 0.0570077 0
2454887.8287613424472511 17.2463608 0.0730140 0
2454887.8297381945885718 17.2953415 0.0690077 0
2454887.8306537037715316 17.2257710972376 99 1
2454887.8315848377533257 17.2994595 0.0730088 0
2454887.8325101854279637 17.2257710972376 99 1
2454887.8334546294063330 17.3068523 0.0760478 0
2454888.6674447916448116 17.1771889 0.0250089 0
2454888.6683608796447515 17.1870537 0.0230138 0
2454888.6692607640288770 17.2144375 0.0240109 0
2454888.6701681711710989 17.2499924 0.0240151 0
2454888.6710802083835006 17.1908722 0.0230193 0
2454888.6719829859212041 17.2238884 0.0230068 0
2454888.6729060183279216 17.1867638 0.0240092 0
2454888.6738012731075287 17.2200699 0.0230140 0
2454888.6747040511108935 17.1956673 0.0240189 0
2454888.6756184026598930 17.2126713 0.0220082 0
2454888.6765431715175509 17.2231998 0.0230093 0
2454888.6774395834654570 17.2337646 0.0230092 0
2454888.6895935186184943 17.2325058 0.0250037 0
2454888.6905084489844739 17.2383041 0.0230045 0
2454888.6914349538274109 17.2375469 0.0240051 0
2454888.6923412038013339 17.1758442 0.0240073 0
2454888.6932462961412966 17.2536545 0.0260043 0
2454888.6941357636824250 17.2394791 0.0290039 0
2454888.6950402776710689 17.2353058 0.0290036 0
2454888.6959453704766929 17.2381592 0.0280044 0
2454888.6968608796596527 17.2797527 0.0280037 0
2454888.7025194442830980 17.2257710972376 99 1
2454888.7034413195215166 17.2088642 0.0530043 0
2454888.7043498842976987 17.1770592 0.0530043 0
2454888.7072759261354804 17.2653255 0.0510040 0
2454888.7081872685812414 17.3307438 0.0580050 0
2454888.7090981481596828 17.2465725 0.0580050 0
2454888.7100136573426425 17.2635307 0.0760043 0
2454888.7109413193538785 17.2249393 0.0640056 0
2454888.7118799770250916 17.2257710972376 99 1
2454888.7128006946295500 17.0703773 0.0700063 0
2454888.7137162038125098 17.2257710972376 99 1
2454888.7146427081897855 17.2441044 0.0660080 0
2454888.7155553242191672 17.1419601 0.0660134 0
2454888.7165379631333053 17.1795292 0.0640038 0
2454888.7174476850777864 17.2257710972376 99 1
2454888.7183736111037433 17.2367458 0.0860039 0
2454888.7193006942979991 17.2257710972376 99 1
2454888.7211502315476537 17.2257710972376 99 1
2454888.7220478011295199 17.2257710972376 99 1
2454888.7229563659057021 17.2257710972376 99 1
2454888.7238770835101604 17.2257710972376 99 1
2454888.7247787038795650 17.2257710972376 99 1
2454888.7256785877980292 17.2257710972376 99 1
2454888.7266351850703359 17.2257710972376 99 1
2454888.7275616899132729 17.2257710972376 99 1
2454888.7284939815290272 17.3118057 0.0540038 0
2454888.7294222223572433 17.1647987 0.0510039 0
2454888.7312717591412365 17.2923069 0.0630051 0
2454888.7321843751706183 17.1839828 0.0520053 0
2454888.7331114583648741 17.2427044 0.0450037 0
2454888.7340130787342787 17.2257710972376 99 1
2454888.7349737267941236 17.1815510 0.0380036 0
2454888.7358950232155621 17.1887989 0.0430048 0
2454888.7368302084505558 17.2334023 0.0400094 0
2454888.7377503472380340 17.2449341 0.0380046 0
2454888.7386693288572133 17.2506847 0.0400059 0
2454888.7395883100107312 17.1608276 0.0330078 0
2454888.7405211804434657 17.2141743 0.0350031 0
2454888.7414523148909211 17.2632465 0.0350043 0
2454888.7423770832829177 17.1990871 0.0340056 0
2454888.7433151621371508 17.2345314 0.0350045 0
2454888.7442549769766629 17.1209106 0.0320036 0
2454888.7451936341822147 17.2035427 0.0380051 0
2454888.7461322918534279 17.2871361 0.0420045 0
2454888.7470535878092051 17.1989784 0.0320056 0
2454888.7479812498204410 17.1935005 0.0460069 0
2454888.7489129630848765 17.2601070 0.0340027 0
2454888.7498718751594424 17.2294197 0.0370040 0
2454888.7507966435514390 17.1999111 0.0350037 0
2454888.7517289351671934 17.2287064 0.0340037 0
2454888.7526432871818542 17.2215958 0.0430070 0
2454888.7535784724168479 17.2059460 0.0340042 0
2454888.7545165508054197 17.2258606 0.0400049 0
2454888.7554476852528751 17.2248917 0.0330049 0
2454888.7563805556856096 17.2352448 0.0320052 0
2454888.7573082176968455 17.2174835 0.0360036 0
2454888.7582358797080815 17.2378845 0.0360055 0
2454888.7591681713238358 17.2023697 0.0330035 0
2454888.7600981481373310 17.2291622 0.0360041 0
2454888.7610315973870456 17.2616749 0.0340040 0
2454888.7619598377496004 17.2010841 0.0330054 0
2454888.7628956018015742 17.1540127 0.0330065 0
2454888.7638631942681968 17.2888699 0.0390039 0
2454888.7647983795031905 17.2103157 0.0340062 0
2454888.7657763888128102 17.2533283 0.0350057 0
2454888.7667086804285645 17.2876797 0.0410044 0
2454888.7676403936930001 17.2207489 0.0340150 0
2454888.7685732636600733 17.2150879 0.0350055 0
2454888.7696270835585892 17.2046299 0.0400054 0
2454888.7705732639878988 17.1721172 0.0400049 0
2454888.7715084492228925 17.1716537 0.0400052 0
2454888.7724303239956498 17.1986408 0.0430053 0
2454888.7733620372600853 17.2355213 0.0470077 0
2454888.7743105324916542 17.2100086 0.0400058 0
2454888.7761843749321997 17.2257710972376 99 1
2454888.7771444446407259 17.2257710972376 99 1
2454888.7781050927005708 17.2257710972376 99 1
2454888.7790119214914739 17.2257710972376 99 1
2454888.7799465279094875 17.2257710972376 99 1
2454888.7809378472156823 17.1894989 0.0340090 0
2454888.7818875000812113 17.2196903 0.0330158 0
2454888.7828354164958000 17.2257710972376 99 1
2454888.7837873841635883 17.2257710972376 99 1
2454888.7847306714393198 17.1963139 0.0340065 0
2454888.7856895835138857 17.2095432 0.0340051 0
2454888.7866369211114943 17.2270565 0.0340050 0
2454888.7875900464132428 17.2112675 0.0320100 0
2454888.7885396992787719 17.2230148 0.0360059 0
2454888.7894795136526227 17.2127476 0.0350096 0
