0.941463414634146
2454887.7398140048608184 16.6448421 0.0150083 0
2454887.7406988427974284 16.6426888 0.0150107 0
2454887.7416172455996275 16.6523762 0.0150187 0
2454887.7425315971486270 16.6634827 0.0160142 0
2454887.7434355323202908 16.6746387 0.0160104 0
2454887.7444280092604458 16.6505585 0.0160135 0
2454887.7453365740366280 16.6727409 0.0160110 0
2454887.7462584492750466 16.6471863 0.0150117 0
2454887.7471716436557472 16.6675434 0.0160095 0
2454887.7480946760624647 16.6625443 0.0160065 0
2454887.7490032408386469 16.6522617 0.0160073 0
2454887.7499204860068858 16.6675949 0.0160147 0
2454887.7508365740068257 16.6574116 0.0150080 0
2454887.7517543979920447 16.6525593 0.0160073 0
2454887.7526531252078712 16.6462498 0.0160077 0
2454887.7535726851783693 16.6585293 0.0160051 0
2454887.7544905091635883 16.6552715 0.0160083 0
2454887.7554083331488073 16.6769562 0.0170089 0
2454887.7563325231894851 16.6354675 0.0160156 0
2454887.7572474535554647 16.6457329 0.0170167 0
2454887.7581785880029202 16.6650448 0.0170080 0
2454887.7590917823836207 16.6367836 0.0170122 0
2454887.7600171295925975 16.6553230 0.0170073 0
2454887.7618961804546416 16.6565666 0.0160070 0
2454887.7627902776002884 16.6332359 0.0160272 0
2454887.7637017359957099 16.6608086 0.0160073 0
2454887.7646328704431653 16.6745453 0.0160124 0
2454887.7655541668646038 16.6555576 0.0180081 0
2454887.7664656247943640 16.6428223 0.0180071 0
2454887.7674204860813916 16.6342831 0.0180073 0
2454887.7683498840779066 16.6475277 0.0170058 0
2454887.7693741898983717 16.6725388 0.0190061 0
2454887.7705530091188848 16.6402912 0.0180091 0
2454887.7714465279132128 16.6445541 0.0170101 0
2454887.7723736111074686 16.6782551 0.0190055 0
2454887.7732908562757075 16.6400833 0.0180079 0
2454887.7742555555887520 16.6566811 0.0180059 0
2454887.7751803239807487 16.6646194 0.0190059 0
2454887.7761074071750045 16.6413441 0.0180068 0
2454887.7770414352416992 16.6491718 0.0190097 0
2454887.7779604168608785 16.6565723 0.0180077 0
2454887.7788863424211740 16.6657200 0.0180107 0
2454887.7798122684471309 16.6432552 0.0170067 0
2454887.7807370368391275 16.6447468 0.0180108 0
2454887.7817167825996876 16.6414280 0.0180082 0
2454887.7835888890549541 16.6546288 0.0200177 0
2454887.7844922454096377 16.6292839 0.0200215 0
2454887.7854181714355946 16.6622944 0.0190063 0
2454887.7863481482490897 16.6804142 0.0190064 0
2454887.7872862266376615 16.6649990 0.0190088 0
2454887.7882127314805984 16.6616631 0.0200068 0
2454887.7891357638873160 16.6509342 0.0260064 0
2454887.7900576386600733 16.6509094 0.0260109 0
2454887.7909748842939734 16.6488628 0.0200102 0
2454887.7919089118950069 16.6394520 0.0220105 0
2454887.7928527779877186 16.6713905 0.0210090 0
2454887.7937896992079914 16.6364555 0.0210080 0
2454887.7947162035852671 16.6742878 0.0220071 0
2454887.7956571760587394 16.6281185 0.0260059 0
2454887.7965848380699754 16.6674881 0.0230095 0
2454887.7975275460630655 16.6820049 0.0220125 0
2454887.7985703703016043 16.6295166 0.0230088 0
2454887.7997063659131527 16.6469517 0.0240088 0
2454887.8006496527232230 16.6398582 0.0220363 0
2454887.8016322916373610 16.6778908 0.0230083 0
2454887.8026537038385868 16.6732388 0.0240062 0
2454887.8036947916261852 16.6708679 0.0250092 0
2454887.8047144678421319 16.6771679 0.0250100 0
2454887.8056924766860902 16.7125282 0.0270088 0
2454887.8066947916522622 16.7347469 0.0270084 0
2454887.8085750001482666 16.6769028 0.0260090 0
2454887.8095032409764826 16.6876469 0.0240077 0
2454887.8114725695922971 16.7162571 0.0290120 0
2454887.8123961803503335 16.7226086 0.0280082 0
2454887.8133319444023073 16.6703510 0.0250127 0
2454887.8142671296373010 16.6539402 0.0280101 0
2454887.8152069444768131 16.6679268 0.0280114 0
2454887.8161473381333053 16.6743717 0.0300105 0
2454887.8170964121818542 16.6544285 0.0300155 0
2454887.8191074072383344 16.6764183 0.0290086 0
2454887.8200408564880490 16.6616249 0.0310299 0
2454887.8209934029728174 16.6427135 0.0310250 0
2454887.8219609954394400 16.6523647 0.0300101 0
2454887.8229123842902482 16.6804676 0.0300122 0
2454887.8238782407715917 16.6546307 0.0310156 0
2454887.8248504628427327 16.6746693 0.0360237 0
2454887.8258990738540888 16.7279263 0.0460159 0
2454887.8268562499433756 16.6350994 0.0380351 0
2454887.8278082176111639 16.6839027 0.0370118 0
2454887.8287613424472511 16.7073612 0.0470217 0
2454887.8297381945885718 16.7653427 0.0470113 0
2454887.8306537037715316 16.6034470 0.0390487 0
2454887.8315848377533257 16.6304607 0.0430150 0
2454887.8325101854279637 16.6910648 0.0490211 0
2454887.8334546294063330 16.6048527 0.0400908 0
2454888.6674447916448116 16.6571884 0.0170130 0
2454888.6683608796447515 16.6350555 0.0160199 0
2454888.6692607640288770 16.6414375 0.0160163 0
2454888.6701681711710989 16.6369934 0.0160227 0
2454888.6710802083835006 16.6588726 0.0160277 0
2454888.6719829859212041 16.6438904 0.0160098 0
2454888.6729060183279216 16.6287651 0.0170129 0
2454888.6738012731075287 16.6570683 0.0160202 0
2454888.6747040511108935 16.6806679 0.0170267 0
2454888.6756184026598930 16.6506729 0.0150121 0
2454888.6765431715175509 16.6581993 0.0160133 0
2454888.6774395834654570 16.6347656 0.0150140 0
2454888.6895935186184943 16.6325054 0.0170054 0
2454888.6905084489844739 16.6483021 0.0160064 0
2454888.6914349538274109 16.6395473 0.0160076 0
2454888.6923412038013339 16.6548443 0.0180097 0
2454888.6932462961412966 16.6746559 0.0180062 0
2454888.6941357636824250 16.6404781 0.0190059 0
2454888.6950402776710689 16.6553059 0.0190055 0
2454888.6959453704766929 16.6401577 0.0180068 0
2454888.6968608796596527 16.6567535 0.0180058 0
2454888.7025194442830980 16.6757412 0.0310087 0
2454888.7034413195215166 16.7468643 0.0350065 0
2454888.7043498842976987 16.6740589 0.0350065 0
2454888.7072759261354804 16.7033253 0.0330061 0
2454888.7081872685812414 16.5967445 0.0310094 0
2454888.7090981481596828 16.6775723 0.0360081 0
2454888.7100136573426425 16.6825294 0.0480068 0
2454888.7109413193538785 16.6369381 0.0410087 0
2454888.7118799770250916 16.6069527 0.0390086 0
2454888.7128006946295500 16.6533775 0.0480093 0
2454888.7137162038125098 16.6590576 0.0420070 0
2454888.7146427081897855 16.6331043 0.0400132 0
2454888.7155553242191672 16.6169605 0.0430206 0
2454888.7165379631333053 16.7295303 0.0440056 0
2454888.7174476850777864 16.7253170 0.0460094 0
2454888.7183736111037433 16.6327457 0.0490068 0
2454888.7193006942979991 16.6033974 0.0410097 0
2454888.7211502315476537 16.6718521 0.0640124 0
2454888.7220478011295199 16.6633122989637 99 1
2454888.7229563659057021 16.6633122989637 99 1
2454888.7238770835101604 16.6633122989637 99 1
2454888.7247787038795650 16.6633122989637 99 1
2454888.7256785877980292 16.6456280 0.0750121 0
2454888.7266351850703359 16.6633122989637 99 1
2454888.7275616899132729 16.6252480 0.0380059 0
2454888.7284939815290272 16.7178059 0.0350059 0
2454888.7294222223572433 16.6507988 0.0330060 0
2454888.7312717591412365 16.7223072 0.0390083 0
2454888.7321843751706183 16.6369839 0.0330083 0
2454888.7331114583648741 16.6267052 0.0280059 0
2454888.7340130787342787 16.6771717 0.0270049 0
2454888.7349737267941236 16.6885509 0.0260052 0
2454888.7358950232155621 16.6737976 0.0280074 0
2454888.7368302084505558 16.6724014 0.0260145 0
2454888.7377503472380340 16.6769333 0.0250071 0
2454888.7386693288572133 16.7056847 0.0260090 0
2454888.7395883100107312 16.6838284 0.0240107 0
2454888.7405211804434657 16.7041740 0.0230047 0
2454888.7414523148909211 16.6662464 0.0220069 0
2454888.7423770832829177 16.6670856 0.0220086 0
2454888.7433151621371508 16.6785316 0.0230068 0
2454888.7442549769766629 16.6539116 0.0220052 0
2454888.7451936341822147 16.6655426 0.0250078 0
2454888.7461322918534279 16.7241364 0.0280068 0
2454888.7470535878092051 16.6769772 0.0220081 0
2454888.7479812498204410 16.7024994 0.0310103 0
2454888.7489129630848765 16.6841049 0.0220042 0
2454888.7498718751594424 16.6514206 0.0240061 0
2454888.7507966435514390 16.6669102 0.0220059 0
2454888.7517289351671934 16.6677055 0.0220057 0
2454888.7526432871818542 16.7025948 0.0300100 0
2454888.7535784724168479 16.6379471 0.0230063 0
2454888.7545165508054197 16.6538601 0.0260075 0
2454888.7554476852528751 16.6988926 0.0210077 0
2454888.7563805556856096 16.6152439 0.0210080 0
2454888.7573082176968455 16.6494846 0.0230056 0
2454888.7582358797080815 16.6568851 0.0240083 0
2454888.7591681713238358 16.6743679 0.0220053 0
2454888.7600981481373310 16.6751614 0.0230064 0
2454888.7610315973870456 16.6826744 0.0210065 0
2454888.7619598377496004 16.6940823 0.0230078 0
2454888.7628956018015742 16.6500130 0.0240089 0
2454888.7638631942681968 16.6728706 0.0250060 0
2454888.7647983795031905 16.6573162 0.0220096 0
2454888.7657763888128102 16.6863289 0.0230087 0
2454888.7667086804285645 16.6406803 0.0260069 0
2454888.7676403936930001 16.6667480 0.0240212 0
2454888.7685732636600733 16.6730881 0.0230084 0
2454888.7696270835585892 16.6526299 0.0270080 0
2454888.7705732639878988 16.7341175 0.0290067 0
2454888.7715084492228925 16.7096539 0.0280074 0
2454888.7724303239956498 16.6896400 0.0280082 0
2454888.7733620372600853 16.6633122989637 99 1
2454888.7743105324916542 16.7150078 0.0270086 0
2454888.7761843749321997 16.6574326 0.0430112 0
2454888.7771444446407259 16.6633122989637 99 1
2454888.7781050927005708 16.6633122989637 99 1
2454888.7790119214914739 16.6633122989637 99 1
2454888.7799465279094875 16.6633122989637 99 1
2454888.7809378472156823 16.6474991 0.0230133 0
2454888.7818875000812113 16.6416912 0.0220237 0
2454888.7828354164958000 16.6633122989637 99 1
2454888.7837873841635883 16.6633122989637 99 1
2454888.7847306714393198 16.6613140 0.0230097 0
2454888.7856895835138857 16.6955433 0.0240073 0
2454888.7866369211114943 16.6640568 0.0210081 0
2454888.7875900464132428 16.6702671 0.0210153 0
2454888.7885396992787719 16.6350155 0.0220097 0
2454888.7894795136526227 16.6807480 0.0230147 0
