0.951219512195122
2454887.7398140048608184 16.5378418 0.0140089 0
2454887.7406988427974284 16.5556889 0.0140115 0
2454887.7416172455996275 16.5263767 0.0140200 0
2454887.7425315971486270 16.5254822 0.0140162 0
2454887.7434355323202908 16.5366383 0.0140118 0
2454887.7444280092604458 16.5415592 0.0150144 0
2454887.7453365740366280 16.5177422 0.0140126 0
2454887.7462584492750466 16.5501862 0.0150117 0
2454887.7471716436557472 16.5285435 0.0140108 0
2454887.7480946760624647 16.5285435 0.0150069 0
2454887.7490032408386469 16.5372620 0.0140083 0
2454887.7499204860068858 16.5315952 0.0150156 0
2454887.7508365740068257 16.5274105 0.0150080 0
2454887.7517543979920447 16.5355587 0.0150078 0
2454887.7526531252078712 16.5432491 0.0150082 0
2454887.7535726851783693 16.5405293 0.0150055 0
2454887.7544905091635883 16.5402718 0.0150088 0
2454887.7554083331488073 16.5249557 0.0160094 0
2454887.7563325231894851 16.5354671 0.0150167 0
2454887.7572474535554647 16.5377331 0.0160177 0
2454887.7581785880029202 16.5040455 0.0150090 0
2454887.7590917823836207 16.5417843 0.0160129 0
2454887.7600171295925975 16.5523224 0.0150083 0
2454887.7618961804546416 16.5035667 0.0150075 0
2454887.7627902776002884 16.5022354 0.0140310 0
2454887.7637017359957099 16.5068092 0.0150077 0
2454887.7646328704431653 16.5305443 0.0150132 0
2454887.7655541668646038 16.5635586 0.0160091 0
2454887.7664656247943640 16.5198231 0.0160079 0
2454887.7674204860813916 16.5262833 0.0160083 0
2454887.7683498840779066 16.5365276 0.0160062 0
2454887.7693741898983717 16.5305386 0.0170068 0
2454887.7705530091188848 16.5212917 0.0170097 0
2454887.7714465279132128 16.5385551 0.0160107 0
2454887.7723736111074686 16.5342541 0.0180058 0
2454887.7732908562757075 16.5290833 0.0160089 0
2454887.7742555555887520 16.5146809 0.0160067 0
2454887.7751803239807487 16.5216198 0.0170066 0
2454887.7761074071750045 16.5323448 0.0170072 0
2454887.7770414352416992 16.5241718 0.0170108 0
2454887.7779604168608785 16.5075722 0.0170081 0
2454887.7788863424211740 16.5497208 0.0160121 0
2454887.7798122684471309 16.5292549 0.0160071 0
2454887.7807370368391275 16.5117474 0.0170114 0
2454887.7817167825996876 16.5224285 0.0170086 0
2454887.7835888890549541 16.5316277 0.0190186 0
2454887.7844922454096377 16.5342846 0.0190226 0
2454887.7854181714355946 16.5552940 0.0180066 0
2454887.7863481482490897 16.5264149 0.0170072 0
2454887.7872862266376615 16.5219994 0.0180092 0
2454887.7882127314805984 16.5106640 0.0180076 0
2454887.7891357638873160 16.5289345 0.0240069 0
2454887.7900576386600733 16.5339088 0.0260109 0
2454887.7909748842939734 16.5438614 0.0190108 0
2454887.7919089118950069 16.5614529 0.0200115 0
2454887.7928527779877186 16.5133915 0.0190100 0
2454887.7937896992079914 16.5244560 0.0190088 0
2454887.7947162035852671 16.5582886 0.0210075 0
2454887.7956571760587394 16.5451183 0.0240064 0
2454887.7965848380699754 16.5304890 0.0210105 0
2454887.7975275460630655 16.5120049 0.0200137 0
2454887.7985703703016043 16.5705166 0.0230088 0
2454887.7997063659131527 16.5289516 0.0230092 0
2454887.8006496527232230 16.5348587 0.0220363 0
2454887.8016322916373610 16.5278912 0.0210091 0
2454887.8026537038385868 16.5452385 0.0210071 0
2454887.8036947916261852 16.5568676 0.0230100 0
2454887.8047144678421319 16.5001678 0.0230109 0
2454887.8056924766860902 16.5185280 0.0220108 0
2454887.8066947916522622 16.5207481 0.0240094 0
2454887.8085750001482666 16.4969025 0.0240097 0
2454887.8095032409764826 16.5476475 0.0220084 0
2454887.8114725695922971 16.4872570 0.0240145 0
2454887.8123961803503335 16.4776077 0.0230100 0
2454887.8133319444023073 16.5153503 0.0220144 0
2454887.8142671296373010 16.4989395 0.0240118 0
2454887.8152069444768131 16.5829277 0.0280114 0
2454887.8161473381333053 16.5503731 0.0270116 0
2454887.8170964121818542 16.5424271 0.0280166 0
2454887.8191074072383344 16.5424194 0.0280089 0
2454887.8200408564880490 16.5356236 0.0290319 0
2454887.8209934029728174 16.5487137 0.0300258 0
2454887.8219609954394400 16.5543652 0.0290104 0
2454887.8229123842902482 16.5414677 0.0260140 0
2454887.8238782407715917 16.5486317 0.0310156 0
2454887.8248504628427327 16.5576687 0.0340251 0
2454887.8258990738540888 16.5179253 0.0400183 0
2454887.8268562499433756 16.5340996 0.0350381 0
2454887.8278082176111639 16.4979038 0.0330133 0
2454887.8287613424472511 16.5233593 0.0400255 0
2454887.8297381945885718 16.5283432 0.0380140 0
2454887.8306537037715316 16.5194473 0.0370513 0
2454887.8315848377533257 16.5124607 0.0400161 0
2454887.8325101854279637 16.5660648 0.0450229 0
2454887.8334546294063330 16.5978527 0.0440825 0
2454888.6674447916448116 16.5301895 0.0160138 0
2454888.6683608796447515 16.5480537 0.0150212 0
2454888.6692607640288770 16.5264378 0.0150174 0
2454888.6701681711710989 16.5289936 0.0150242 0
2454888.6710802083835006 16.5418720 0.0150295 0
2454888.6719829859212041 16.5678902 0.0150104 0
2454888.6729060183279216 16.5477638 0.0160137 0
2454888.6738012731075287 16.5330677 0.0150215 0
2454888.6747040511108935 16.5386677 0.0150302 0
2454888.6756184026598930 16.5406723 0.0140129 0
2454888.6765431715175509 16.5251999 0.0150142 0
2454888.6774395834654570 16.5227642 0.0140150 0
2454888.6895935186184943 16.5515060 0.0160057 0
2454888.6905084489844739 16.5243034 0.0140073 0
2454888.6914349538274109 16.5205479 0.0150081 0
2454888.6923412038013339 16.4858437 0.0160109 0
2454888.6932462961412966 16.5346565 0.0170066 0
2454888.6941357636824250 16.5214787 0.0170066 0
2454888.6950402776710689 16.5333061 0.0180058 0
2454888.6959453704766929 16.5541592 0.0170072 0
2454888.6968608796596527 16.5397530 0.0170061 0
2454888.7025194442830980 16.5147419 0.0280097 0
2454888.7034413195215166 16.5218639 0.0310073 0
2454888.7043498842976987 16.4680595 0.0320071 0
2454888.7072759261354804 16.5393257 0.0300067 0
2454888.7081872685812414 16.5357437 0.0320092 0
2454888.7090981481596828 16.5565701 0.0350083 0
2454888.7100136573426425 16.6025295 0.0460071 0
2454888.7109413193538785 16.5679379 0.0410087 0
2454888.7118799770250916 16.5419521 0.0390086 0
2454888.7128006946295500 16.4823761 0.0450099 0
2454888.7137162038125098 16.5180588 0.0410072 0
2454888.7146427081897855 16.5041046 0.0370142 0
2454888.7155553242191672 16.5879593 0.0430206 0
2454888.7165379631333053 16.4945297 0.0360068 0
2454888.7174476850777864 16.5033169 0.0400108 0
2454888.7183736111037433 16.4957447 0.0460072 0
2454888.7193006942979991 16.5443974 0.0440090 0
2454888.7211502315476537 16.5387375989744 99 1
2454888.7220478011295199 16.5387375989744 99 1
2454888.7229563659057021 16.5387375989744 99 1
2454888.7238770835101604 16.5387375989744 99 1
2454888.7247787038795650 16.5387375989744 99 1
2454888.7256785877980292 16.4836273 0.0670136 0
2454888.7266351850703359 16.5649548 0.0420055 0
2454888.7275616899132729 16.5462475 0.0360062 0
2454888.7284939815290272 16.5638046 0.0320065 0
2454888.7294222223572433 16.5677986 0.0320062 0
2454888.7312717591412365 16.5393066 0.0350092 0
2454888.7321843751706183 16.4999828 0.0310088 0
2454888.7331114583648741 16.5457039 0.0270061 0
2454888.7340130787342787 16.5461731 0.0250053 0
2454888.7349737267941236 16.5415497 0.0230059 0
2454888.7358950232155621 16.6227989 0.0280074 0
2454888.7368302084505558 16.5614033 0.0240157 0
2454888.7377503472380340 16.5659332 0.0230077 0
2454888.7386693288572133 16.5466843 0.0230102 0
2454888.7395883100107312 16.5778275 0.0210122 0
2454888.7405211804434657 16.5981731 0.0230047 0
2454888.7414523148909211 16.5442467 0.0210072 0
2454888.7423770832829177 16.5770855 0.0210090 0
2454888.7433151621371508 16.5455322 0.0210074 0
2454888.7442549769766629 16.5729103 0.0210055 0
2454888.7451936341822147 16.5855427 0.0230085 0
2454888.7461322918534279 16.6231365 0.0260073 0
2454888.7470535878092051 16.5779781 0.0200089 0
2454888.7479812498204410 16.5664997 0.0280114 0
2454888.7489129630848765 16.5621052 0.0210044 0
2454888.7498718751594424 16.5744209 0.0230064 0
2454888.7507966435514390 16.5819111 0.0210062 0
2454888.7517289351671934 16.5757065 0.0210060 0
2454888.7526432871818542 16.6355953 0.0300100 0
2454888.7535784724168479 16.5829468 0.0220066 0
2454888.7545165508054197 16.5678616 0.0240081 0
2454888.7554476852528751 16.5618916 0.0210077 0
2454888.7563805556856096 16.5512428 0.0200084 0
2454888.7573082176968455 16.5784836 0.0220059 0
2454888.7582358797080815 16.5888844 0.0220091 0
2454888.7591681713238358 16.5753689 0.0210055 0
2454888.7600981481373310 16.5451622 0.0210070 0
2454888.7610315973870456 16.5716743 0.0200068 0
2454888.7619598377496004 16.5470829 0.0200089 0
2454888.7628956018015742 16.5780125 0.0220097 0
2454888.7638631942681968 16.5328693 0.0220068 0
2454888.7647983795031905 16.5433159 0.0210100 0
2454888.7657763888128102 16.5303288 0.0220091 0
2454888.7667086804285645 16.5336800 0.0240075 0
2454888.7676403936930001 16.5367489 0.0220231 0
2454888.7685732636600733 16.5470867 0.0210092 0
2454888.7696270835585892 16.5616302 0.0270080 0
2454888.7705732639878988 16.5921173 0.0270072 0
2454888.7715084492228925 16.5996552 0.0260080 0
2454888.7724303239956498 16.5466404 0.0260088 0
2454888.7733620372600853 16.5605221 0.0310116 0
2454888.7743105324916542 16.5520096 0.0250092 0
2454888.7761843749321997 16.4874325 0.0440109 0
2454888.7771444446407259 16.4079361 0.0551142 0
2454888.7781050927005708 16.5387375989744 99 1
2454888.7790119214914739 16.5387375989744 99 1
2454888.7799465279094875 16.5387375989744 99 1
2454888.7809378472156823 16.5524998 0.0220140 0
2454888.7818875000812113 16.4846916 0.0200261 0
2454888.7828354164958000 16.5387375989744 99 1
2454888.7837873841635883 16.5387375989744 99 1
2454888.7847306714393198 16.5313129 0.0220101 0
2454888.7856895835138857 16.4955425 0.0210083 0
2454888.7866369211114943 16.5240555 0.0200085 0
2454888.7875900464132428 16.5302677 0.0200160 0
2454888.7885396992787719 16.5390148 0.0210101 0
2454888.7894795136526227 16.5057468 0.0210161 0
