0.731707317073171
2454887.7398140048608184 17.6608410 0.0310040 0
2454887.7406988427974284 17.6336899 0.0300053 0
2454887.7416172455996275 17.6623764 0.0310091 0
2454887.7425315971486270 17.7144833 0.0320071 0
2454887.7434355323202908 17.6326389 0.0300055 0
2454887.7444280092604458 17.6525593 0.0320068 0
2454887.7453365740366280 17.6807404 0.0310057 0
2454887.7462584492750466 17.6481876 0.0310057 0
2454887.7471716436557472 17.6405449 0.0310049 0
2454887.7480946760624647 17.6865444 0.0320032 0
2454887.7490032408386469 17.6712608 0.0320036 0
2454887.7499204860068858 17.6145954 0.0310076 0
2454887.7508365740068257 17.7034111 0.0320038 0
2454887.7517543979920447 17.6585598 0.0320036 0
2454887.7526531252078712 17.6712494 0.0320039 0
2454887.7535726851783693 17.7005291 0.0330025 0
2454887.7544905091635883 17.6902733 0.0320041 0
2454887.7554083331488073 17.6359558 0.0330046 0
2454887.7563325231894851 17.6944675 0.0330076 0
2454887.7572474535554647 17.6587334 0.0360079 0
2454887.7581785880029202 17.6710453 0.0350039 0
2454887.7590917823836207 17.6547832 0.0360058 0
2454887.7600171295925975 17.6333237 0.0330038 0
2454887.7618961804546416 17.6735668 0.0340033 0
2454887.7627902776002884 17.6672363 0.0330132 0
2454887.7637017359957099 17.6228085 0.0320036 0
2454887.7646328704431653 17.6965446 0.0340058 0
2454887.7655541668646038 17.6525574 0.0340043 0
2454887.7664656247943640 17.6458225 0.0360035 0
2454887.7674204860813916 17.6292839 0.0370036 0
2454887.7683498840779066 17.7185268 0.0390025 0
2454887.7693741898983717 17.7065392 0.0420027 0
2454887.7705530091188848 17.6672916 0.0380043 0
2454887.7714465279132128 17.6875553 0.0360048 0
2454887.7723736111074686 17.6562557 0.0410026 0
2454887.7732908562757075 17.6660843 0.0390037 0
2454887.7742555555887520 17.6746807 0.0380028 0
2454887.7751803239807487 17.6816196 0.0400028 0
2454887.7761074071750045 17.6663456 0.0390031 0
2454887.7770414352416992 17.5891705 0.0400046 0
2454887.7779604168608785 17.6835728 0.0370037 0
2454887.7788863424211740 17.6767197 0.0380051 0
2454887.7798122684471309 17.6892548 0.0360031 0
2454887.7807370368391275 17.6387463 0.0360054 0
2454887.7817167825996876 17.6764297 0.0390038 0
2454887.7835888890549541 17.6716290 0.0460077 0
2454887.7844922454096377 17.5752850 0.0440098 0
2454887.7854181714355946 17.6352959 0.0390031 0
2454887.7863481482490897 17.6694145 0.0400031 0
2454887.7872862266376615 17.6949997 0.0440038 0
2454887.7882127314805984 17.7326641 0.0470029 0
2454887.7891357638873160 17.5959339 0.0570029 0
2454887.7900576386600733 17.7499084 0.0740038 0
2454887.7909748842939734 17.6878605 0.0460044 0
2454887.7919089118950069 17.6724529 0.0480048 0
2454887.7928527779877186 17.7023907 0.0490039 0
2454887.7937896992079914 17.6884556 0.0470036 0
2454887.7947162035852671 17.6792889 0.0470033 0
2454887.7956571760587394 17.7561188 0.0650024 0
2454887.7965848380699754 17.6954880 0.0510043 0
2454887.7975275460630655 17.6470051 0.0450061 0
2454887.7985703703016043 17.8505154 0.0620033 0
2454887.7997063659131527 17.6549511 0.0550038 0
2454887.8006496527232230 17.7398586 0.0560143 0
2454887.8016322916373610 17.6578903 0.0490039 0
2454887.8026537038385868 17.6522388 0.0520029 0
2454887.8036947916261852 17.7058678 0.0590039 0
2454887.8047144678421319 17.6521683 0.0560045 0
2454887.8056924766860902 17.5955276 0.0510046 0
2454887.8066947916522622 17.6057472 0.0560040 0
2454887.8085750001482666 17.6529026 0.0640036 0
2454887.8095032409764826 17.6526470 0.0530035 0
2454887.8114725695922971 17.6052570 0.0610057 0
2454887.8123961803503335 17.7136078 0.0640036 0
2454887.8133319444023073 17.6653500 0.0570056 0
2454887.8142671296373010 17.6229401 0.0630045 0
2454887.8152069444768131 17.6666378553333 99 1
2454887.8161473381333053 17.6666378553333 99 1
2454887.8170964121818542 17.6666378553333 99 1
2454887.8191074072383344 17.6604195 0.0680037 0
2454887.8200408564880490 17.6666378553333 99 1
2454887.8209934029728174 17.6997128 0.0790098 0
2454887.8219609954394400 17.6666378553333 99 1
2454887.8229123842902482 17.6134663 0.0660055 0
2454887.8238782407715917 17.6666378553333 99 1
2454887.8248504628427327 17.6666378553333 99 1
2454887.8258990738540888 17.6666378553333 99 1
2454887.8268562499433756 17.6666378553333 99 1
2454887.8278082176111639 17.6666378553333 99 1
2454887.8287613424472511 17.6666378553333 99 1
2454887.8297381945885718 17.6666378553333 99 1
2454887.8306537037715316 17.6666378553333 99 1
2454887.8315848377533257 17.6666378553333 99 1
2454887.8325101854279637 17.6840649 0.1200086 0
2454887.8334546294063330 17.6666378553333 99 1
2454888.6674447916448116 17.6511898 0.0360061 0
2454888.6683608796447515 17.7020550 0.0350091 0
2454888.6692607640288770 17.6624374 0.0320081 0
2454888.6701681711710989 17.6739941 0.0340107 0
2454888.6710802083835006 17.5798721 0.0320138 0
2454888.6719829859212041 17.6948891 0.0330047 0
2454888.6729060183279216 17.6777649 0.0350063 0
2454888.6738012731075287 17.6870689 0.0330098 0
2454888.6747040511108935 17.6556683 0.0330138 0
2454888.6756184026598930 17.6396713 0.0300060 0
2454888.6765431715175509 17.6791992 0.0330065 0
2454888.6774395834654570 17.6527634 0.0310068 0
2454888.6895935186184943 17.6545067 0.0350026 0
2454888.6905084489844739 17.7113037 0.0320032 0
2454888.6914349538274109 17.5895481 0.0310039 0
2454888.6923412038013339 17.6528435 0.0380046 0
2454888.6932462961412966 17.6536560 0.0350032 0
2454888.6941357636824250 17.6434784 0.0390029 0
2454888.6950402776710689 17.6763058 0.0400026 0
2454888.6959453704766929 17.6611595 0.0410030 0
2454888.6968608796596527 17.6667538 0.0370028 0
2454888.7025194442830980 17.6797428 0.0690039 0
2454888.7034413195215166 17.5998650 0.0760030 0
2454888.7043498842976987 17.6666378553333 99 1
2454888.7072759261354804 17.6666378553333 99 1
2454888.7081872685812414 17.6666378553333 99 1
2454888.7090981481596828 17.7235699 0.0940031 0
2454888.7100136573426425 17.6666378553333 99 1
2454888.7109413193538785 17.6666378553333 99 1
2454888.7118799770250916 17.6666378553333 99 1
2454888.7128006946295500 17.6666378553333 99 1
2454888.7137162038125098 17.6666378553333 99 1
2454888.7146427081897855 17.5481052 0.0910058 0
2454888.7155553242191672 17.6666378553333 99 1
2454888.7165379631333053 17.6666378553333 99 1
2454888.7174476850777864 17.6666378553333 99 1
2454888.7183736111037433 17.6666378553333 99 1
2454888.7193006942979991 17.6666378553333 99 1
2454888.7211502315476537 17.6666378553333 99 1
2454888.7220478011295199 17.6666378553333 99 1
2454888.7229563659057021 17.6666378553333 99 1
2454888.7238770835101604 17.6666378553333 99 1
2454888.7247787038795650 17.6666378553333 99 1
2454888.7256785877980292 17.6666378553333 99 1
2454888.7266351850703359 17.6666378553333 99 1
2454888.7275616899132729 17.6666378553333 99 1
2454888.7284939815290272 17.6666378553333 99 1
2454888.7294222223572433 17.6277981 0.0750026 0
2454888.7312717591412365 17.6666378553333 99 1
2454888.7321843751706183 17.5139828 0.0720038 0
2454888.7331114583648741 17.6837044 0.0670025 0
2454888.7340130787342787 17.6341724 0.0610022 0
2454888.7349737267941236 17.7185497 0.0590023 0
2454888.7358950232155621 17.6666378553333 99 1
2454888.7368302084505558 17.7244015 0.0620061 0
2454888.7377503472380340 17.6969337 0.0560032 0
2454888.7386693288572133 17.6106853 0.0570041 0
2454888.7395883100107312 17.6728268 0.0510050 0
2454888.7405211804434657 17.6666378553333 99 1
2454888.7414523148909211 17.6642475 0.0490031 0
2454888.7423770832829177 17.6666378553333 99 1
2454888.7433151621371508 17.6205311 0.0490032 0
2454888.7442549769766629 17.7529106 0.0540021 0
2454888.7451936341822147 17.7185421 0.0620031 0
2454888.7461322918534279 17.6451359 0.0600032 0
2454888.7470535878092051 17.7549782 0.0490036 0
2454888.7479812498204410 17.6224995 0.0660048 0
2454888.7489129630848765 17.6431065 0.0470020 0
2454888.7498718751594424 17.5924206 0.0520028 0
2454888.7507966435514390 17.7509117 0.0550024 0
2454888.7517289351671934 17.6547050 0.0500025 0
2454888.7526432871818542 17.7105942 0.0720042 0
2454888.7535784724168479 17.6239452 0.0490029 0
2454888.7545165508054197 17.6666378553333 99 1
2454888.7554476852528751 17.6748924 0.0470034 0
2454888.7563805556856096 17.6742439 0.0470036 0
2454888.7573082176968455 17.7134838 0.0520025 0
2454888.7582358797080815 17.7188854 0.0540037 0
2454888.7591681713238358 17.7153683 0.0520022 0
2454888.7600981481373310 17.6781616 0.0530028 0
2454888.7610315973870456 17.5966740 0.0460029 0
2454888.7619598377496004 17.6666378553333 99 1
2454888.7628956018015742 17.7390118 0.0540040 0
2454888.7638631942681968 17.6666378553333 99 1
2454888.7647983795031905 17.6323166 0.0480044 0
2454888.7657763888128102 17.6666378553333 99 1
2454888.7667086804285645 17.6506805 0.0560032 0
2454888.7676403936930001 17.6657486 0.0540094 0
2454888.7685732636600733 17.5940876 0.0470041 0
2454888.7696270835585892 17.6506290 0.0600036 0
2454888.7705732639878988 17.7281170 0.0650030 0
2454888.7715084492228925 17.6666378553333 99 1
2454888.7724303239956498 17.6666378553333 99 1
2454888.7733620372600853 17.7325211 0.0790046 0
2454888.7743105324916542 17.6666378553333 99 1
2454888.7761843749321997 17.6666378553333 99 1
2454888.7771444446407259 17.6666378553333 99 1
2454888.7781050927005708 17.6666378553333 99 1
2454888.7790119214914739 17.6666378553333 99 1
2454888.7799465279094875 17.6666378553333 99 1
2454888.7809378472156823 17.6584988 0.0520059 0
2454888.7818875000812113 17.6806908 0.0500105 0
2454888.7828354164958000 17.6666378553333 99 1
2454888.7837873841635883 17.6666378553333 99 1
2454888.7847306714393198 17.6493130 0.0520043 0
2454888.7856895835138857 17.6955433 0.0540032 0
2454888.7866369211114943 17.5630569 0.0440038 0
2454888.7875900464132428 17.5872669 0.0440073 0
2454888.7885396992787719 17.6590137 0.0480044 0
2454888.7894795136526227 17.8057480 0.0580058 0
