0.482926829268293
2454887.7398140048608184 18.0668411 0.0420030 0
2454887.7406988427974284 18.0906887 0.0410039 0
2454887.7416172455996275 18.0883770 0.0420067 0
2454887.7425315971486270 18.1014824 0.0440052 0
2454887.7434355323202908 18.1486378 0.0440038 0
2454887.7444280092604458 18.0675602 0.0440049 0
2454887.7453365740366280 18.1137409 0.0440040 0
2454887.7462584492750466 18.1141872 0.0420042 0
2454887.7471716436557472 18.1245441 0.0450034 0
2454887.7480946760624647 18.1125450 0.0450023 0
2454887.7490032408386469 18.0552616 0.0420028 0
2454887.7499204860068858 18.1565952 0.0460051 0
2454887.7508365740068257 18.0924110 0.0430028 0
2454887.7517543979920447 18.0755596 0.0440026 0
2454887.7526531252078712 18.0812492 0.0440028 0
2454887.7535726851783693 18.1345291 0.0450018 0
2454887.7544905091635883 18.1052723 0.0460029 0
2454887.7554083331488073 18.0339546 0.0450033 0
2454887.7563325231894851 18.1494675 0.0480052 0
2454887.7572474535554647 18.1467323 0.0510056 0
2454887.7581785880029202 18.0550442 0.0490028 0
2454887.7590917823836207 18.0747833 0.0510041 0
2454887.7600171295925975 18.0943222 0.0470026 0
2454887.7618961804546416 18.0505676 0.0450025 0
2454887.7627902776002884 18.1022358 0.0450097 0
2454887.7637017359957099 18.0568085 0.0440026 0
2454887.7646328704431653 18.0705433 0.0450044 0
2454887.7655541668646038 18.0985584 0.0510029 0
2454887.7664656247943640 18.0918217 0.0530024 0
2454887.7674204860813916 18.0522842 0.0530025 0
2454887.7683498840779066 18.0325279 0.0500020 0
2454887.7693741898983717 18.2035389 0.0610019 0
2454887.7705530091188848 18.0932903 0.0550030 0
2454887.7714465279132128 18.1185551 0.0510034 0
2454887.7723736111074686 18.1432552 0.0620017 0
2454887.7732908562757075 18.1330853 0.0540026 0
2454887.7742555555887520 18.1506805 0.0580018 0
2454887.7751803239807487 18.1276188 0.0590019 0
2454887.7761074071750045 18.1763458 0.0580021 0
2454887.7770414352416992 18.1421719 0.0590031 0
2454887.7779604168608785 18.1835728 0.0570024 0
2454887.7788863424211740 18.0377197 0.0500039 0
2454887.7798122684471309 18.0482559 0.0480024 0
2454887.7807370368391275 18.1347466 0.0530037 0
2454887.7817167825996876 18.0354290 0.0520028 0
2454887.7835888890549541 18.1206284 0.0650054 0
2454887.7844922454096377 18.0985703434343 99 1
2454887.7854181714355946 18.1112938 0.0590020 0
2454887.7863481482490897 18.1224136 0.0600020 0
2454887.7872862266376615 18.0839996 0.0590028 0
2454887.7882127314805984 17.9896641 0.0580023 0
2454887.7891357638873160 18.1079330 0.0840020 0
2454887.7900576386600733 18.0985703434343 99 1
2454887.7909748842939734 18.1078606 0.0640032 0
2454887.7919089118950069 18.0985703434343 99 1
2454887.7928527779877186 18.0323906 0.0620031 0
2454887.7937896992079914 18.0985703434343 99 1
2454887.7947162035852671 18.0632877 0.0660024 0
2454887.7956571760587394 18.0985703434343 99 1
2454887.7965848380699754 18.0864887 0.0700031 0
2454887.7975275460630655 18.0985703434343 99 1
2454887.7985703703016043 18.0775146 0.0720028 0
2454887.7997063659131527 18.0985703434343 99 1
2454887.8006496527232230 18.0878582 0.0720111 0
2454887.8016322916373610 18.0985703434343 99 1
2454887.8026537038385868 18.0985703434343 99 1
2454887.8036947916261852 18.1088676 0.0800029 0
2454887.8047144678421319 18.0985703434343 99 1
2454887.8056924766860902 18.1065292 0.0820029 0
2454887.8066947916522622 18.0197468 0.0790029 0
2454887.8085750001482666 18.0985703434343 99 1
2454887.8095032409764826 18.0985703434343 99 1
2454887.8114725695922971 18.0985703434343 99 1
2454887.8123961803503335 18.0985703434343 99 1
2454887.8133319444023073 18.0985703434343 99 1
2454887.8142671296373010 18.0985703434343 99 1
2454887.8152069444768131 18.0985703434343 99 1
2454887.8161473381333053 18.0985703434343 99 1
2454887.8170964121818542 18.0985703434343 99 1
2454887.8191074072383344 18.0985703434343 99 1
2454887.8200408564880490 18.0985703434343 99 1
2454887.8209934029728174 18.0985703434343 99 1
2454887.8219609954394400 18.0985703434343 99 1
2454887.8229123842902482 18.0985703434343 99 1
2454887.8238782407715917 18.0985703434343 99 1
2454887.8248504628427327 18.0985703434343 99 1
2454887.8258990738540888 18.0985703434343 99 1
2454887.8268562499433756 18.0985703434343 99 1
2454887.8278082176111639 18.0985703434343 99 1
2454887.8287613424472511 18.0985703434343 99 1
2454887.8297381945885718 18.0985703434343 99 1
2454887.8306537037715316 18.0985703434343 99 1
2454887.8315848377533257 18.0985703434343 99 1
2454887.8325101854279637 18.0985703434343 99 1
2454887.8334546294063330 18.0985703434343 99 1
2454888.6674447916448116 18.0891895 0.0530042 0
2454888.6683608796447515 18.0350533 0.0440072 0
2454888.6692607640288770 18.0974388 0.0470055 0
2454888.6701681711710989 18.0839939 0.0470077 0
2454888.6710802083835006 18.0408726 0.0440101 0
2454888.6719829859212041 18.0958881 0.0450035 0
2454888.6729060183279216 18.0887642 0.0490045 0
2454888.6738012731075287 18.1090698 0.0460070 0
2454888.6747040511108935 18.0776672 0.0470097 0
2454888.6756184026598930 18.0066719 0.0410044 0
2454888.6765431715175509 18.1711998 0.0480044 0
2454888.6774395834654570 18.0557652 0.0430049 0
2454888.6895935186184943 18.0865059 0.0490019 0
2454888.6905084489844739 18.0733032 0.0440023 0
2454888.6914349538274109 18.1135464 0.0460026 0
2454888.6923412038013339 18.1008434 0.0500035 0
2454888.6932462961412966 18.1516571 0.0550020 0
2454888.6941357636824250 18.1174793 0.0580019 0
2454888.6950402776710689 18.1203041 0.0590018 0
2454888.6959453704766929 18.0361595 0.0540023 0
2454888.6968608796596527 18.1277523 0.0540019 0
2454888.7025194442830980 18.0985703434343 99 1
2454888.7034413195215166 18.0985703434343 99 1
2454888.7043498842976987 18.0985703434343 99 1
2454888.7072759261354804 18.0985703434343 99 1
2454888.7081872685812414 18.0985703434343 99 1
2454888.7090981481596828 18.0985703434343 99 1
2454888.7100136573426425 18.0985703434343 99 1
2454888.7109413193538785 18.0985703434343 99 1
2454888.7118799770250916 18.0985703434343 99 1
2454888.7128006946295500 18.0985703434343 99 1
2454888.7137162038125098 18.0985703434343 99 1
2454888.7146427081897855 18.0985703434343 99 1
2454888.7155553242191672 18.0985703434343 99 1
2454888.7165379631333053 18.0985703434343 99 1
2454888.7174476850777864 18.0985703434343 99 1
2454888.7183736111037433 18.0985703434343 99 1
2454888.7193006942979991 18.0985703434343 99 1
2454888.7211502315476537 18.0985703434343 99 1
2454888.7220478011295199 18.0985703434343 99 1
2454888.7229563659057021 18.0985703434343 99 1
2454888.7238770835101604 18.0985703434343 99 1
2454888.7247787038795650 18.0985703434343 99 1
2454888.7256785877980292 18.0985703434343 99 1
2454888.7266351850703359 18.0985703434343 99 1
2454888.7275616899132729 18.0985703434343 99 1
2454888.7284939815290272 18.0985703434343 99 1
2454888.7294222223572433 18.0985703434343 99 1
2454888.7312717591412365 18.0985703434343 99 1
2454888.7321843751706183 18.0985703434343 99 1
2454888.7331114583648741 18.0985703434343 99 1
2454888.7340130787342787 18.0985703434343 99 1
2454888.7349737267941236 18.0985703434343 99 1
2454888.7358950232155621 18.0985703434343 99 1
2454888.7368302084505558 18.0985703434343 99 1
2454888.7377503472380340 18.0985703434343 99 1
2454888.7386693288572133 18.2886829 0.1000024 0
2454888.7395883100107312 18.0448265 0.0670038 0
2454888.7405211804434657 18.0985703434343 99 1
2454888.7414523148909211 18.0985703434343 99 1
2454888.7423770832829177 18.0985703434343 99 1
2454888.7433151621371508 18.0595322 0.0700022 0
2454888.7442549769766629 18.1869106 0.0750015 0
2454888.7451936341822147 18.1695423 0.0900022 0
2454888.7461322918534279 18.0985703434343 99 1
2454888.7470535878092051 18.1039772 0.0650027 0
2454888.7479812498204410 18.1655006 0.1060030 0
2454888.7489129630848765 18.0985703434343 99 1
2454888.7498718751594424 18.0985703434343 99 1
2454888.7507966435514390 18.0985703434343 99 1
2454888.7517289351671934 18.0985703434343 99 1
2454888.7526432871818542 18.0985703434343 99 1
2454888.7535784724168479 18.0985703434343 99 1
2454888.7545165508054197 18.0985703434343 99 1
2454888.7554476852528751 18.0985703434343 99 1
2454888.7563805556856096 18.0872440 0.0660025 0
2454888.7573082176968455 18.0744839 0.0710018 0
2454888.7582358797080815 18.0858841 0.0730027 0
2454888.7591681713238358 18.0985703434343 99 1
2454888.7600981481373310 18.0985703434343 99 1
2454888.7610315973870456 17.9876747 0.0610022 0
2454888.7619598377496004 18.1820831 0.0760023 0
2454888.7628956018015742 18.0985703434343 99 1
2454888.7638631942681968 18.0985703434343 99 1
2454888.7647983795031905 18.0943165 0.0690031 0
2454888.7657763888128102 18.0985703434343 99 1
2454888.7667086804285645 18.0985703434343 99 1
2454888.7676403936930001 18.0985703434343 99 1
2454888.7685732636600733 18.0985703434343 99 1
2454888.7696270835585892 18.0985703434343 99 1
2454888.7705732639878988 18.0985703434343 99 1
2454888.7715084492228925 18.0985703434343 99 1
2454888.7724303239956498 18.0985703434343 99 1
2454888.7733620372600853 18.0985703434343 99 1
2454888.7743105324916542 18.0985703434343 99 1
2454888.7761843749321997 18.0985703434343 99 1
2454888.7771444446407259 18.0985703434343 99 1
2454888.7781050927005708 18.0985703434343 99 1
2454888.7790119214914739 18.0985703434343 99 1
2454888.7799465279094875 18.0985703434343 99 1
2454888.7809378472156823 18.0555000 0.0710043 0
2454888.7818875000812113 18.0836906 0.0690076 0
2454888.7828354164958000 18.0985703434343 99 1
2454888.7837873841635883 18.0985703434343 99 1
2454888.7847306714393198 18.0985703434343 99 1
2454888.7856895835138857 18.2485428 0.0860020 0
2454888.7866369211114943 18.0480556 0.0680025 0
2454888.7875900464132428 18.0985703434343 99 1
2454888.7885396992787719 18.1190147 0.0730029 0
2454888.7894795136526227 18.0985703434343 99 1
