0.926829268292683
2454887.7398140048608184 16.9188404 0.0190066 0
2454887.7406988427974284 16.9196892 0.0190084 0
2454887.7416172455996275 16.8793755 0.0190148 0
2454887.7425315971486270 16.8794823 0.0190119 0
2454887.7434355323202908 16.9046383 0.0190087 0
2454887.7444280092604458 16.8995590 0.0190114 0
2454887.7453365740366280 16.9397411 0.0190093 0
2454887.7462584492750466 16.9081860 0.0190093 0
2454887.7471716436557472 16.8925438 0.0190080 0
2454887.7480946760624647 16.9235458 0.0190054 0
2454887.7490032408386469 16.9062614 0.0200058 0
2454887.7499204860068858 16.9395943 0.0200117 0
2454887.7508365740068257 16.9294109 0.0200060 0
2454887.7517543979920447 16.9265594 0.0200058 0
2454887.7526531252078712 16.9052486 0.0190065 0
2454887.7535726851783693 16.9025288 0.0190043 0
2454887.7544905091635883 16.9022732 0.0190070 0
2454887.7554083331488073 16.8989544 0.0210072 0
2454887.7563325231894851 16.8974686 0.0200125 0
2454887.7572474535554647 16.8877335 0.0210135 0
2454887.7581785880029202 16.8760452 0.0220062 0
2454887.7590917823836207 16.8817825 0.0210099 0
2454887.7600171295925975 16.9223232 0.0200062 0
2454887.7618961804546416 16.9435673 0.0210054 0
2454887.7627902776002884 16.8912354 0.0200217 0
2454887.7637017359957099 16.9058094 0.0210055 0
2454887.7646328704431653 16.9175434 0.0210094 0
2454887.7655541668646038 16.8865585 0.0210069 0
2454887.7664656247943640 16.9278221 0.0220058 0
2454887.7674204860813916 16.9352837 0.0230057 0
2454887.7683498840779066 16.9085274 0.0220045 0
2454887.7693741898983717 16.9185390 0.0230050 0
2454887.7705530091188848 16.8772907 0.0220075 0
2454887.7714465279132128 16.8865547 0.0210082 0
2454887.7723736111074686 16.9212551 0.0240044 0
2454887.7732908562757075 16.9110851 0.0220065 0
2454887.7742555555887520 16.9346809 0.0230046 0
2454887.7751803239807487 16.9196186 0.0240046 0
2454887.7761074071750045 16.9113445 0.0220055 0
2454887.7770414352416992 16.8941708 0.0240077 0
2454887.7779604168608785 16.8965740 0.0220063 0
2454887.7788863424211740 16.9297199 0.0220088 0
2454887.7798122684471309 16.9392548 0.0210054 0
2454887.7807370368391275 16.9187469 0.0230084 0
2454887.7817167825996876 16.9414291 0.0230064 0
2454887.7835888890549541 16.8966293 0.0260136 0
2454887.7844922454096377 16.8622856 0.0250172 0
2454887.7854181714355946 16.9132957 0.0240050 0
2454887.7863481482490897 16.9404144 0.0230053 0
2454887.7872862266376615 16.9299984 0.0260064 0
2454887.7882127314805984 16.9536629 0.0270050 0
2454887.7891357638873160 16.9289341 0.0360046 0
2454887.7900576386600733 16.9829082 0.0380075 0
2454887.7909748842939734 16.9198608 0.0270076 0
2454887.7919089118950069 16.8974533 0.0280082 0
2454887.7928527779877186 16.9233913 0.0270070 0
2454887.7937896992079914 16.8864555 0.0270062 0
2454887.7947162035852671 16.9452877 0.0280056 0
2454887.7956571760587394 16.9681187 0.0380040 0
2454887.7965848380699754 16.8824883 0.0290076 0
2454887.7975275460630655 16.9100056 0.0280098 0
2454887.7985703703016043 16.8885155 0.0300067 0
2454887.7997063659131527 16.9329510 0.0330064 0
2454887.8006496527232230 16.8998585 0.0310258 0
2454887.8016322916373610 16.9268894 0.0300064 0
2454887.8026537038385868 16.9172382 0.0300049 0
2454887.8036947916261852 16.9608688 0.0330069 0
2454887.8047144678421319 16.9161682 0.0320079 0
2454887.8056924766860902 16.9405289 0.0340070 0
2454887.8066947916522622 17.0437469 0.0390058 0
2454887.8085750001482666 16.9589024 0.0370063 0
2454887.8095032409764826 16.8646469 0.0300062 0
2454887.8114725695922971 16.8992558 0.0350100 0
2454887.8123961803503335 16.8976078 0.0370062 0
2454887.8133319444023073 16.9413509 0.0330096 0
2454887.8142671296373010 16.9129410 0.0360079 0
2454887.8152069444768131 16.9429264 0.0390082 0
2454887.8161473381333053 16.9143734 0.0380083 0
2454887.8170964121818542 16.9724274 0.0410114 0
2454887.8191074072383344 16.9724197 0.0410061 0
2454887.8200408564880490 16.8986244 0.0410226 0
2454887.8209934029728174 16.9107132 0.0400194 0
2454887.8219609954394400 16.9193649 0.0400075 0
2454887.8229123842902482 16.9454670 0.0380096 0
2454887.8238782407715917 16.9296322 0.0430112 0
2454887.8248504628427327 16.8996696 0.0450189 0
2454887.8258990738540888 17.0189247 0.0640114 0
2454887.8268562499433756 16.9211006 0.0540247 0
2454887.8278082176111639 16.9319038 0.0480091 0
2454887.8287613424472511 16.9903603 0.0600170 0
2454887.8297381945885718 16.9993420 0.0630084 0
2454887.8306537037715316 17.0074463 0.0590322 0
2454887.8315848377533257 16.8694611 0.0600108 0
2454887.8325101854279637 16.8520641 0.0610169 0
2454887.8334546294063330 16.9768524 0.0600606 0
2454888.6674447916448116 16.9401894 0.0220101 0
2454888.6683608796447515 16.9360542 0.0200159 0
2454888.6692607640288770 16.9384384 0.0200130 0
2454888.6701681711710989 16.9389935 0.0210173 0
2454888.6710802083835006 16.9548721 0.0210211 0
2454888.6719829859212041 16.9528885 0.0210074 0
2454888.6729060183279216 16.9557648 0.0220100 0
2454888.6738012731075287 16.9540691 0.0200161 0
2454888.6747040511108935 16.9336681 0.0210216 0
2454888.6756184026598930 16.9546719 0.0190095 0
2454888.6765431715175509 16.9501991 0.0200106 0
2454888.6774395834654570 16.9177647 0.0190111 0
2454888.6895935186184943 16.9215069 0.0220042 0
2454888.6905084489844739 16.9893036 0.0210049 0
2454888.6914349538274109 16.9365463 0.0210058 0
2454888.6923412038013339 16.9418430 0.0220079 0
2454888.6932462961412966 16.9266548 0.0230049 0
2454888.6941357636824250 16.9364777 0.0230049 0
2454888.6950402776710689 16.9293041 0.0250042 0
2454888.6959453704766929 16.9481583 0.0240051 0
2454888.6968608796596527 16.9017525 0.0220047 0
2454888.7025194442830980 16.9287415 0.0400068 0
2454888.7034413195215166 16.9388638 0.0460050 0
2454888.7043498842976987 16.9970589 0.0510045 0
2454888.7072759261354804 16.9443245 0.0420048 0
2454888.7081872685812414 16.9767437 0.0450065 0
2454888.7090981481596828 16.9255695 0.0480061 0
2454888.7100136573426425 16.8325310 0.0550059 0
2454888.7109413193538785 16.9609394 0.0590060 0
2454888.7118799770250916 16.9849529 0.0580058 0
2454888.7128006946295500 16.9253820089474 99 1
2454888.7137162038125098 16.9120579 0.0560053 0
2454888.7146427081897855 16.9801044 0.0590089 0
2454888.7155553242191672 16.8899593 0.0570155 0
2454888.7165379631333053 16.9425297 0.0540045 0
2454888.7174476850777864 16.9253820089474 99 1
2454888.7183736111037433 16.9317455 0.0720046 0
2454888.7193006942979991 16.9623966 0.0610065 0
2454888.7211502315476537 16.9253820089474 99 1
2454888.7220478011295199 16.9253820089474 99 1
2454888.7229563659057021 16.9253820089474 99 1
2454888.7238770835101604 16.9253820089474 99 1
2454888.7247787038795650 16.9253820089474 99 1
2454888.7256785877980292 16.9253820089474 99 1
2454888.7266351850703359 16.8819542 0.0560041 0
2454888.7275616899132729 16.9042492 0.0500045 0
2454888.7284939815290272 16.9208050 0.0440047 0
2454888.7294222223572433 16.9637985 0.0480041 0
2454888.7312717591412365 16.8633060 0.0470068 0
2454888.7321843751706183 16.9253820089474 99 1
2454888.7331114583648741 16.9157047 0.0390042 0
2454888.7340130787342787 16.9231720 0.0360037 0
2454888.7349737267941236 16.8945503 0.0330041 0
2454888.7358950232155621 16.9147987 0.0370056 0
2454888.7368302084505558 16.9414024 0.0340111 0
2454888.7377503472380340 16.9209328 0.0320055 0
2454888.7386693288572133 16.8886852 0.0340069 0
2454888.7395883100107312 16.9248276 0.0300085 0
2454888.7405211804434657 16.8621731 0.0290038 0
2454888.7414523148909211 16.8972473 0.0290052 0
2454888.7423770832829177 16.8970871 0.0280068 0
2454888.7433151621371508 16.9155312 0.0300052 0
2454888.7442549769766629 16.9159107 0.0280041 0
2454888.7451936341822147 16.9095421 0.0340057 0
2454888.7461322918534279 16.9011364 0.0330057 0
2454888.7470535878092051 16.9339771 0.0280064 0
2454888.7479812498204410 16.8474998 0.0370086 0
2454888.7489129630848765 16.9771061 0.0290032 0
2454888.7498718751594424 16.9444199 0.0320046 0
2454888.7507966435514390 16.9249115 0.0300043 0
2454888.7517289351671934 16.8867073 0.0290044 0
2454888.7526432871818542 16.9145947 0.0380079 0
2454888.7535784724168479 16.8899460 0.0300048 0
2454888.7545165508054197 16.9318619 0.0350056 0
2454888.7554476852528751 16.9678917 0.0290056 0
2454888.7563805556856096 16.9082432 0.0270062 0
2454888.7573082176968455 16.8884830 0.0300043 0
2454888.7582358797080815 16.9748840 0.0330060 0
2454888.7591681713238358 16.9363689 0.0300039 0
2454888.7600981481373310 16.9341621 0.0320046 0
2454888.7610315973870456 16.9326744 0.0290047 0
2454888.7619598377496004 16.9490833 0.0290062 0
2454888.7628956018015742 16.9680119 0.0310069 0
2454888.7638631942681968 16.9198704 0.0320047 0
2454888.7647983795031905 16.9203167 0.0290073 0
2454888.7657763888128102 16.9023285 0.0300067 0
2454888.7667086804285645 16.8966808 0.0330055 0
2454888.7676403936930001 17.0177479 0.0320159 0
2454888.7685732636600733 16.9670887 0.0310062 0
2454888.7696270835585892 16.8996296 0.0360060 0
2454888.7705732639878988 16.9841175 0.0380051 0
2454888.7715084492228925 16.8616543 0.0330063 0
2454888.7724303239956498 16.9006405 0.0390059 0
2454888.7733620372600853 16.9085217 0.0420086 0
2454888.7743105324916542 16.9640083 0.0360064 0
2454888.7761843749321997 16.9614334 0.0610079 0
2454888.7771444446407259 16.9253820089474 99 1
2454888.7781050927005708 16.9253820089474 99 1
2454888.7790119214914739 16.9253820089474 99 1
2454888.7799465279094875 16.9253820089474 99 1
2454888.7809378472156823 16.9704990 0.0310099 0
2454888.7818875000812113 16.9296913 0.0300174 0
2454888.7828354164958000 16.9253820089474 99 1
2454888.7837873841635883 16.9253820089474 99 1
2454888.7847306714393198 16.9343128 0.0300074 0
2454888.7856895835138857 16.8975430 0.0300058 0
2454888.7866369211114943 16.9220562 0.0280060 0
2454888.7875900464132428 16.9672680 0.0280115 0
2454888.7885396992787719 16.9540138 0.0300071 0
2454888.7894795136526227 16.9337482 0.0290116 0
