0.980487804878049
2454887.7398140048608184 15.1758423 0.0070179 0
2454887.7406988427974284 15.1846905 0.0070229 0
2454887.7416172455996275 15.1673756 0.0070400 0
2454887.7425315971486270 15.1674824 0.0070323 0
2454887.7434355323202908 15.1826391 0.0070237 0
2454887.7444280092604458 15.1735573 0.0070308 0
2454887.7453365740366280 15.1727409 0.0070252 0
2454887.7462584492750466 15.1821871 0.0070251 0
2454887.7471716436557472 15.1655426 0.0070217 0
2454887.7480946760624647 15.1665449 0.0070148 0
2454887.7490032408386469 15.1662607 0.0070167 0
2454887.7499204860068858 15.1835938 0.0070334 0
2454887.7508365740068257 15.1714115 0.0070172 0
2454887.7517543979920447 15.1755590 0.0070166 0
2454887.7526531252078712 15.1772470 0.0070176 0
2454887.7535726851783693 15.1745310 0.0070117 0
2454887.7544905091635883 15.1682730 0.0070188 0
2454887.7554083331488073 15.1729546 0.0070215 0
2454887.7563325231894851 15.1884680 0.0070356 0
2454887.7572474535554647 15.1837330 0.0070405 0
2454887.7581785880029202 15.1730442 0.0070193 0
2454887.7590917823836207 15.1627827 0.0070295 0
2454887.7600171295925975 15.1763239 0.0070177 0
2454887.7618961804546416 15.1805658 0.0070161 0
2454887.7627902776002884 15.1842365 0.0070619 0
2454887.7637017359957099 15.1698103 0.0070166 0
2454887.7646328704431653 15.1755428 0.0070283 0
2454887.7655541668646038 15.1745567 0.0070208 0
2454887.7664656247943640 15.1778231 0.0070181 0
2454887.7674204860813916 15.1722832 0.0070189 0
2454887.7683498840779066 15.1825294 0.0070141 0
2454887.7693741898983717 15.1685390 0.0070165 0
2454887.7705530091188848 15.1592913 0.0070234 0
2454887.7714465279132128 15.1785555 0.0070244 0
2454887.7723736111074686 15.1692553 0.0070150 0
2454887.7732908562757075 15.1560831 0.0070204 0
2454887.7742555555887520 15.1776819 0.0070153 0
2454887.7751803239807487 15.1726208 0.0070159 0
2454887.7761074071750045 15.1573448 0.0070174 0
2454887.7770414352416992 15.1651707 0.0070263 0
2454887.7779604168608785 15.1735744 0.0070197 0
2454887.7788863424211740 15.1867208 0.0070275 0
2454887.7798122684471309 15.1782560 0.0070161 0
2454887.7807370368391275 15.1747465 0.0070276 0
2454887.7817167825996876 15.1804295 0.0070209 0
2454887.7835888890549541 15.1946278 0.0080441 0
2454887.7844922454096377 15.1682835 0.0080536 0
2454887.7854181714355946 15.1832943 0.0070171 0
2454887.7863481482490897 15.1724138 0.0070174 0
2454887.7872862266376615 15.1609993 0.0070238 0
2454887.7882127314805984 15.1786623 0.0080170 0
2454887.7891357638873160 15.1739349 0.0090184 0
2454887.7900576386600733 15.1839094 0.0090316 0
2454887.7909748842939734 15.1788616 0.0080255 0
2454887.7919089118950069 15.1624517 0.0080287 0
2454887.7928527779877186 15.1693907 0.0080237 0
2454887.7937896992079914 15.1614542 0.0080209 0
2454887.7947162035852671 15.1672869 0.0080196 0
2454887.7956571760587394 15.1661186 0.0090171 0
2454887.7965848380699754 15.1794882 0.0080274 0
2454887.7975275460630655 15.1730051 0.0080343 0
2454887.7985703703016043 15.1615152 0.0080252 0
2454887.7997063659131527 15.1659508 0.0080263 0
2454887.8006496527232230 15.1788597 0.0080993 0
2454887.8016322916373610 15.1578913 0.0080239 0
2454887.8026537038385868 15.1772385 0.0080185 0
2454887.8036947916261852 15.1808681 0.0090254 0
2454887.8047144678421319 15.1701679 0.0090279 0
2454887.8056924766860902 15.1915283 0.0090263 0
2454887.8066947916522622 15.1707478 0.0090251 0
2454887.8085750001482666 15.1859035 0.0090259 0
2454887.8095032409764826 15.1636486 0.0080231 0
2454887.8114725695922971 15.2122564 0.0090386 0
2454887.8123961803503335 15.2016077 0.0090254 0
2454887.8133319444023073 15.1813488 0.0090352 0
2454887.8142671296373010 15.1959400 0.0100283 0
2454887.8152069444768131 15.1799269 0.0090353 0
2454887.8161473381333053 15.2023726 0.0090348 0
2454887.8170964121818542 15.1734257 0.0100465 0
2454887.8191074072383344 15.1814203 0.0090277 0
2454887.8200408564880490 15.1806240 0.0100922 0
2454887.8209934029728174 15.1717148 0.0100773 0
2454887.8219609954394400 15.2083635 0.0100301 0
2454887.8229123842902482 15.1794672 0.0100364 0
2454887.8238782407715917 15.1716328 0.0100482 0
2454887.8248504628427327 15.1686687 0.0110772 0
2454887.8258990738540888 15.1949234 0.0130561 0
2454887.8268562499433756 15.2071009 0.0121105 0
2454887.8278082176111639 15.1649036 0.0110397 0
2454887.8287613424472511 15.1883602 0.0130783 0
2454887.8297381945885718 15.1873417 0.0120443 0
2454887.8306537037715316 15.1494474 0.0121572 0
2454887.8315848377533257 15.1784620 0.0130496 0
2454887.8325101854279637 15.1500654 0.0130791 0
2454887.8334546294063330 15.1338539 0.0122992 0
2454888.6674447916448116 15.1841888 0.0070316 0
2454888.6683608796447515 15.1720552 0.0070453 0
2454888.6692607640288770 15.1854372 0.0070371 0
2454888.6701681711710989 15.1749935 0.0070517 0
2454888.6710802083835006 15.1758709 0.0070630 0
2454888.6719829859212041 15.1778898 0.0070223 0
2454888.6729060183279216 15.1837654 0.0070314 0
2454888.6738012731075287 15.1710682 0.0070460 0
2454888.6747040511108935 15.1886673 0.0070646 0
2454888.6756184026598930 15.1866732 0.0060301 0
2454888.6765431715175509 15.1792002 0.0070304 0
2454888.6774395834654570 15.1847649 0.0070300 0
2454888.6895935186184943 15.1705074 0.0070131 0
2454888.6905084489844739 15.1693029 0.0060171 0
2454888.6914349538274109 15.1765461 0.0070174 0
2454888.6923412038013339 15.1718445 0.0070249 0
2454888.6932462961412966 15.1856565 0.0070159 0
2454888.6941357636824250 15.1904774 0.0070160 0
2454888.6950402776710689 15.1823053 0.0080130 0
2454888.6959453704766929 15.1771574 0.0070175 0
2454888.6968608796596527 15.1787539 0.0070149 0
2454888.7025194442830980 15.1797419 0.0100270 0
2454888.7034413195215166 15.1678638 0.0110207 0
2454888.7043498842976987 15.1700592 0.0110206 0
2454888.7072759261354804 15.1653233 0.0110184 0
2454888.7081872685812414 15.1687441 0.0100292 0
2454888.7090981481596828 15.1955719 0.0110265 0
2454888.7100136573426425 15.1885300 0.0140233 0
2454888.7109413193538785 15.1929398 0.0130273 0
2454888.7118799770250916 15.1689510 0.0130257 0
2454888.7128006946295500 15.1543779 0.0150296 0
2454888.7137162038125098 15.1800594 0.0130226 0
2454888.7146427081897855 15.1371050 0.0130404 0
2454888.7155553242191672 15.1849604 0.0140630 0
2454888.7165379631333053 15.1815290 0.0130188 0
2454888.7174476850777864 15.1693182 0.0140308 0
2454888.7183736111037433 15.1717443 0.0150222 0
2454888.7193006942979991 15.1753969 0.0130305 0
2454888.7211502315476537 15.1768522 0.0180442 0
2454888.7220478011295199 15.1471157 0.0240387 0
2454888.7229563659057021 15.1110811 0.0290397 0
2454888.7238770835101604 15.1948328 0.0550493 0
2454888.7247787038795650 15.2054987 0.0370436 0
2454888.7256785877980292 15.1846294 0.0210433 0
2454888.7266351850703359 15.1799564 0.0140166 0
2454888.7275616899132729 15.1762486 0.0120186 0
2454888.7284939815290272 15.1768045 0.0110188 0
2454888.7294222223572433 15.1737986 0.0110180 0
2454888.7312717591412365 15.1523066 0.0120268 0
2454888.7321843751706183 15.1739845 0.0110248 0
2454888.7331114583648741 15.1687031 0.0100164 0
2454888.7340130787342787 15.1761732 0.0090146 0
2454888.7349737267941236 15.1775503 0.0090150 0
2454888.7358950232155621 15.1618004 0.0100207 0
2454888.7368302084505558 15.1744032 0.0090419 0
2454888.7377503472380340 15.1739340 0.0090196 0
2454888.7386693288572133 15.1896830 0.0090261 0
2454888.7395883100107312 15.1778269 0.0080320 0
2454888.7405211804434657 15.1791744 0.0080136 0
2454888.7414523148909211 15.1832466 0.0080190 0
2454888.7423770832829177 15.1720867 0.0080236 0
2454888.7433151621371508 15.1605320 0.0080195 0
2454888.7442549769766629 15.1819115 0.0080144 0
2454888.7451936341822147 15.1855431 0.0080243 0
2454888.7461322918534279 15.1841383 0.0090210 0
2454888.7470535878092051 15.1739769 0.0080222 0
2454888.7479812498204410 15.1775007 0.0090353 0
2454888.7489129630848765 15.1781044 0.0080115 0
2454888.7498718751594424 15.1894207 0.0080184 0
2454888.7507966435514390 15.1829109 0.0080162 0
2454888.7517289351671934 15.1757069 0.0080158 0
2454888.7526432871818542 15.1975937 0.0090334 0
2454888.7535784724168479 15.1789465 0.0080180 0
2454888.7545165508054197 15.1798611 0.0080244 0
2454888.7554476852528751 15.1788902 0.0080201 0
2454888.7563805556856096 15.1812439 0.0080209 0
2454888.7573082176968455 15.1954842 0.0080162 0
2454888.7582358797080815 15.2008829 0.0090221 0
2454888.7591681713238358 15.1923704 0.0080146 0
2454888.7600981481373310 15.2041607 0.0080183 0
2454888.7610315973870456 15.2006750 0.0080169 0
2454888.7619598377496004 15.1950836 0.0080223 0
2454888.7628956018015742 15.1810112 0.0080266 0
2454888.7638631942681968 15.1738701 0.0090167 0
2454888.7647983795031905 15.1863165 0.0080263 0
2454888.7657763888128102 15.2033291 0.0080250 0
2454888.7667086804285645 15.1686821 0.0090201 0
2454888.7676403936930001 15.1687479 0.0080634 0
2454888.7685732636600733 15.1880875 0.0080241 0
2454888.7696270835585892 15.1896286 0.0090240 0
2454888.7705732639878988 15.2031174 0.0090216 0
2454888.7715084492228925 15.2186546 0.0090231 0
2454888.7724303239956498 15.1956415 0.0090254 0
2454888.7733620372600853 15.1995220 0.0100359 0
2454888.7743105324916542 15.2000084 0.0090256 0
2454888.7761843749321997 15.2014322 0.0140342 0
2454888.7771444446407259 15.1429358 0.0183460 0
2454888.7781050927005708 15.2333765 0.0311528 0
2454888.7790119214914739 15.1783810746269 99 1
2454888.7799465279094875 15.1783810746269 99 1
2454888.7809378472156823 15.1875010 0.0080383 0
2454888.7818875000812113 15.1826897 0.0080651 0
2454888.7828354164958000 15.1783810746269 99 1
2454888.7837873841635883 15.1783810746269 99 1
2454888.7847306714393198 15.1793137 0.0080278 0
2454888.7856895835138857 15.1975412 0.0080218 0
2454888.7866369211114943 15.1910563 0.0080211 0
2454888.7875900464132428 15.1932678 0.0080400 0
2454888.7885396992787719 15.1960144 0.0080265 0
2454888.7894795136526227 15.2007475 0.0080421 0
