0.95609756097561
2454887.7398140048608184 16.6118412 0.0150083 0
2454887.7406988427974284 16.6326904 0.0150107 0
2454887.7416172455996275 16.6603756 0.0160175 0
2454887.7425315971486270 16.6534824 0.0150151 0
2454887.7434355323202908 16.6356392 0.0150111 0
2454887.7444280092604458 16.6455593 0.0160135 0
2454887.7453365740366280 16.6357422 0.0150118 0
2454887.7462584492750466 16.6331863 0.0150117 0
2454887.7471716436557472 16.6325436 0.0150101 0
2454887.7480946760624647 16.6285439 0.0150069 0
2454887.7490032408386469 16.6392612 0.0160073 0
2454887.7499204860068858 16.6625938 0.0160147 0
2454887.7508365740068257 16.6244106 0.0150080 0
2454887.7517543979920447 16.6775589 0.0160073 0
2454887.7526531252078712 16.6542492 0.0160077 0
2454887.7535726851783693 16.6485291 0.0160051 0
2454887.7544905091635883 16.6282730 0.0150088 0
2454887.7554083331488073 16.6319561 0.0170089 0
2454887.7563325231894851 16.6294670 0.0160156 0
2454887.7572474535554647 16.6407337 0.0170167 0
2454887.7581785880029202 16.6460457 0.0170080 0
2454887.7590917823836207 16.6067829 0.0170122 0
2454887.7600171295925975 16.6403217 0.0160077 0
2454887.7618961804546416 16.6375675 0.0160070 0
2454887.7627902776002884 16.6452351 0.0160272 0
2454887.7637017359957099 16.6308098 0.0160073 0
2454887.7646328704431653 16.6305447 0.0160124 0
2454887.7655541668646038 16.6275578 0.0170086 0
2454887.7664656247943640 16.6358223 0.0180071 0
2454887.7674204860813916 16.6282825 0.0170078 0
2454887.7683498840779066 16.6215286 0.0170058 0
2454887.7693741898983717 16.6415386 0.0180064 0
2454887.7705530091188848 16.6062908 0.0170097 0
2454887.7714465279132128 16.6365547 0.0170101 0
2454887.7723736111074686 16.6292553 0.0190055 0
2454887.7732908562757075 16.6410847 0.0170084 0
2454887.7742555555887520 16.6056824 0.0170063 0
2454887.7751803239807487 16.6166191 0.0180062 0
2454887.7761074071750045 16.6403446 0.0180068 0
2454887.7770414352416992 16.6201706 0.0180102 0
2454887.7779604168608785 16.6065731 0.0170081 0
2454887.7788863424211740 16.6297207 0.0170113 0
2454887.7798122684471309 16.6342545 0.0170067 0
2454887.7807370368391275 16.6267471 0.0170114 0
2454887.7817167825996876 16.6444283 0.0180082 0
2454887.7835888890549541 16.6426277 0.0190186 0
2454887.7844922454096377 16.6072845 0.0200215 0
2454887.7854181714355946 16.6532936 0.0190063 0
2454887.7863481482490897 16.6354141 0.0180068 0
2454887.7872862266376615 16.6099987 0.0190088 0
2454887.7882127314805984 16.5986633 0.0200068 0
2454887.7891357638873160 16.6219349 0.0250066 0
2454887.7900576386600733 16.6799088 0.0280102 0
2454887.7909748842939734 16.6778622 0.0210097 0
2454887.7919089118950069 16.6574535 0.0220105 0
2454887.7928527779877186 16.6813908 0.0220086 0
2454887.7937896992079914 16.6554546 0.0210080 0
2454887.7947162035852671 16.6232872 0.0210075 0
2454887.7956571760587394 16.6721172 0.0270057 0
2454887.7965848380699754 16.6714878 0.0220100 0
2454887.7975275460630655 16.6440048 0.0210131 0
2454887.7985703703016043 16.6505146 0.0230088 0
2454887.7997063659131527 16.6429520 0.0240088 0
2454887.8006496527232230 16.6178589 0.0230347 0
2454887.8016322916373610 16.6338902 0.0230083 0
2454887.8026537038385868 16.6302395 0.0240062 0
2454887.8036947916261852 16.6498680 0.0260088 0
2454887.8047144678421319 16.6391678 0.0250100 0
2454887.8056924766860902 16.6465282 0.0260091 0
2454887.8066947916522622 16.6047478 0.0250090 0
2454887.8085750001482666 16.5519028 0.0260090 0
2454887.8095032409764826 16.5306473 0.0210088 0
2454887.8114725695922971 16.5942554 0.0270129 0
2454887.8123961803503335 16.6336079 0.0280082 0
2454887.8133319444023073 16.5713501 0.0240132 0
2454887.8142671296373010 16.6639404 0.0300095 0
2454887.8152069444768131 16.6969261 0.0300106 0
2454887.8161473381333053 16.6993732 0.0320098 0
2454887.8170964121818542 16.6654282 0.0320146 0
2454887.8191074072383344 16.7124195 0.0310080 0
2454887.8200408564880490 16.6616249 0.0310299 0
2454887.8209934029728174 16.6787128 0.0320242 0
2454887.8219609954394400 16.6513634 0.0300101 0
2454887.8229123842902482 16.6724663 0.0320114 0
2454887.8238782407715917 16.6416321 0.0310156 0
2454887.8248504628427327 16.5996685 0.0320266 0
2454887.8258990738540888 16.6329250 0.0450162 0
2454887.8268562499433756 16.6811008 0.0410325 0
2454887.8278082176111639 16.6969032 0.0360122 0
2454887.8287613424472511 16.7003613 0.0460222 0
2454887.8297381945885718 16.6953411 0.0450118 0
2454887.8306537037715316 16.6464462 0.0410463 0
2454887.8315848377533257 16.8144608 0.0530122 0
2454887.8325101854279637 16.8120632 0.0530195 0
2454887.8334546294063330 16.6448536 0.0430845 0
2454888.6674447916448116 16.6251888 0.0170130 0
2454888.6683608796447515 16.6470547 0.0160199 0
2454888.6692607640288770 16.6264381 0.0160163 0
2454888.6701681711710989 16.6559925 0.0160227 0
2454888.6710802083835006 16.6478710 0.0160277 0
2454888.6719829859212041 16.6528893 0.0160098 0
2454888.6729060183279216 16.6337643 0.0170129 0
2454888.6738012731075287 16.6140690 0.0150215 0
2454888.6747040511108935 16.6286678 0.0160283 0
2454888.6756184026598930 16.6396713 0.0150121 0
2454888.6765431715175509 16.6421986 0.0160133 0
2454888.6774395834654570 16.6527653 0.0150140 0
2454888.6895935186184943 16.6315060 0.0170054 0
2454888.6905084489844739 16.6573029 0.0160064 0
2454888.6914349538274109 16.6565475 0.0160076 0
2454888.6923412038013339 16.6378441 0.0170102 0
2454888.6932462961412966 16.6366577 0.0170066 0
2454888.6941357636824250 16.6474781 0.0180062 0
2454888.6950402776710689 16.6333046 0.0180058 0
2454888.6959453704766929 16.6551590 0.0190065 0
2454888.6968608796596527 16.6477528 0.0180058 0
2454888.7025194442830980 16.6297417 0.0290093 0
2454888.7034413195215166 16.6438656 0.0340067 0
2454888.7043498842976987 16.6450596 0.0350065 0
2454888.7072759261354804 16.5683250 0.0290070 0
2454888.7081872685812414 16.6247444 0.0340086 0
2454888.7090981481596828 16.6515713 0.0360081 0
2454888.7100136573426425 16.6545296 0.0460071 0
2454888.7109413193538785 16.6169376 0.0420085 0
2454888.7118799770250916 16.5699520 0.0380088 0
2454888.7128006946295500 16.6043777 0.0460097 0
2454888.7137162038125098 16.6260586 0.0410072 0
2454888.7146427081897855 16.6141052 0.0390135 0
2454888.7155553242191672 16.6649609 0.0430206 0
2454888.7165379631333053 16.6005306 0.0380064 0
2454888.7174476850777864 16.6763172 0.0430100 0
2454888.7183736111037433 16.6087456 0.0480069 0
2454888.7193006942979991 16.6083965 0.0400099 0
2454888.7211502315476537 16.5888519 0.0560142 0
2454888.7220478011295199 16.5511150 0.0750124 0
2454888.7229563659057021 16.6446829428571 99 1
2454888.7238770835101604 16.6446829428571 99 1
2454888.7247787038795650 16.6446829428571 99 1
2454888.7256785877980292 16.6196270 0.0710128 0
2454888.7266351850703359 16.6079559 0.0420055 0
2454888.7275616899132729 16.6462479 0.0370060 0
2454888.7284939815290272 16.6058064 0.0320065 0
2454888.7294222223572433 16.6317978 0.0330060 0
2454888.7312717591412365 16.6513062 0.0370087 0
2454888.7321843751706183 16.6439838 0.0330083 0
2454888.7331114583648741 16.6267052 0.0280059 0
2454888.7340130787342787 16.6391716 0.0260051 0
2454888.7349737267941236 16.6465492 0.0250054 0
2454888.7358950232155621 16.6137981 0.0260080 0
2454888.7368302084505558 16.6394024 0.0260145 0
2454888.7377503472380340 16.6269341 0.0240074 0
2454888.7386693288572133 16.6766834 0.0270087 0
2454888.7395883100107312 16.6578274 0.0220117 0
2454888.7405211804434657 16.6621742 0.0220050 0
2454888.7414523148909211 16.6452465 0.0220069 0
2454888.7423770832829177 16.6380863 0.0220086 0
2454888.7433151621371508 16.6225319 0.0210074 0
2454888.7442549769766629 16.6749115 0.0220052 0
2454888.7451936341822147 16.6725426 0.0250078 0
2454888.7461322918534279 16.6451378 0.0260073 0
2454888.7470535878092051 16.6319771 0.0200089 0
2454888.7479812498204410 16.6494999 0.0300106 0
2454888.7489129630848765 16.6671066 0.0220042 0
2454888.7498718751594424 16.6894207 0.0240061 0
2454888.7507966435514390 16.6509113 0.0230056 0
2454888.7517289351671934 16.6567078 0.0230055 0
2454888.7526432871818542 16.6845951 0.0300100 0
2454888.7535784724168479 16.6799450 0.0230063 0
2454888.7545165508054197 16.6738605 0.0260075 0
2454888.7554476852528751 16.6318913 0.0210077 0
2454888.7563805556856096 16.6472435 0.0200084 0
2454888.7573082176968455 16.6604843 0.0230056 0
2454888.7582358797080815 16.6468849 0.0230087 0
2454888.7591681713238358 16.6403694 0.0220053 0
2454888.7600981481373310 16.6881618 0.0240061 0
2454888.7610315973870456 16.6276741 0.0200068 0
2454888.7619598377496004 16.6700821 0.0220081 0
2454888.7628956018015742 16.5970135 0.0220097 0
2454888.7638631942681968 16.6558704 0.0240063 0
2454888.7647983795031905 16.6743164 0.0230092 0
2454888.7657763888128102 16.6483288 0.0230087 0
2454888.7667086804285645 16.6436806 0.0250072 0
2454888.7676403936930001 16.6367474 0.0220231 0
2454888.7685732636600733 16.6510868 0.0220088 0
2454888.7696270835585892 16.6986294 0.0260083 0
2454888.7705732639878988 16.6801167 0.0270072 0
2454888.7715084492228925 16.7016544 0.0270077 0
2454888.7724303239956498 16.6926403 0.0280082 0
2454888.7733620372600853 16.6685219 0.0300120 0
2454888.7743105324916542 16.6830082 0.0260089 0
2454888.7761843749321997 16.7564335 0.0500096 0
2454888.7771444446407259 16.6446829428571 99 1
2454888.7781050927005708 16.6446829428571 99 1
2454888.7790119214914739 16.6446829428571 99 1
2454888.7799465279094875 16.6446829428571 99 1
2454888.7809378472156823 16.7334995 0.0240128 0
2454888.7818875000812113 16.6716919 0.0230227 0
2454888.7828354164958000 16.6446829428571 99 1
2454888.7837873841635883 16.6446829428571 99 1
2454888.7847306714393198 16.6593132 0.0230097 0
2454888.7856895835138857 16.6565418 0.0230076 0
2454888.7866369211114943 16.6280556 0.0210081 0
2454888.7875900464132428 16.6522675 0.0220146 0
2454888.7885396992787719 16.6520157 0.0220097 0
2454888.7894795136526227 16.6727467 0.0230147 0
