0.619512195121951
2454887.7398140048608184 17.8918419 0.0370034 0
2454887.7406988427974284 17.9146900 0.0370043 0
2454887.7416172455996275 17.9243755 0.0390072 0
2454887.7425315971486270 17.9334831 0.0400057 0
2454887.7434355323202908 17.8776379 0.0370045 0
2454887.7444280092604458 17.9195595 0.0390055 0
2454887.7453365740366280 17.8847408 0.0380046 0
2454887.7462584492750466 17.8911877 0.0370048 0
2454887.7471716436557472 17.9165440 0.0380040 0
2454887.7480946760624647 17.9425449 0.0390027 0
2454887.7490032408386469 17.9322624 0.0390030 0
2454887.7499204860068858 17.9245949 0.0390060 0
2454887.7508365740068257 17.9144115 0.0380032 0
2454887.7517543979920447 17.8425598 0.0380031 0
2454887.7526531252078712 17.8022480 0.0360034 0
2454887.7535726851783693 17.8685284 0.0370022 0
2454887.7544905091635883 17.9092731 0.0390034 0
2454887.7554083331488073 17.9699554 0.0440034 0
2454887.7563325231894851 17.9314671 0.0400063 0
2454887.7572474535554647 17.8417320 0.0420068 0
2454887.7581785880029202 17.9240456 0.0440031 0
2454887.7590917823836207 17.9537830 0.0440047 0
2454887.7600171295925975 17.9113235 0.0420029 0
2454887.7618961804546416 17.9335670 0.0410027 0
2454887.7627902776002884 17.9312363 0.0420104 0
2454887.7637017359957099 17.8668098 0.0400029 0
2454887.7646328704431653 17.9155445 0.0420047 0
2454887.7655541668646038 17.9325581 0.0460032 0
2454887.7664656247943640 17.8688221 0.0430030 0
2454887.7674204860813916 17.8442841 0.0450029 0
2454887.7683498840779066 17.8275280 0.0430023 0
2454887.7693741898983717 17.9285393 0.0490023 0
2454887.7705530091188848 17.8792915 0.0470035 0
2454887.7714465279132128 17.8905544 0.0440039 0
2454887.7723736111074686 17.9852543 0.0560019 0
2454887.7732908562757075 17.9530849 0.0460031 0
2454887.7742555555887520 17.8626804 0.0450024 0
2454887.7751803239807487 17.9906197 0.0520021 0
2454887.7761074071750045 17.8133450 0.0440028 0
2454887.7770414352416992 17.9131718 0.0490038 0
2454887.7779604168608785 17.9485741 0.0470029 0
2454887.7788863424211740 17.8987198 0.0460042 0
2454887.7798122684471309 17.9262562 0.0450025 0
2454887.7807370368391275 17.8727474 0.0470041 0
2454887.7817167825996876 17.9554291 0.0500029 0
2454887.7835888890549541 17.8066292 0.0510069 0
2454887.7844922454096377 17.8532848 0.0550078 0
2454887.7854181714355946 17.9112930 0.0520023 0
2454887.7863481482490897 17.8634148 0.0490025 0
2454887.7872862266376615 17.9879990 0.0570029 0
2454887.7882127314805984 17.8336639 0.0530026 0
2454887.7891357638873160 17.9719334 0.0780021 0
2454887.7900576386600733 17.7689095 0.0710040 0
2454887.7909748842939734 17.9768620 0.0590035 0
2454887.7919089118950069 17.8444538 0.0590039 0
2454887.7928527779877186 17.8523903 0.0550034 0
2454887.7937896992079914 17.9484558 0.0580029 0
2454887.7947162035852671 17.8302879 0.0560028 0
2454887.7956571760587394 17.9007365472441 99 1
2454887.7965848380699754 17.8874893 0.0620035 0
2454887.7975275460630655 17.9290047 0.0590047 0
2454887.7985703703016043 17.9425163 0.0670030 0
2454887.7997063659131527 17.8849525 0.0660032 0
2454887.8006496527232230 17.9038582 0.0660121 0
2454887.8016322916373610 17.9007365472441 99 1
2454887.8026537038385868 17.9422398 0.0670022 0
2454887.8036947916261852 17.8468685 0.0660035 0
2454887.8047144678421319 17.9271679 0.0710035 0
2454887.8056924766860902 17.8475285 0.0680035 0
2454887.8066947916522622 17.9007365472441 99 1
2454887.8085750001482666 17.9007365472441 99 1
2454887.8095032409764826 17.9007365472441 99 1
2454887.8114725695922971 17.9007365472441 99 1
2454887.8123961803503335 17.9007365472441 99 1
2454887.8133319444023073 17.9007365472441 99 1
2454887.8142671296373010 17.9007365472441 99 1
2454887.8152069444768131 17.9579258 0.0890036 0
2454887.8161473381333053 17.8243732 0.0770041 0
2454887.8170964121818542 17.9007365472441 99 1
2454887.8191074072383344 17.9007365472441 99 1
2454887.8200408564880490 17.9007365472441 99 1
2454887.8209934029728174 17.9007365472441 99 1
2454887.8219609954394400 17.9007365472441 99 1
2454887.8229123842902482 17.9007365472441 99 1
2454887.8238782407715917 17.9007365472441 99 1
2454887.8248504628427327 17.9456692 0.1030083 0
2454887.8258990738540888 17.9007365472441 99 1
2454887.8268562499433756 17.9007365472441 99 1
2454887.8278082176111639 17.9007365472441 99 1
2454887.8287613424472511 17.9007365472441 99 1
2454887.8297381945885718 17.9007365472441 99 1
2454887.8306537037715316 17.9007365472441 99 1
2454887.8315848377533257 17.9007365472441 99 1
2454887.8325101854279637 17.9007365472441 99 1
2454887.8334546294063330 17.9007365472441 99 1
2454888.6674447916448116 17.9481888 0.0450049 0
2454888.6683608796447515 17.8900547 0.0400080 0
2454888.6692607640288770 18.0034389 0.0440059 0
2454888.6701681711710989 17.9129925 0.0410089 0
2454888.6710802083835006 17.9718723 0.0430103 0
2454888.6719829859212041 17.9588890 0.0430036 0
2454888.6729060183279216 17.9537640 0.0450049 0
2454888.6738012731075287 17.9390697 0.0400081 0
2454888.6747040511108935 17.8846684 0.0400113 0
2454888.6756184026598930 17.8716717 0.0370049 0
2454888.6765431715175509 17.9111996 0.0400053 0
2454888.6774395834654570 17.9157639 0.0390054 0
2454888.6895935186184943 17.8305054 0.0400023 0
2454888.6905084489844739 17.8663025 0.0370028 0
2454888.6914349538274109 17.8765469 0.0410030 0
2454888.6923412038013339 17.9168434 0.0450039 0
2454888.6932462961412966 17.9226570 0.0460024 0
2454888.6941357636824250 17.8984776 0.0490023 0
2454888.6950402776710689 17.9043045 0.0510020 0
2454888.6959453704766929 17.9131584 0.0480026 0
2454888.6968608796596527 17.9267540 0.0470022 0
2454888.7025194442830980 17.9007365472441 99 1
2454888.7034413195215166 17.9007365472441 99 1
2454888.7043498842976987 17.9007365472441 99 1
2454888.7072759261354804 17.9007365472441 99 1
2454888.7081872685812414 17.9007365472441 99 1
2454888.7090981481596828 17.9007365472441 99 1
2454888.7100136573426425 17.9007365472441 99 1
2454888.7109413193538785 17.9007365472441 99 1
2454888.7118799770250916 17.9007365472441 99 1
2454888.7128006946295500 17.9007365472441 99 1
2454888.7137162038125098 17.9007365472441 99 1
2454888.7146427081897855 17.9007365472441 99 1
2454888.7155553242191672 17.9007365472441 99 1
2454888.7165379631333053 17.9007365472441 99 1
2454888.7174476850777864 17.9007365472441 99 1
2454888.7183736111037433 17.9007365472441 99 1
2454888.7193006942979991 17.9007365472441 99 1
2454888.7211502315476537 17.9007365472441 99 1
2454888.7220478011295199 17.9007365472441 99 1
2454888.7229563659057021 17.9007365472441 99 1
2454888.7238770835101604 17.9007365472441 99 1
2454888.7247787038795650 17.9007365472441 99 1
2454888.7256785877980292 17.9007365472441 99 1
2454888.7266351850703359 17.9007365472441 99 1
2454888.7275616899132729 17.9007365472441 99 1
2454888.7284939815290272 17.9007365472441 99 1
2454888.7294222223572433 17.9007365472441 99 1
2454888.7312717591412365 17.9007365472441 99 1
2454888.7321843751706183 17.9007365472441 99 1
2454888.7331114583648741 17.8037052 0.0740022 0
2454888.7340130787342787 17.9007365472441 99 1
2454888.7349737267941236 17.8675499 0.0700019 0
2454888.7358950232155621 17.9007365472441 99 1
2454888.7368302084505558 17.9007365472441 99 1
2454888.7377503472380340 17.8209343 0.0650027 0
2454888.7386693288572133 17.9007365472441 99 1
2454888.7395883100107312 17.9538269 0.0640040 0
2454888.7405211804434657 17.9007365472441 99 1
2454888.7414523148909211 17.8842468 0.0580026 0
2454888.7423770832829177 17.9180870 0.0630030 0
2454888.7433151621371508 17.9395313 0.0640024 0
2454888.7442549769766629 17.8019104 0.0580020 0
2454888.7451936341822147 17.8835430 0.0700028 0
2454888.7461322918534279 17.9791374 0.0820023 0
2454888.7470535878092051 17.9007365472441 99 1
2454888.7479812498204410 17.9007365472441 99 1
2454888.7489129630848765 17.8961067 0.0620015 0
2454888.7498718751594424 17.9007365472441 99 1
2454888.7507966435514390 17.9007365472441 99 1
2454888.7517289351671934 17.8587074 0.0600021 0
2454888.7526432871818542 17.9935951 0.0920033 0
2454888.7535784724168479 17.9007365472441 99 1
2454888.7545165508054197 17.9678612 0.0810024 0
2454888.7554476852528751 17.8018913 0.0530030 0
2454888.7563805556856096 18.0502434 0.0690024 0
2454888.7573082176968455 17.9007365472441 99 1
2454888.7582358797080815 17.8418846 0.0620032 0
2454888.7591681713238358 17.8493690 0.0580020 0
2454888.7600981481373310 17.9007365472441 99 1
2454888.7610315973870456 17.9206734 0.0580023 0
2454888.7619598377496004 17.9350834 0.0610029 0
2454888.7628956018015742 17.8700123 0.0640033 0
2454888.7638631942681968 18.1268692 0.0840018 0
2454888.7647983795031905 17.8583164 0.0610035 0
2454888.7657763888128102 17.7963276 0.0600033 0
2454888.7667086804285645 17.9007365472441 99 1
2454888.7676403936930001 17.8677483 0.0620082 0
2454888.7685732636600733 17.9007365472441 99 1
2454888.7696270835585892 17.9376297 0.0790027 0
2454888.7705732639878988 17.9251175 0.0800024 0
2454888.7715084492228925 17.8276539 0.0720029 0
2454888.7724303239956498 17.9066410 0.0830028 0
2454888.7733620372600853 17.9007365472441 99 1
2454888.7743105324916542 17.9007365472441 99 1
2454888.7761843749321997 17.9007365472441 99 1
2454888.7771444446407259 17.9007365472441 99 1
2454888.7781050927005708 17.9007365472441 99 1
2454888.7790119214914739 17.9007365472441 99 1
2454888.7799465279094875 17.9007365472441 99 1
2454888.7809378472156823 17.9007365472441 99 1
2454888.7818875000812113 17.7766914 0.0560093 0
2454888.7828354164958000 17.9007365472441 99 1
2454888.7837873841635883 17.9007365472441 99 1
2454888.7847306714393198 17.8593140 0.0610036 0
2454888.7856895835138857 17.8525429 0.0640027 0
2454888.7866369211114943 17.9520569 0.0640026 0
2454888.7875900464132428 17.9082680 0.0600053 0
2454888.7885396992787719 17.8550148 0.0560038 0
2454888.7894795136526227 17.8377476 0.0610055 0
