0.897560975609756
2454887.7398140048608184 17.1988411 0.0220057 0
2454887.7406988427974284 17.2256889 0.0220073 0
2454887.7416172455996275 17.2363758 0.0230122 0
2454887.7425315971486270 17.2214832 0.0220103 0
2454887.7434355323202908 17.2216377 0.0220075 0
2454887.7444280092604458 17.1905594 0.0220098 0
2454887.7453365740366280 17.2137413 0.0220080 0
2454887.7462584492750466 17.2441864 0.0220080 0
2454887.7471716436557472 17.2135448 0.0220069 0
2454887.7480946760624647 17.1885452 0.0220047 0
2454887.7490032408386469 17.2232609 0.0230051 0
2454887.7499204860068858 17.2155952 0.0220107 0
2454887.7508365740068257 17.1634121 0.0220055 0
2454887.7517543979920447 17.2105598 0.0230051 0
2454887.7526531252078712 17.2062492 0.0230054 0
2454887.7535726851783693 17.2275295 0.0230036 0
2454887.7544905091635883 17.2112732 0.0220060 0
2454887.7554083331488073 17.1829548 0.0240063 0
2454887.7563325231894851 17.1904678 0.0230109 0
2454887.7572474535554647 17.1857338 0.0250114 0
2454887.7581785880029202 17.2140446 0.0250054 0
2454887.7590917823836207 17.2027836 0.0250083 0
2454887.7600171295925975 17.2273235 0.0230054 0
2454887.7618961804546416 17.1935673 0.0230049 0
2454887.7627902776002884 17.2172356 0.0230189 0
2454887.7637017359957099 17.1738091 0.0230050 0
2454887.7646328704431653 17.1735439 0.0230086 0
2454887.7655541668646038 17.2115574 0.0250058 0
2454887.7664656247943640 17.1878223 0.0260049 0
2454887.7674204860813916 17.2042828 0.0260051 0
2454887.7683498840779066 17.1445274 0.0240041 0
2454887.7693741898983717 17.2025394 0.0270043 0
2454887.7705530091188848 17.1982918 0.0260063 0
2454887.7714465279132128 17.1935539 0.0240071 0
2454887.7723736111074686 17.1502552 0.0270039 0
2454887.7732908562757075 17.2210846 0.0260055 0
2454887.7742555555887520 17.1986809 0.0260041 0
2454887.7751803239807487 17.2576199 0.0280040 0
2454887.7761074071750045 17.1643448 0.0250049 0
2454887.7770414352416992 17.2131710 0.0280066 0
2454887.7779604168608785 17.2265739 0.0270051 0
2454887.7788863424211740 17.1777210 0.0250077 0
2454887.7798122684471309 17.1842556 0.0250045 0
2454887.7807370368391275 17.1827469 0.0260074 0
2454887.7817167825996876 17.1844292 0.0270054 0
2454887.7835888890549541 17.3086300 0.0320110 0
2454887.7844922454096377 17.1552849 0.0310139 0
2454887.7854181714355946 17.1942940 0.0280043 0
2454887.7863481482490897 17.2074146 0.0270045 0
2454887.7872862266376615 17.1879997 0.0280059 0
2454887.7882127314805984 17.2036629 0.0300045 0
2454887.7891357638873160 17.2169342 0.0400041 0
2454887.7900576386600733 17.2179089 0.0410069 0
2454887.7909748842939734 17.2438622 0.0310066 0
2454887.7919089118950069 17.2584534 0.0340068 0
2454887.7928527779877186 17.1843910 0.0300063 0
2454887.7937896992079914 17.1814556 0.0320052 0
2454887.7947162035852671 17.2202873 0.0320049 0
2454887.7956571760587394 17.1781178 0.0390039 0
2454887.7965848380699754 17.2384892 0.0350063 0
2454887.7975275460630655 17.2370052 0.0330083 0
2454887.7985703703016043 17.2245159 0.0360056 0
2454887.7997063659131527 17.2199516 0.0360059 0
2454887.8006496527232230 17.1908588 0.0350228 0
2454887.8016322916373610 17.1788902 0.0340056 0
2454887.8026537038385868 17.2162399 0.0360041 0
2454887.8036947916261852 17.1578674 0.0360064 0
2454887.8047144678421319 17.2411671 0.0390064 0
2454887.8056924766860902 17.1865292 0.0370064 0
2454887.8066947916522622 17.2347469 0.0390058 0
2454887.8085750001482666 17.1849022 0.0400058 0
2454887.8095032409764826 17.1496468 0.0360051 0
2454887.8114725695922971 17.1562557 0.0400087 0
2454887.8123961803503335 17.2186089 0.0420054 0
2454887.8133319444023073 17.2123508 0.0380084 0
2454887.8142671296373010 17.2239399 0.0430066 0
2454887.8152069444768131 17.1839275 0.0430074 0
2454887.8161473381333053 17.1513729 0.0430073 0
2454887.8170964121818542 17.2164268 0.0470099 0
2454887.8191074072383344 17.2334194 0.0460054 0
2454887.8200408564880490 17.2136250 0.0490189 0
2454887.8209934029728174 17.2957134 0.0520149 0
2454887.8219609954394400 17.2333641 0.0470064 0
2454887.8229123842902482 17.2544670 0.0470078 0
2454887.8238782407715917 17.2096310 0.0490098 0
2454887.8248504628427327 17.2256699 0.0540158 0
2454887.8258990738540888 16.7369251 0.0450162 0
2454887.8268562499433756 17.2980995 0.0650205 0
2454887.8278082176111639 17.3029041 0.0600073 0
2454887.8287613424472511 17.2573605 0.0710144 0
2454887.8297381945885718 17.1163425 0.0590090 0
2454887.8306537037715316 17.2094721461957 99 1
2454887.8315848377533257 17.2094721461957 99 1
2454887.8325101854279637 17.2094721461957 99 1
2454887.8334546294063330 17.2568531 0.0710512 0
2454888.6674447916448116 17.2071896 0.0250089 0
2454888.6683608796447515 17.1520538 0.0220145 0
2454888.6692607640288770 17.1924381 0.0230113 0
2454888.6701681711710989 17.2199936 0.0240151 0
2454888.6710802083835006 17.1658726 0.0230193 0
2454888.6719829859212041 17.1598892 0.0220071 0
2454888.6729060183279216 17.2247639 0.0250088 0
2454888.6738012731075287 17.2070694 0.0230140 0
2454888.6747040511108935 17.1616688 0.0230197 0
2454888.6756184026598930 17.1916714 0.0210086 0
2454888.6765431715175509 17.1861992 0.0230093 0
2454888.6774395834654570 17.1797638 0.0220096 0
2454888.6895935186184943 17.2045059 0.0250037 0
2454888.6905084489844739 17.1803036 0.0210049 0
2454888.6914349538274109 17.1755466 0.0230053 0
2454888.6923412038013339 17.1878433 0.0240073 0
2454888.6932462961412966 17.2086563 0.0250045 0
2454888.6941357636824250 17.2244778 0.0280040 0
2454888.6950402776710689 17.1833057 0.0270039 0
2454888.6959453704766929 17.1701584 0.0260047 0
2454888.6968608796596527 17.2527523 0.0260040 0
2454888.7025194442830980 17.2087421 0.0470058 0
2454888.7034413195215166 17.2338638 0.0530043 0
2454888.7043498842976987 17.3370590 0.0610037 0
2454888.7072759261354804 17.2143250 0.0480042 0
2454888.7081872685812414 17.2647438 0.0530055 0
2454888.7090981481596828 17.2355709 0.0580050 0
2454888.7100136573426425 17.2094721461957 99 1
2454888.7109413193538785 17.3369389 0.0710050 0
2454888.7118799770250916 17.2819519 0.0670050 0
2454888.7128006946295500 17.2094721461957 99 1
2454888.7137162038125098 17.2270584 0.0670044 0
2454888.7146427081897855 17.1461048 0.0600088 0
2454888.7155553242191672 17.2094721461957 99 1
2454888.7165379631333053 17.2245293 0.0640038 0
2454888.7174476850777864 17.2094721461957 99 1
2454888.7183736111037433 17.2094721461957 99 1
2454888.7193006942979991 17.1293964 0.0640062 0
2454888.7211502315476537 17.2094721461957 99 1
2454888.7220478011295199 17.2094721461957 99 1
2454888.7229563659057021 17.2094721461957 99 1
2454888.7238770835101604 17.2094721461957 99 1
2454888.7247787038795650 17.2094721461957 99 1
2454888.7256785877980292 17.2094721461957 99 1
2454888.7266351850703359 17.2499542 0.0710033 0
2454888.7275616899132729 17.1752491 0.0590038 0
2454888.7284939815290272 17.3448048 0.0560037 0
2454888.7294222223572433 17.2127991 0.0530037 0
2454888.7312717591412365 17.1603069 0.0530061 0
2454888.7321843751706183 17.1969833 0.0520053 0
2454888.7331114583648741 17.1617050 0.0410040 0
2454888.7340130787342787 17.2091732 0.0410032 0
2454888.7349737267941236 17.2025509 0.0370037 0
2454888.7358950232155621 17.1937981 0.0410051 0
2454888.7368302084505558 17.1894016 0.0380099 0
2454888.7377503472380340 17.2259331 0.0370048 0
2454888.7386693288572133 17.2056828 0.0380062 0
2454888.7395883100107312 17.2088280 0.0340075 0
2454888.7405211804434657 17.2151737 0.0340032 0
2454888.7414523148909211 17.1532459 0.0310049 0
2454888.7423770832829177 17.2080860 0.0350054 0
2454888.7433151621371508 17.2185307 0.0330047 0
2454888.7442549769766629 17.2189102 0.0340034 0
2454888.7451936341822147 17.1755428 0.0360054 0
2454888.7461322918534279 17.1741371 0.0390049 0
2454888.7470535878092051 17.1899776 0.0310057 0
2454888.7479812498204410 17.2094721461957 99 1
2454888.7489129630848765 17.2311058 0.0320029 0
2454888.7498718751594424 17.2624207 0.0370040 0
2454888.7507966435514390 17.1359119 0.0320041 0
2454888.7517289351671934 17.2567062 0.0340037 0
2454888.7526432871818542 17.2605953 0.0450067 0
2454888.7535784724168479 17.2019463 0.0340042 0
2454888.7545165508054197 17.1768608 0.0380051 0
2454888.7554476852528751 17.1878929 0.0310052 0
2454888.7563805556856096 17.1742439 0.0300056 0
2454888.7573082176968455 17.2184830 0.0340038 0
2454888.7582358797080815 17.2328854 0.0360055 0
2454888.7591681713238358 17.2673683 0.0340034 0
2454888.7600981481373310 17.2421608 0.0340043 0
2454888.7610315973870456 17.2096748 0.0320042 0
2454888.7619598377496004 17.1740837 0.0320056 0
2454888.7628956018015742 17.2050114 0.0350061 0
2454888.7638631942681968 17.2548695 0.0390039 0
2454888.7647983795031905 17.2203159 0.0340062 0
2454888.7657763888128102 17.2383270 0.0350057 0
2454888.7667086804285645 17.2026806 0.0370049 0
2454888.7676403936930001 17.2297497 0.0350146 0
2454888.7685732636600733 17.2340889 0.0350055 0
2454888.7696270835585892 17.2386303 0.0400054 0
2454888.7705732639878988 17.3091183 0.0440044 0
2454888.7715084492228925 17.2556534 0.0420050 0
2454888.7724303239956498 17.2686405 0.0450051 0
2454888.7733620372600853 17.3055210 0.0510071 0
2454888.7743105324916542 17.3550091 0.0450051 0
2454888.7761843749321997 17.3014336 0.0750064 0
2454888.7771444446407259 17.2094721461957 99 1
2454888.7781050927005708 17.2094721461957 99 1
2454888.7790119214914739 17.2094721461957 99 1
2454888.7799465279094875 17.2094721461957 99 1
2454888.7809378472156823 17.1124992 0.0310099 0
2454888.7818875000812113 17.2046909 0.0330158 0
2454888.7828354164958000 17.2094721461957 99 1
2454888.7837873841635883 17.2094721461957 99 1
2454888.7847306714393198 17.2523136 0.0350064 0
2454888.7856895835138857 17.2075424 0.0340051 0
2454888.7866369211114943 17.2200565 0.0330051 0
2454888.7875900464132428 17.1932678 0.0320100 0
2454888.7885396992787719 17.2290154 0.0340063 0
2454888.7894795136526227 17.2107487 0.0340099 0
