0.985365853658537
2454887.7398140048608184 14.6448421 0.0050250 0
2454887.7406988427974284 14.5936899 0.0050320 0
2454887.7416172455996275 14.6223755 0.0050558 0
2454887.7425315971486270 14.6014824 0.0050451 0
2454887.7434355323202908 14.5946388 0.0050331 0
2454887.7444280092604458 14.5935574 0.0050431 0
2454887.7453365740366280 14.5997410 0.0050352 0
2454887.7462584492750466 14.6131868 0.0050351 0
2454887.7471716436557472 14.6075430 0.0050303 0
2454887.7480946760624647 14.5985451 0.0050207 0
2454887.7490032408386469 14.6052608 0.0050233 0
2454887.7499204860068858 14.5965939 0.0050467 0
2454887.7508365740068257 14.6094112 0.0050241 0
2454887.7517543979920447 14.5975590 0.0050232 0
2454887.7526531252078712 14.5942478 0.0050246 0
2454887.7535726851783693 14.5905313 0.0050164 0
2454887.7544905091635883 14.6022730 0.0050263 0
2454887.7554083331488073 14.5969553 0.0050300 0
2454887.7563325231894851 14.6034679 0.0050498 0
2454887.7572474535554647 14.5967331 0.0050565 0
2454887.7581785880029202 14.6030445 0.0050271 0
2454887.7590917823836207 14.5977821 0.0050413 0
2454887.7600171295925975 14.5953236 0.0050247 0
2454887.7618961804546416 14.5995665 0.0050225 0
2454887.7627902776002884 14.5832367 0.0050863 0
2454887.7637017359957099 14.6058102 0.0050232 0
2454887.7646328704431653 14.5905428 0.0050395 0
2454887.7655541668646038 14.5935564 0.0050291 0
2454887.7664656247943640 14.5818233 0.0050253 0
2454887.7674204860813916 14.6082840 0.0050264 0
2454887.7683498840779066 14.5985298 0.0050197 0
2454887.7693741898983717 14.6055384 0.0050230 0
2454887.7705530091188848 14.5972910 0.0050328 0
2454887.7714465279132128 14.5905552 0.0050341 0
2454887.7723736111074686 14.5952549 0.0050209 0
2454887.7732908562757075 14.5940838 0.0050285 0
2454887.7742555555887520 14.5996819 0.0050213 0
2454887.7751803239807487 14.5916204 0.0050222 0
2454887.7761074071750045 14.5963449 0.0050243 0
2454887.7770414352416992 14.6121702 0.0050367 0
2454887.7779604168608785 14.6145744 0.0050276 0
2454887.7788863424211740 14.5957203 0.0050384 0
2454887.7798122684471309 14.5922556 0.0050226 0
2454887.7807370368391275 14.5937462 0.0050386 0
2454887.7817167825996876 14.6044292 0.0050293 0
2454887.7835888890549541 14.5896282 0.0050702 0
2454887.7844922454096377 14.6122837 0.0060713 0
2454887.7854181714355946 14.5972948 0.0050239 0
2454887.7863481482490897 14.5874138 0.0050244 0
2454887.7872862266376615 14.6029987 0.0050332 0
2454887.7882127314805984 14.5896616 0.0050272 0
2454887.7891357638873160 14.5939350 0.0060275 0
2454887.7900576386600733 14.5909090 0.0060472 0
2454887.7909748842939734 14.5848618 0.0050408 0
2454887.7919089118950069 14.6194515 0.0060382 0
2454887.7928527779877186 14.5943909 0.0060315 0
2454887.7937896992079914 14.6004553 0.0060279 0
2454887.7947162035852671 14.6032867 0.0060262 0
2454887.7956571760587394 14.6091194 0.0060256 0
2454887.7965848380699754 14.5954885 0.0060365 0
2454887.7975275460630655 14.5870056 0.0060456 0
2454887.7985703703016043 14.5775156 0.0060336 0
2454887.7997063659131527 14.5869513 0.0060350 0
2454887.8006496527232230 14.5788603 0.0061317 0
2454887.8016322916373610 14.5928907 0.0060319 0
2454887.8026537038385868 14.5952377 0.0060247 0
2454887.8036947916261852 14.5948677 0.0060381 0
2454887.8047144678421319 14.6161680 0.0060417 0
2454887.8056924766860902 14.5785294 0.0060393 0
2454887.8066947916522622 14.5827475 0.0060376 0
2454887.8085750001482666 14.5929041 0.0060387 0
2454887.8095032409764826 14.5956488 0.0060307 0
2454887.8114725695922971 14.5912561 0.0060578 0
2454887.8123961803503335 14.6016083 0.0060380 0
2454887.8133319444023073 14.5823488 0.0060527 0
2454887.8142671296373010 14.6069403 0.0070404 0
2454887.8152069444768131 14.5769272 0.0060529 0
2454887.8161473381333053 14.5803728 0.0060521 0
2454887.8170964121818542 14.5764256 0.0070663 0
2454887.8191074072383344 14.5934200 0.0060414 0
2454887.8200408564880490 14.5916243 0.0071311 0
2454887.8209934029728174 14.5777149 0.0071100 0
2454887.8219609954394400 14.5973635 0.0070430 0
2454887.8229123842902482 14.6014671 0.0070520 0
2454887.8238782407715917 14.5886326 0.0070686 0
2454887.8248504628427327 14.5806684 0.0071207 0
2454887.8258990738540888 14.5639238 0.0080908 0
2454887.8268562499433756 14.5481014 0.0081649 0
2454887.8278082176111639 14.5789032 0.0070622 0
2454887.8287613424472511 14.6233606 0.0091127 0
2454887.8297381945885718 14.5843420 0.0080663 0
2454887.8306537037715316 14.6034479 0.0082340 0
2454887.8315848377533257 14.6164618 0.0090715 0
2454887.8325101854279637 14.5900650 0.0091139 0
2454887.8334546294063330 14.5688543 0.0084422 0
2454888.6674447916448116 14.6151886 0.0050441 0
2454888.6683608796447515 14.6150551 0.0050633 0
2454888.6692607640288770 14.6214371 0.0050519 0
2454888.6701681711710989 14.6149931 0.0050721 0
2454888.6710802083835006 14.6108704 0.0050878 0
2454888.6719829859212041 14.6098900 0.0050312 0
2454888.6729060183279216 14.6107655 0.0050438 0
2454888.6738012731075287 14.6140680 0.0050641 0
2454888.6747040511108935 14.6156673 0.0050900 0
2454888.6756184026598930 14.6026726 0.0050361 0
2454888.6765431715175509 14.6111994 0.0050424 0
2454888.6774395834654570 14.6047649 0.0050420 0
2454888.6895935186184943 14.6155071 0.0050183 0
2454888.6905084489844739 14.6063023 0.0050205 0
2454888.6914349538274109 14.6195459 0.0050243 0
2454888.6923412038013339 14.6158447 0.0050347 0
2454888.6932462961412966 14.6076565 0.0050223 0
2454888.6941357636824250 14.6044779 0.0050224 0
2454888.6950402776710689 14.6123047 0.0060173 0
2454888.6959453704766929 14.6081581 0.0060205 0
2454888.6968608796596527 14.6017542 0.0050208 0
2454888.7025194442830980 14.5957422 0.0070386 0
2454888.7034413195215166 14.6118641 0.0080284 0
2454888.7043498842976987 14.6030598 0.0080283 0
2454888.7072759261354804 14.6033230 0.0070288 0
2454888.7081872685812414 14.6167440 0.0070417 0
2454888.7090981481596828 14.6105719 0.0080364 0
2454888.7100136573426425 14.5965300 0.0090362 0
2454888.7109413193538785 14.6009398 0.0090395 0
2454888.7118799770250916 14.6119509 0.0090371 0
2454888.7128006946295500 14.6143780 0.0100443 0
2454888.7137162038125098 14.6150589 0.0090327 0
2454888.7146427081897855 14.6201048 0.0090583 0
2454888.7155553242191672 14.5979605 0.0090977 0
2454888.7165379631333053 14.6075287 0.0090272 0
2454888.7174476850777864 14.6193180 0.0090478 0
2454888.7183736111037433 14.5997448 0.0100332 0
2454888.7193006942979991 14.6223974 0.0090440 0
2454888.7211502315476537 14.6198521 0.0120662 0
2454888.7220478011295199 14.6371155 0.0160580 0
2454888.7229563659057021 14.6030807 0.0200575 0
2454888.7238770835101604 14.6588335 0.0330820 0
2454888.7247787038795650 14.6204996 0.0230701 0
2454888.7256785877980292 14.5896292 0.0130699 0
2454888.7266351850703359 14.6049557 0.0090258 0
2454888.7275616899132729 14.6092482 0.0080279 0
2454888.7284939815290272 14.6158047 0.0080259 0
2454888.7294222223572433 14.5947981 0.0080247 0
2454888.7312717591412365 14.6123066 0.0080401 0
2454888.7321843751706183 14.6029844 0.0070389 0
2454888.7331114583648741 14.6217031 0.0070234 0
2454888.7340130787342787 14.6011734 0.0070188 0
2454888.7349737267941236 14.6045504 0.0060225 0
2454888.7358950232155621 14.6118002 0.0070295 0
2454888.7368302084505558 14.6074028 0.0060627 0
2454888.7377503472380340 14.6109343 0.0060294 0
2454888.7386693288572133 14.6186838 0.0060391 0
2454888.7395883100107312 14.6108265 0.0060426 0
2454888.7405211804434657 14.6101742 0.0060182 0
2454888.7414523148909211 14.6062469 0.0060253 0
2454888.7423770832829177 14.5950861 0.0060315 0
2454888.7433151621371508 14.6135311 0.0060260 0
2454888.7442549769766629 14.6009111 0.0060192 0
2454888.7451936341822147 14.6015425 0.0060324 0
2454888.7461322918534279 14.5971384 0.0060315 0
2454888.7470535878092051 14.6129770 0.0060296 0
2454888.7479812498204410 14.6105003 0.0070453 0
2454888.7489129630848765 14.6001043 0.0060153 0
2454888.7498718751594424 14.6034212 0.0060245 0
2454888.7507966435514390 14.6069107 0.0060216 0
2454888.7517289351671934 14.5937080 0.0060210 0
2454888.7526432871818542 14.5955944 0.0060500 0
2454888.7535784724168479 14.5999470 0.0060240 0
2454888.7545165508054197 14.6048613 0.0060325 0
2454888.7554476852528751 14.5958900 0.0060268 0
2454888.7563805556856096 14.6072445 0.0060278 0
2454888.7573082176968455 14.6054840 0.0060216 0
2454888.7582358797080815 14.5988827 0.0060331 0
2454888.7591681713238358 14.6073704 0.0060194 0
2454888.7600981481373310 14.6051607 0.0060243 0
2454888.7610315973870456 14.5956745 0.0060225 0
2454888.7619598377496004 14.6110830 0.0060297 0
2454888.7628956018015742 14.5990114 0.0060355 0
2454888.7638631942681968 14.6068697 0.0060250 0
2454888.7647983795031905 14.6033163 0.0060350 0
2454888.7657763888128102 14.5933285 0.0060333 0
2454888.7667086804285645 14.5956821 0.0060300 0
2454888.7676403936930001 14.6187477 0.0060843 0
2454888.7685732636600733 14.6070881 0.0060320 0
2454888.7696270835585892 14.5946293 0.0060360 0
2454888.7705732639878988 14.6101179 0.0060324 0
2454888.7715084492228925 14.6106548 0.0060346 0
2454888.7724303239956498 14.5956411 0.0060381 0
2454888.7733620372600853 14.5865221 0.0070512 0
2454888.7743105324916542 14.5970078 0.0060384 0
2454888.7761843749321997 14.5884323 0.0090532 0
2454888.7771444446407259 14.6769352 0.0125130 0
2454888.7781050927005708 14.6373758 0.0192483 0
2454888.7790119214914739 14.7678442 0.0453234 0
2454888.7799465279094875 14.6031259391089 99 1
2454888.7809378472156823 14.6025000 0.0060510 0
2454888.7818875000812113 14.5976896 0.0060865 0
2454888.7828354164958000 14.6031259391089 99 1
2454888.7837873841635883 14.6031259391089 99 1
2454888.7847306714393198 14.6053133 0.0060370 0
2454888.7856895835138857 14.6095409 0.0060291 0
2454888.7866369211114943 14.6090565 0.0060281 0
2454888.7875900464132428 14.6122684 0.0060532 0
2454888.7885396992787719 14.5980148 0.0060353 0
2454888.7894795136526227 14.6087475 0.0060560 0
