0.95609756097561
2454887.7398140048608184 16.3708420 0.0130096 0
2454887.7406988427974284 16.3646889 0.0130123 0
2454887.7416172455996275 16.3643761 0.0130216 0
2454887.7425315971486270 16.3624821 0.0130174 0
2454887.7434355323202908 16.3416386 0.0130128 0
2454887.7444280092604458 16.3665581 0.0130166 0
2454887.7453365740366280 16.3587418 0.0130136 0
2454887.7462584492750466 16.3591862 0.0130135 0
2454887.7471716436557472 16.3755436 0.0130117 0
2454887.7480946760624647 16.3465443 0.0130080 0
2454887.7490032408386469 16.3822613 0.0130090 0
2454887.7499204860068858 16.3725948 0.0130180 0
2454887.7508365740068257 16.3914108 0.0130093 0
2454887.7517543979920447 16.3755589 0.0130090 0
2454887.7526531252078712 16.3522472 0.0130095 0
2454887.7535726851783693 16.3435287 0.0130063 0
2454887.7544905091635883 16.3732719 0.0130102 0
2454887.7554083331488073 16.3829556 0.0140108 0
2454887.7563325231894851 16.3704681 0.0130192 0
2454887.7572474535554647 16.3427334 0.0140203 0
2454887.7581785880029202 16.3670444 0.0140097 0
2454887.7590917823836207 16.3617840 0.0140148 0
2454887.7600171295925975 16.3653221 0.0140089 0
2454887.7618961804546416 16.3375683 0.0140080 0
2454887.7627902776002884 16.3672352 0.0130334 0
2454887.7637017359957099 16.3548088 0.0140083 0
2454887.7646328704431653 16.3735447 0.0140142 0
2454887.7655541668646038 16.3725586 0.0140104 0
2454887.7664656247943640 16.3768234 0.0150085 0
2454887.7674204860813916 16.3472824 0.0140094 0
2454887.7683498840779066 16.3695278 0.0140071 0
2454887.7693741898983717 16.3605385 0.0150077 0
2454887.7705530091188848 16.3902912 0.0150110 0
2454887.7714465279132128 16.3635540 0.0140122 0
2454887.7723736111074686 16.3662548 0.0160066 0
2454887.7732908562757075 16.3700848 0.0150095 0
2454887.7742555555887520 16.3826809 0.0150071 0
2454887.7751803239807487 16.3666191 0.0150074 0
2454887.7761074071750045 16.3703442 0.0150081 0
2454887.7770414352416992 16.3701706 0.0150123 0
2454887.7779604168608785 16.3675728 0.0140099 0
2454887.7788863424211740 16.3647194 0.0150129 0
2454887.7798122684471309 16.3862553 0.0140081 0
2454887.7807370368391275 16.3747463 0.0150129 0
2454887.7817167825996876 16.3804283 0.0150098 0
2454887.7835888890549541 16.3466282 0.0160221 0
2454887.7844922454096377 16.3852844 0.0170253 0
2454887.7854181714355946 16.3792953 0.0150080 0
2454887.7863481482490897 16.3454151 0.0150081 0
2454887.7872862266376615 16.3479996 0.0150111 0
2454887.7882127314805984 16.3506622 0.0160085 0
2454887.7891357638873160 16.3509350 0.0200083 0
2454887.7900576386600733 16.3589096 0.0210135 0
2454887.7909748842939734 16.3718624 0.0160128 0
2454887.7919089118950069 16.3704529 0.0180128 0
2454887.7928527779877186 16.3953915 0.0170112 0
2454887.7937896992079914 16.3874550 0.0170099 0
2454887.7947162035852671 16.3942871 0.0180087 0
2454887.7956571760587394 16.3751183 0.0210073 0
2454887.7965848380699754 16.3814888 0.0180122 0
2454887.7975275460630655 16.3540058 0.0170162 0
2454887.7985703703016043 16.3765163 0.0190106 0
2454887.7997063659131527 16.4039516 0.0200105 0
2454887.8006496527232230 16.3498592 0.0180443 0
2454887.8016322916373610 16.3458900 0.0180106 0
2454887.8026537038385868 16.3392391 0.0180082 0
2454887.8036947916261852 16.3698692 0.0200115 0
2454887.8047144678421319 16.3561668 0.0200126 0
2454887.8056924766860902 16.3695297 0.0200118 0
2454887.8066947916522622 16.3877468 0.0200113 0
2454887.8085750001482666 16.3549042 0.0210111 0
2454887.8095032409764826 16.3816471 0.0190097 0
2454887.8114725695922971 16.3442554 0.0210166 0
2454887.8123961803503335 16.4296093 0.0220104 0
2454887.8133319444023073 16.3573494 0.0200159 0
2454887.8142671296373010 16.3679409 0.0220129 0
2454887.8152069444768131 16.3919277 0.0220145 0
2454887.8161473381333053 16.3783741 0.0220143 0
2454887.8170964121818542 16.3724270 0.0230203 0
2454887.8191074072383344 16.3924198 0.0230108 0
2454887.8200408564880490 16.3226242 0.0240386 0
2454887.8209934029728174 16.3697128 0.0240323 0
2454887.8219609954394400 16.3983650 0.0240126 0
2454887.8229123842902482 16.3534679 0.0230159 0
2454887.8238782407715917 16.3836327 0.0250193 0
2454887.8248504628427327 16.3606682 0.0270315 0
2454887.8258990738540888 16.4169254 0.0350209 0
2454887.8268562499433756 16.3761005 0.0300444 0
2454887.8278082176111639 16.3719025 0.0290151 0
2454887.8287613424472511 16.4463596 0.0360283 0
2454887.8297381945885718 16.3973427 0.0320166 0
2454887.8306537037715316 16.3484478 0.0310612 0
2454887.8315848377533257 16.3894615 0.0340190 0
2454887.8325101854279637 16.3910637 0.0360286 0
2454887.8334546294063330 16.3208542 0.0321134 0
2454888.6674447916448116 16.3731899 0.0140158 0
2454888.6683608796447515 16.3810539 0.0130245 0
2454888.6692607640288770 16.3784370 0.0130200 0
2454888.6701681711710989 16.3639927 0.0130279 0
2454888.6710802083835006 16.3758717 0.0130340 0
2454888.6719829859212041 16.3658886 0.0130120 0
2454888.6729060183279216 16.3797646 0.0140157 0
2454888.6738012731075287 16.3590679 0.0130248 0
2454888.6747040511108935 16.3806667 0.0140324 0
2454888.6756184026598930 16.3666725 0.0130139 0
2454888.6765431715175509 16.3792000 0.0130164 0
2454888.6774395834654570 16.3607655 0.0130162 0
2454888.6895935186184943 16.3945065 0.0140065 0
2454888.6905084489844739 16.3623028 0.0130079 0
2454888.6914349538274109 16.3645477 0.0140087 0
2454888.6923412038013339 16.3618450 0.0140124 0
2454888.6932462961412966 16.4036560 0.0150074 0
2454888.6941357636824250 16.3494797 0.0150075 0
2454888.6950402776710689 16.4103050 0.0160065 0
2454888.6959453704766929 16.3891582 0.0160077 0
2454888.6968608796596527 16.3807545 0.0150069 0
2454888.7025194442830980 16.3487415 0.0240113 0
2454888.7034413195215166 16.4008656 0.0270084 0
2454888.7043498842976987 16.3740597 0.0270084 0
2454888.7072759261354804 16.4383240 0.0260078 0
2454888.7081872685812414 16.4257450 0.0270108 0
2454888.7090981481596828 16.3525715 0.0270108 0
2454888.7100136573426425 16.3605309 0.0350093 0
2454888.7109413193538785 16.4029388 0.0340105 0
2454888.7118799770250916 16.3699532 0.0320105 0
2454888.7128006946295500 16.4033775 0.0400111 0
2454888.7137162038125098 16.4040585 0.0350084 0
2454888.7146427081897855 16.4471054 0.0330159 0
2454888.7155553242191672 16.3839607 0.0340260 0
2454888.7165379631333053 16.3715305 0.0310079 0
2454888.7174476850777864 16.4303169 0.0350123 0
2454888.7183736111037433 16.3907452 0.0420079 0
2454888.7193006942979991 16.3333969 0.0340117 0
2454888.7211502315476537 16.3759640877551 99 1
2454888.7220478011295199 16.3741150 0.0660141 0
2454888.7229563659057021 16.3759640877551 99 1
2454888.7238770835101604 16.3759640877551 99 1
2454888.7247787038795650 16.3759640877551 99 1
2454888.7256785877980292 16.3746281 0.0580157 0
2454888.7266351850703359 16.4439545 0.0360064 0
2454888.7275616899132729 16.3902473 0.0300074 0
2454888.7284939815290272 16.3768063 0.0260080 0
2454888.7294222223572433 16.3777981 0.0260076 0
2454888.7312717591412365 16.4093075 0.0300107 0
2454888.7321843751706183 16.3849831 0.0270101 0
2454888.7331114583648741 16.4057045 0.0240068 0
2454888.7340130787342787 16.3861732 0.0220060 0
2454888.7349737267941236 16.3815498 0.0200068 0
2454888.7358950232155621 16.3627987 0.0220094 0
2454888.7368302084505558 16.3894024 0.0210180 0
2454888.7377503472380340 16.3709335 0.0190093 0
2454888.7386693288572133 16.4006844 0.0200118 0
2454888.7395883100107312 16.4038277 0.0180142 0
2454888.7405211804434657 16.3681736 0.0180061 0
2454888.7414523148909211 16.3822460 0.0180085 0
2454888.7423770832829177 16.3550854 0.0180105 0
2454888.7433151621371508 16.3705311 0.0180087 0
2454888.7442549769766629 16.3719101 0.0170068 0
2454888.7451936341822147 16.3695431 0.0200097 0
2454888.7461322918534279 16.4181366 0.0210090 0
2454888.7470535878092051 16.3839779 0.0170105 0
2454888.7479812498204410 16.4045010 0.0230138 0
2454888.7489129630848765 16.3571053 0.0170054 0
2454888.7498718751594424 16.3614197 0.0190078 0
2454888.7507966435514390 16.3939114 0.0180072 0
2454888.7517289351671934 16.3777065 0.0180070 0
2454888.7526432871818542 16.3805962 0.0220137 0
2454888.7535784724168479 16.3709469 0.0190076 0
2454888.7545165508054197 16.3858604 0.0200098 0
2454888.7554476852528751 16.3818913 0.0170095 0
2454888.7563805556856096 16.3902435 0.0170098 0
2454888.7573082176968455 16.3934841 0.0190068 0
2454888.7582358797080815 16.3988838 0.0190105 0
2454888.7591681713238358 16.3713703 0.0180065 0
2454888.7600981481373310 16.3631630 0.0180081 0
2454888.7610315973870456 16.3826752 0.0170080 0
2454888.7619598377496004 16.3940830 0.0180099 0
2454888.7628956018015742 16.3480129 0.0180118 0
2454888.7638631942681968 16.3778706 0.0200075 0
2454888.7647983795031905 16.3833160 0.0180117 0
2454888.7657763888128102 16.3943291 0.0190105 0
2454888.7667086804285645 16.3746815 0.0200090 0
2454888.7676403936930001 16.4187489 0.0190268 0
2454888.7685732636600733 16.3880882 0.0180107 0
2454888.7696270835585892 16.3616295 0.0210103 0
2454888.7705732639878988 16.3941174 0.0210093 0
2454888.7715084492228925 16.3926544 0.0200104 0
2454888.7724303239956498 16.3726406 0.0210109 0
2454888.7733620372600853 16.3245220 0.0230156 0
2454888.7743105324916542 16.3570080 0.0210110 0
2454888.7761843749321997 16.3424339 0.0320150 0
2454888.7771444446407259 16.3399353 0.0471336 0
2454888.7781050927005708 16.3759640877551 99 1
2454888.7790119214914739 16.3759640877551 99 1
2454888.7799465279094875 16.3759640877551 99 1
2454888.7809378472156823 16.4244995 0.0190162 0
2454888.7818875000812113 16.4046898 0.0190275 0
2454888.7828354164958000 16.3759640877551 99 1
2454888.7837873841635883 16.3759640877551 99 1
2454888.7847306714393198 16.3663120 0.0180124 0
2454888.7856895835138857 16.3965416 0.0180097 0
2454888.7866369211114943 16.3740559 0.0170099 0
2454888.7875900464132428 16.3652668 0.0170189 0
2454888.7885396992787719 16.3880157 0.0180118 0
2454888.7894795136526227 16.4027481 0.0190178 0
