0.960975609756098
2454887.7398140048608184 16.5118408 0.0150083 0
2454887.7406988427974284 16.5016899 0.0150107 0
2454887.7416172455996275 16.4953766 0.0150187 0
2454887.7425315971486270 16.4874821 0.0150151 0
2454887.7434355323202908 16.5076389 0.0150111 0
2454887.7444280092604458 16.4745598 0.0150144 0
2454887.7453365740366280 16.4857426 0.0140126 0
2454887.7462584492750466 16.5161877 0.0150117 0
2454887.7471716436557472 16.4865437 0.0140108 0
2454887.7480946760624647 16.4995441 0.0150069 0
2454887.7490032408386469 16.5312614 0.0150078 0
2454887.7499204860068858 16.5005951 0.0150156 0
2454887.7508365740068257 16.5014114 0.0150080 0
2454887.7517543979920447 16.5175591 0.0150078 0
2454887.7526531252078712 16.4992485 0.0150082 0
2454887.7535726851783693 16.5055294 0.0150055 0
2454887.7544905091635883 16.4992714 0.0150088 0
2454887.7554083331488073 16.4969559 0.0160094 0
2454887.7563325231894851 16.4924679 0.0150167 0
2454887.7572474535554647 16.4987335 0.0160177 0
2454887.7581785880029202 16.4760456 0.0160085 0
2454887.7590917823836207 16.4887829 0.0160129 0
2454887.7600171295925975 16.5183220 0.0160077 0
2454887.7618961804546416 16.4755669 0.0150075 0
2454887.7627902776002884 16.5142365 0.0160272 0
2454887.7637017359957099 16.5068092 0.0150077 0
2454887.7646328704431653 16.4935436 0.0150132 0
2454887.7655541668646038 16.5015583 0.0160091 0
2454887.7664656247943640 16.5138226 0.0170075 0
2454887.7674204860813916 16.5012836 0.0170078 0
2454887.7683498840779066 16.4925289 0.0170058 0
2454887.7693741898983717 16.5255394 0.0190061 0
2454887.7705530091188848 16.4862919 0.0170097 0
2454887.7714465279132128 16.4845543 0.0160107 0
2454887.7723736111074686 16.5032539 0.0190055 0
2454887.7732908562757075 16.4800835 0.0160089 0
2454887.7742555555887520 16.5076809 0.0180059 0
2454887.7751803239807487 16.4946194 0.0180062 0
2454887.7761074071750045 16.5293446 0.0180068 0
2454887.7770414352416992 16.5021706 0.0180102 0
2454887.7779604168608785 16.5275726 0.0170081 0
2454887.7788863424211740 16.4817200 0.0170113 0
2454887.7798122684471309 16.5152550 0.0160071 0
2454887.7807370368391275 16.4897461 0.0160121 0
2454887.7817167825996876 16.4964294 0.0180082 0
2454887.7835888890549541 16.4686279 0.0190186 0
2454887.7844922454096377 16.4832840 0.0190226 0
2454887.7854181714355946 16.5032940 0.0190063 0
2454887.7863481482490897 16.4934139 0.0180068 0
2454887.7872862266376615 16.5139999 0.0190088 0
2454887.7882127314805984 16.5216637 0.0200068 0
2454887.7891357638873160 16.5099335 0.0260064 0
2454887.7900576386600733 16.4809093 0.0270105 0
2454887.7909748842939734 16.5018616 0.0200102 0
2454887.7919089118950069 16.4894524 0.0210110 0
2454887.7928527779877186 16.5063915 0.0200095 0
2454887.7937896992079914 16.4944553 0.0200084 0
2454887.7947162035852671 16.4962883 0.0210075 0
2454887.7956571760587394 16.5071182 0.0270057 0
2454887.7965848380699754 16.5134888 0.0210105 0
2454887.7975275460630655 16.5170059 0.0210131 0
2454887.7985703703016043 16.5035152 0.0240084 0
2454887.7997063659131527 16.5259514 0.0230092 0
2454887.8006496527232230 16.5048580 0.0230347 0
2454887.8016322916373610 16.5218906 0.0230083 0
2454887.8026537038385868 16.5252380 0.0240062 0
2454887.8036947916261852 16.4878693 0.0240095 0
2454887.8047144678421319 16.4871674 0.0240105 0
2454887.8056924766860902 16.5155296 0.0240099 0
2454887.8066947916522622 16.5567474 0.0260087 0
2454887.8085750001482666 16.5059032 0.0260090 0
2454887.8095032409764826 16.4946480 0.0230080 0
2454887.8114725695922971 16.5362568 0.0270129 0
2454887.8123961803503335 16.4916077 0.0260088 0
2454887.8133319444023073 16.4663506 0.0230138 0
2454887.8142671296373010 16.4859409 0.0270105 0
2454887.8152069444768131 16.4689274 0.0260122 0
2454887.8161473381333053 16.5033741 0.0280112 0
2454887.8170964121818542 16.4934273 0.0290161 0
2454887.8191074072383344 16.5724201 0.0300083 0
2454887.8200408564880490 16.5576248 0.0340272 0
2454887.8209934029728174 16.5017128 0.0310250 0
2454887.8219609954394400 16.5373650 0.0310097 0
2454887.8229123842902482 16.5084667 0.0300122 0
2454887.8238782407715917 16.4926319 0.0300161 0
2454887.8248504628427327 16.5716686 0.0360237 0
2454887.8258990738540888 16.5269241 0.0490149 0
2454887.8268562499433756 16.4531002 0.0390342 0
2454887.8278082176111639 16.5759029 0.0380115 0
2454887.8287613424472511 16.5573597 0.0430237 0
2454887.8297381945885718 16.5723419 0.0440121 0
2454887.8306537037715316 16.5244465 0.0450422 0
2454887.8315848377533257 16.5334606 0.0470137 0
2454887.8325101854279637 16.5460644 0.0480215 0
2454887.8334546294063330 16.5258541 0.0440825 0
2454888.6674447916448116 16.4871883 0.0170130 0
2454888.6683608796447515 16.5100555 0.0160199 0
2454888.6692607640288770 16.5164375 0.0160163 0
2454888.6701681711710989 16.5119934 0.0160227 0
2454888.6710802083835006 16.5088711 0.0160277 0
2454888.6719829859212041 16.5128899 0.0160098 0
2454888.6729060183279216 16.4857655 0.0170129 0
2454888.6738012731075287 16.5030689 0.0150215 0
2454888.6747040511108935 16.5096684 0.0160283 0
2454888.6756184026598930 16.5406723 0.0150121 0
2454888.6765431715175509 16.5091991 0.0150142 0
2454888.6774395834654570 16.5267639 0.0150140 0
2454888.6895935186184943 16.5005054 0.0160057 0
2454888.6905084489844739 16.5033035 0.0150069 0
2454888.6914349538274109 16.4905472 0.0170072 0
2454888.6923412038013339 16.5168438 0.0180097 0
2454888.6932462961412966 16.4976559 0.0170066 0
2454888.6941357636824250 16.5174789 0.0180062 0
2454888.6950402776710689 16.5083046 0.0190055 0
2454888.6959453704766929 16.5071583 0.0180068 0
2454888.6968608796596527 16.4837532 0.0170061 0
2454888.7025194442830980 16.4737415 0.0300090 0
2454888.7034413195215166 16.5078640 0.0360063 0
2454888.7043498842976987 16.5320587 0.0350065 0
2454888.7072759261354804 16.5643253 0.0310065 0
2454888.7081872685812414 16.4997444 0.0330089 0
2454888.7090981481596828 16.5035725 0.0340086 0
2454888.7100136573426425 16.5275307 0.0450073 0
2454888.7109413193538785 16.5179386 0.0410087 0
2454888.7118799770250916 16.4779530 0.0380088 0
2454888.7128006946295500 16.5183773 0.0470095 0
2454888.7137162038125098 16.5890579 0.0460064 0
2454888.7146427081897855 16.5311050 0.0400132 0
2454888.7155553242191672 16.4509602 0.0410216 0
2454888.7165379631333053 16.5275307 0.0400061 0
2454888.7174476850777864 16.5223179 0.0410105 0
2454888.7183736111037433 16.5437450 0.0490068 0
2454888.7193006942979991 16.5693970 0.0440090 0
2454888.7211502315476537 16.4748516 0.0590135 0
2454888.7220478011295199 16.4391155 0.0750124 0
2454888.7229563659057021 16.5058771888325 99 1
2454888.7238770835101604 16.5058771888325 99 1
2454888.7247787038795650 16.5058771888325 99 1
2454888.7256785877980292 16.6076279 0.0770118 0
2454888.7266351850703359 16.4639549 0.0410057 0
2454888.7275616899132729 16.5002480 0.0370060 0
2454888.7284939815290272 16.4808064 0.0310067 0
2454888.7294222223572433 16.5637989 0.0340058 0
2454888.7312717591412365 16.4543076 0.0350092 0
2454888.7321843751706183 16.5069828 0.0330083 0
2454888.7331114583648741 16.5117035 0.0290057 0
2454888.7340130787342787 16.4931717 0.0260051 0
2454888.7349737267941236 16.4815502 0.0240056 0
2454888.7358950232155621 16.5207977 0.0280074 0
2454888.7368302084505558 16.5174026 0.0250151 0
2454888.7377503472380340 16.5059338 0.0240074 0
2454888.7386693288572133 16.4666843 0.0250094 0
2454888.7395883100107312 16.5168266 0.0250103 0
2454888.7405211804434657 16.5131741 0.0240046 0
2454888.7414523148909211 16.5182457 0.0230066 0
2454888.7423770832829177 16.4860859 0.0220086 0
2454888.7433151621371508 16.4935322 0.0220071 0
2454888.7442549769766629 16.4939098 0.0220052 0
2454888.7451936341822147 16.4945431 0.0260075 0
2454888.7461322918534279 16.5141373 0.0280068 0
2454888.7470535878092051 16.5149765 0.0210085 0
2454888.7479812498204410 16.5114994 0.0320099 0
2454888.7489129630848765 16.4911060 0.0210044 0
2454888.7498718751594424 16.4764214 0.0250059 0
2454888.7507966435514390 16.5069122 0.0220059 0
2454888.7517289351671934 16.4937057 0.0230055 0
2454888.7526432871818542 16.4745960 0.0300100 0
2454888.7535784724168479 16.4669456 0.0230063 0
2454888.7545165508054197 16.5168610 0.0270072 0
2454888.7554476852528751 16.5048923 0.0220073 0
2454888.7563805556856096 16.5102444 0.0200084 0
2454888.7573082176968455 16.5414829 0.0240054 0
2454888.7582358797080815 16.4718838 0.0240083 0
2454888.7591681713238358 16.4823704 0.0210055 0
2454888.7600981481373310 16.4571629 0.0230064 0
2454888.7610315973870456 16.5126743 0.0210065 0
2454888.7619598377496004 16.4830837 0.0210085 0
2454888.7628956018015742 16.5260124 0.0220097 0
2454888.7638631942681968 16.5188694 0.0250060 0
2454888.7647983795031905 16.5043163 0.0240088 0
2454888.7657763888128102 16.5103283 0.0230087 0
2454888.7667086804285645 16.5106812 0.0250072 0
2454888.7676403936930001 16.5197487 0.0250204 0
2454888.7685732636600733 16.5080872 0.0230084 0
2454888.7696270835585892 16.4966297 0.0270080 0
2454888.7705732639878988 16.4261169 0.0270072 0
2454888.7715084492228925 16.5086536 0.0280074 0
2454888.7724303239956498 16.5606403 0.0330069 0
2454888.7733620372600853 16.4705219 0.0320112 0
2454888.7743105324916542 16.4860096 0.0270086 0
2454888.7761843749321997 16.4384327 0.0420114 0
2454888.7771444446407259 16.4389362 0.0601047 0
2454888.7781050927005708 16.5058771888325 99 1
2454888.7790119214914739 16.5058771888325 99 1
2454888.7799465279094875 16.5058771888325 99 1
2454888.7809378472156823 16.5364990 0.0240128 0
2454888.7818875000812113 16.4996910 0.0220237 0
2454888.7828354164958000 16.5058771888325 99 1
2454888.7837873841635883 16.5058771888325 99 1
2454888.7847306714393198 16.5133133 0.0230097 0
2454888.7856895835138857 16.5075417 0.0220079 0
2454888.7866369211114943 16.5260563 0.0210081 0
2454888.7875900464132428 16.5072670 0.0200160 0
2454888.7885396992787719 16.5190144 0.0230092 0
2454888.7894795136526227 16.5327473 0.0230147 0
