0.624390243902439
2454887.7398140048608184 17.8928413 0.0370034 0
2454887.7406988427974284 17.8896885 0.0350046 0
2454887.7416172455996275 17.8823757 0.0370076 0
2454887.7425315971486270 17.9014835 0.0380060 0
2454887.7434355323202908 17.8386383 0.0350047 0
2454887.7444280092604458 17.8625603 0.0370058 0
2454887.7453365740366280 17.9367409 0.0370048 0
2454887.7462584492750466 17.9351864 0.0380046 0
2454887.7471716436557472 17.9355431 0.0390039 0
2454887.7480946760624647 17.8695450 0.0370028 0
2454887.7490032408386469 17.9082623 0.0390030 0
2454887.7499204860068858 17.8785954 0.0380062 0
2454887.7508365740068257 17.8594112 0.0370033 0
2454887.7517543979920447 17.9255600 0.0390030 0
2454887.7526531252078712 17.8882484 0.0380032 0
2454887.7535726851783693 17.8635292 0.0390021 0
2454887.7544905091635883 17.8592720 0.0380035 0
2454887.7554083331488073 17.8489552 0.0390039 0
2454887.7563325231894851 17.8354683 0.0390064 0
2454887.7572474535554647 17.9127331 0.0450063 0
2454887.7581785880029202 17.8840446 0.0420032 0
2454887.7590917823836207 17.8467827 0.0420049 0
2454887.7600171295925975 17.8863239 0.0400031 0
2454887.7618961804546416 17.9385662 0.0430026 0
2454887.7627902776002884 17.8932362 0.0400109 0
2454887.7637017359957099 17.8218098 0.0390030 0
2454887.7646328704431653 17.9165440 0.0410048 0
2454887.7655541668646038 17.9245586 0.0440033 0
2454887.7664656247943640 17.8618221 0.0430030 0
2454887.7674204860813916 17.8742828 0.0480028 0
2454887.7683498840779066 17.8815269 0.0460022 0
2454887.7693741898983717 17.8705387 0.0490023 0
2454887.7705530091188848 17.8592911 0.0470035 0
2454887.7714465279132128 17.9055538 0.0450038 0
2454887.7723736111074686 17.9362545 0.0540019 0
2454887.7732908562757075 17.8870850 0.0430033 0
2454887.7742555555887520 17.8826809 0.0440024 0
2454887.7751803239807487 17.8206196 0.0450025 0
2454887.7761074071750045 17.8633461 0.0450027 0
2454887.7770414352416992 17.8801708 0.0490038 0
2454887.7779604168608785 17.8605728 0.0440031 0
2454887.7788863424211740 17.7847195 0.0430045 0
2454887.7798122684471309 17.8802547 0.0440026 0
2454887.7807370368391275 17.8247471 0.0440044 0
2454887.7817167825996876 17.9094296 0.0480031 0
2454887.7835888890549541 17.9056282 0.0540065 0
2454887.7844922454096377 17.8822842 0.0570076 0
2454887.7854181714355946 17.9332962 0.0520023 0
2454887.7863481482490897 17.9194145 0.0520023 0
2454887.7872862266376615 17.8859997 0.0520032 0
2454887.7882127314805984 17.8986645 0.0570024 0
2454887.7891357638873160 17.7959347 0.0670025 0
2454887.7900576386600733 17.8731038164062 99 1
2454887.7909748842939734 17.8528614 0.0560037 0
2454887.7919089118950069 17.8284531 0.0560041 0
2454887.7928527779877186 17.8503914 0.0570033 0
2454887.7937896992079914 17.8394566 0.0550030 0
2454887.7947162035852671 17.9262886 0.0620025 0
2454887.7956571760587394 17.8731038164062 99 1
2454887.7965848380699754 17.8354893 0.0570039 0
2454887.7975275460630655 17.8620052 0.0600046 0
2454887.7985703703016043 17.8625145 0.0610033 0
2454887.7997063659131527 17.8731038164062 99 1
2454887.8006496527232230 17.8731038164062 99 1
2454887.8016322916373610 17.7858906 0.0580033 0
2454887.8026537038385868 17.8462391 0.0620024 0
2454887.8036947916261852 18.0018673 0.0740031 0
2454887.8047144678421319 17.8981686 0.0710035 0
2454887.8056924766860902 17.8785286 0.0740032 0
2454887.8066947916522622 18.0247478 0.0840027 0
2454887.8085750001482666 17.9899025 0.0840028 0
2454887.8095032409764826 17.8536472 0.0640029 0
2454887.8114725695922971 17.8382549 0.0780045 0
2454887.8123961803503335 17.7256088 0.0690033 0
2454887.8133319444023073 17.8731038164062 99 1
2454887.8142671296373010 17.8731038164062 99 1
2454887.8152069444768131 17.8731038164062 99 1
2454887.8161473381333053 17.8513737 0.0820038 0
2454887.8170964121818542 17.8731038164062 99 1
2454887.8191074072383344 17.8731038164062 99 1
2454887.8200408564880490 17.8731038164062 99 1
2454887.8209934029728174 17.8731038164062 99 1
2454887.8219609954394400 17.8731038164062 99 1
2454887.8229123842902482 17.8731038164062 99 1
2454887.8238782407715917 17.8731038164062 99 1
2454887.8248504628427327 17.8731038164062 99 1
2454887.8258990738540888 17.8731038164062 99 1
2454887.8268562499433756 17.8731038164062 99 1
2454887.8278082176111639 17.8731038164062 99 1
2454887.8287613424472511 17.8731038164062 99 1
2454887.8297381945885718 17.8731038164062 99 1
2454887.8306537037715316 17.8731038164062 99 1
2454887.8315848377533257 17.8731038164062 99 1
2454887.8325101854279637 17.8731038164062 99 1
2454887.8334546294063330 17.8731038164062 99 1
2454888.6674447916448116 17.8921890 0.0440050 0
2454888.6683608796447515 17.8330536 0.0400080 0
2454888.6692607640288770 17.9244385 0.0410064 0
2454888.6701681711710989 17.8829937 0.0420086 0
2454888.6710802083835006 17.8168716 0.0370120 0
2454888.6719829859212041 17.8548889 0.0380041 0
2454888.6729060183279216 17.8327637 0.0410054 0
2454888.6738012731075287 17.8650684 0.0390083 0
2454888.6747040511108935 17.8416672 0.0400113 0
2454888.6756184026598930 17.7656727 0.0340053 0
2454888.6765431715175509 17.8881989 0.0390055 0
2454888.6774395834654570 17.8657646 0.0370057 0
2454888.6895935186184943 17.8475056 0.0420022 0
2454888.6905084489844739 17.8693027 0.0390026 0
2454888.6914349538274109 17.8075466 0.0380032 0
2454888.6923412038013339 17.8598442 0.0430041 0
2454888.6932462961412966 17.7836571 0.0410027 0
2454888.6941357636824250 17.8674793 0.0500022 0
2454888.6950402776710689 17.8323040 0.0470022 0
2454888.6959453704766929 17.8611584 0.0470026 0
2454888.6968608796596527 17.8047523 0.0410025 0
2454888.7025194442830980 17.9407425 0.0940029 0
2454888.7034413195215166 17.8731038164062 99 1
2454888.7043498842976987 17.8731038164062 99 1
2454888.7072759261354804 17.8731038164062 99 1
2454888.7081872685812414 17.8731038164062 99 1
2454888.7090981481596828 17.8731038164062 99 1
2454888.7100136573426425 17.8731038164062 99 1
2454888.7109413193538785 17.8731038164062 99 1
2454888.7118799770250916 17.8731038164062 99 1
2454888.7128006946295500 17.8731038164062 99 1
2454888.7137162038125098 17.8731038164062 99 1
2454888.7146427081897855 17.8691044 0.1200044 0
2454888.7155553242191672 17.8731038164062 99 1
2454888.7165379631333053 17.8731038164062 99 1
2454888.7174476850777864 17.8731038164062 99 1
2454888.7183736111037433 17.8731038164062 99 1
2454888.7193006942979991 17.8731038164062 99 1
2454888.7211502315476537 17.8731038164062 99 1
2454888.7220478011295199 17.8731038164062 99 1
2454888.7229563659057021 17.8731038164062 99 1
2454888.7238770835101604 17.8731038164062 99 1
2454888.7247787038795650 17.8731038164062 99 1
2454888.7256785877980292 17.8731038164062 99 1
2454888.7266351850703359 17.8731038164062 99 1
2454888.7275616899132729 17.8731038164062 99 1
2454888.7284939815290272 17.8731038164062 99 1
2454888.7294222223572433 17.8731038164062 99 1
2454888.7312717591412365 17.8223076 0.0980033 0
2454888.7321843751706183 17.8731038164062 99 1
2454888.7331114583648741 17.8731038164062 99 1
2454888.7340130787342787 17.9381733 0.0780017 0
2454888.7349737267941236 17.8731038164062 99 1
2454888.7358950232155621 18.0967979 0.1000021 0
2454888.7368302084505558 17.8731038164062 99 1
2454888.7377503472380340 17.8639336 0.0670026 0
2454888.7386693288572133 17.8246861 0.0680035 0
2454888.7395883100107312 17.8888283 0.0640040 0
2454888.7405211804434657 17.7591743 0.0600018 0
2454888.7414523148909211 17.9022465 0.0640024 0
2454888.7423770832829177 17.8860855 0.0650029 0
2454888.7433151621371508 17.9005318 0.0620025 0
2454888.7442549769766629 17.9039097 0.0660018 0
2454888.7451936341822147 17.8731038164062 99 1
2454888.7461322918534279 17.8731038164062 99 1
2454888.7470535878092051 17.9099770 0.0600030 0
2454888.7479812498204410 17.8731038164062 99 1
2454888.7489129630848765 17.8181057 0.0590016 0
2454888.7498718751594424 17.8731038164062 99 1
2454888.7507966435514390 17.8069115 0.0600022 0
2454888.7517289351671934 17.8731038164062 99 1
2454888.7526432871818542 17.8731038164062 99 1
2454888.7535784724168479 17.9529457 0.0680021 0
2454888.7545165508054197 17.8731038164062 99 1
2454888.7554476852528751 17.8028927 0.0550029 0
2454888.7563805556856096 17.9122448 0.0590028 0
2454888.7573082176968455 17.8804836 0.0680019 0
2454888.7582358797080815 17.8731038164062 99 1
2454888.7591681713238358 17.8633690 0.0590020 0
2454888.7600981481373310 17.9101620 0.0660022 0
2454888.7610315973870456 17.9166737 0.0590023 0
2454888.7619598377496004 17.7910843 0.0580031 0
2454888.7628956018015742 17.9600124 0.0670032 0
2454888.7638631942681968 17.8608704 0.0650023 0
2454888.7647983795031905 17.8731038164062 99 1
2454888.7657763888128102 17.8731038164062 99 1
2454888.7667086804285645 17.8731038164062 99 1
2454888.7676403936930001 17.8647480 0.0660077 0
2454888.7685732636600733 17.9560871 0.0650030 0
2454888.7696270835585892 17.8836308 0.0740029 0
2454888.7705732639878988 17.8731038164062 99 1
2454888.7715084492228925 17.8731038164062 99 1
2454888.7724303239956498 17.8731038164062 99 1
2454888.7733620372600853 17.8731038164062 99 1
2454888.7743105324916542 17.6810093 0.0630037 0
2454888.7761843749321997 17.8731038164062 99 1
2454888.7771444446407259 17.8731038164062 99 1
2454888.7781050927005708 17.8731038164062 99 1
2454888.7790119214914739 17.8731038164062 99 1
2454888.7799465279094875 17.8731038164062 99 1
2454888.7809378472156823 17.8734989 0.0640048 0
2454888.7818875000812113 17.8731038164062 99 1
2454888.7828354164958000 17.8731038164062 99 1
2454888.7837873841635883 17.8731038164062 99 1
2454888.7847306714393198 17.8731038164062 99 1
2454888.7856895835138857 17.9265423 0.0690025 0
2454888.7866369211114943 17.8530560 0.0600028 0
2454888.7875900464132428 17.9142666 0.0610053 0
2454888.7885396992787719 17.8160152 0.0560038 0
2454888.7894795136526227 17.8167477 0.0590057 0
