0.926829268292683
2454887.7398140048608184 16.9878407 0.0190066 0
2454887.7406988427974284 16.9966888 0.0190084 0
2454887.7416172455996275 17.0003757 0.0200140 0
2454887.7425315971486270 16.9944839 0.0190119 0
2454887.7434355323202908 16.9916382 0.0190087 0
2454887.7444280092604458 16.9875603 0.0200108 0
2454887.7453365740366280 17.0067406 0.0190093 0
2454887.7462584492750466 16.9801865 0.0190093 0
2454887.7471716436557472 17.0095444 0.0190080 0
2454887.7480946760624647 17.0015450 0.0200052 0
2454887.7490032408386469 17.0192623 0.0200058 0
2454887.7499204860068858 17.0205956 0.0200117 0
2454887.7508365740068257 16.9924107 0.0190063 0
2454887.7517543979920447 16.9915600 0.0200058 0
2454887.7526531252078712 17.0172482 0.0200062 0
2454887.7535726851783693 16.9935284 0.0200041 0
2454887.7544905091635883 17.0062733 0.0200066 0
2454887.7554083331488073 17.0179558 0.0210072 0
2454887.7563325231894851 16.9994678 0.0200125 0
2454887.7572474535554647 17.0207329 0.0220129 0
2454887.7581785880029202 16.9680443 0.0210065 0
2454887.7590917823836207 17.0097828 0.0220094 0
2454887.7600171295925975 17.0083237 0.0210059 0
2454887.7618961804546416 16.9865665 0.0210054 0
2454887.7627902776002884 16.9882355 0.0200217 0
2454887.7637017359957099 17.0118103 0.0210055 0
2454887.7646328704431653 17.0285435 0.0200099 0
2454887.7655541668646038 17.0185585 0.0220066 0
2454887.7664656247943640 16.9968224 0.0230055 0
2454887.7674204860813916 17.0332832 0.0230057 0
2454887.7683498840779066 16.9895267 0.0220045 0
2454887.7693741898983717 17.0015392 0.0240048 0
2454887.7705530091188848 17.0102901 0.0230071 0
2454887.7714465279132128 17.0295544 0.0230074 0
2454887.7723736111074686 17.0452557 0.0260040 0
2454887.7732908562757075 17.0380840 0.0230062 0
2454887.7742555555887520 16.9996815 0.0230046 0
2454887.7751803239807487 17.0056190 0.0240046 0
2454887.7761074071750045 17.0353451 0.0240051 0
2454887.7770414352416992 17.0031719 0.0240077 0
2454887.7779604168608785 17.0395737 0.0230060 0
2454887.7788863424211740 16.9937210 0.0220088 0
2454887.7798122684471309 17.0302563 0.0220051 0
2454887.7807370368391275 17.0047474 0.0230084 0
2454887.7817167825996876 17.0304298 0.0240061 0
2454887.7835888890549541 16.9516296 0.0250141 0
2454887.7844922454096377 17.0362854 0.0280154 0
2454887.7854181714355946 16.9902954 0.0240050 0
2454887.7863481482490897 17.0384140 0.0250049 0
2454887.7872862266376615 16.9589996 0.0240069 0
2454887.7882127314805984 17.0316639 0.0270050 0
2454887.7891357638873160 16.9879341 0.0340049 0
2454887.7900576386600733 17.0109100 0.0350081 0
2454887.7909748842939734 17.0008621 0.0270076 0
2454887.7919089118950069 17.0204525 0.0290079 0
2454887.7928527779877186 17.0243912 0.0280068 0
2454887.7937896992079914 17.0214558 0.0280060 0
2454887.7947162035852671 17.0692883 0.0300052 0
2454887.7956571760587394 17.0341187 0.0360043 0
2454887.7965848380699754 17.0014877 0.0290076 0
2454887.7975275460630655 17.0490055 0.0290095 0
2454887.7985703703016043 16.9795151 0.0300067 0
2454887.7997063659131527 17.0279522 0.0310068 0
2454887.8006496527232230 17.0058575 0.0310258 0
2454887.8016322916373610 17.0668907 0.0310062 0
2454887.8026537038385868 17.0492382 0.0310048 0
2454887.8036947916261852 16.9718685 0.0310074 0
2454887.8047144678421319 17.0151672 0.0330076 0
2454887.8056924766860902 16.9935284 0.0320074 0
2454887.8066947916522622 17.0257473 0.0340067 0
2454887.8085750001482666 17.0339031 0.0360065 0
2454887.8095032409764826 16.9966469 0.0310060 0
2454887.8114725695922971 17.0522556 0.0370094 0
2454887.8123961803503335 17.1086082 0.0390059 0
2454887.8133319444023073 16.9963493 0.0330096 0
2454887.8142671296373010 16.9969406 0.0360079 0
2454887.8152069444768131 17.0739269 0.0400080 0
2454887.8161473381333053 17.0443745 0.0380083 0
2454887.8170964121818542 17.0714283 0.0430108 0
2454887.8191074072383344 17.0044193 0.0390064 0
2454887.8200408564880490 17.0036240 0.0420221 0
2454887.8209934029728174 16.9377117 0.0390199 0
2454887.8219609954394400 17.0413647 0.0420072 0
2454887.8229123842902482 17.1114674 0.0440083 0
2454887.8238782407715917 17.0956306 0.0470103 0
2454887.8248504628427327 17.0956688 0.0510167 0
2454887.8258990738540888 17.2029247 0.0700104 0
2454887.8268562499433756 17.2651005 0.0660202 0
2454887.8278082176111639 17.0266635289474 99 1
2454887.8287613424472511 17.1103611 0.0640159 0
2454887.8297381945885718 17.1023426 0.0590090 0
2454887.8306537037715316 16.9794464 0.0540352 0
2454887.8315848377533257 17.0266635289474 99 1
2454887.8325101854279637 17.0300636 0.0640161 0
2454887.8334546294063330 17.0698528 0.0600606 0
2454888.6674447916448116 17.0111904 0.0230096 0
2454888.6683608796447515 17.0310535 0.0210151 0
2454888.6692607640288770 17.0184383 0.0210124 0
2454888.6701681711710989 17.0099926 0.0210173 0
2454888.6710802083835006 17.0318718 0.0210211 0
2454888.6719829859212041 17.0368881 0.0200078 0
2454888.6729060183279216 16.9777641 0.0210105 0
2454888.6738012731075287 17.0220699 0.0200161 0
2454888.6747040511108935 17.0326691 0.0210216 0
2454888.6756184026598930 17.0226727 0.0200091 0
2454888.6765431715175509 17.0382004 0.0200106 0
2454888.6774395834654570 17.0057640 0.0190111 0
2454888.6895935186184943 16.9755058 0.0210044 0
2454888.6905084489844739 17.0003033 0.0200051 0
2454888.6914349538274109 17.0235481 0.0210058 0
2454888.6923412038013339 17.0228443 0.0220079 0
2454888.6932462961412966 16.9916573 0.0230049 0
2454888.6941357636824250 17.0034790 0.0240047 0
2454888.6950402776710689 16.9803047 0.0240043 0
2454888.6959453704766929 16.9731579 0.0240051 0
2454888.6968608796596527 17.0197525 0.0230045 0
2454888.7025194442830980 17.0077419 0.0400068 0
2454888.7034413195215166 17.0058651 0.0460050 0
2454888.7043498842976987 17.0150604 0.0460049 0
2454888.7072759261354804 16.9823246 0.0400051 0
2454888.7081872685812414 17.0627441 0.0440067 0
2454888.7090981481596828 17.1775723 0.0560052 0
2454888.7100136573426425 17.0955296 0.0680048 0
2454888.7109413193538785 17.0369377 0.0570062 0
2454888.7118799770250916 17.0259514 0.0550061 0
2454888.7128006946295500 16.9553776 0.0630070 0
2454888.7137162038125098 16.9090576 0.0540055 0
2454888.7146427081897855 17.0391045 0.0550096 0
2454888.7155553242191672 16.9739609 0.0560158 0
2454888.7165379631333053 17.0525303 0.0580042 0
2454888.7174476850777864 17.0323181 0.0570076 0
2454888.7183736111037433 17.0266635289474 99 1
2454888.7193006942979991 17.0313969 0.0610065 0
2454888.7211502315476537 16.9428520 0.0810098 0
2454888.7220478011295199 17.0266635289474 99 1
2454888.7229563659057021 17.0266635289474 99 1
2454888.7238770835101604 17.0266635289474 99 1
2454888.7247787038795650 17.0266635289474 99 1
2454888.7256785877980292 17.0266635289474 99 1
2454888.7266351850703359 17.0266635289474 99 1
2454888.7275616899132729 17.0582485 0.0530042 0
2454888.7284939815290272 17.0658054 0.0460045 0
2454888.7294222223572433 16.9207973 0.0420047 0
2454888.7312717591412365 17.0633068 0.0510063 0
2454888.7321843751706183 17.0859833 0.0500055 0
2454888.7331114583648741 17.0587044 0.0410040 0
2454888.7340130787342787 17.0531731 0.0360037 0
2454888.7349737267941236 16.9775505 0.0320042 0
2454888.7358950232155621 17.0227985 0.0370056 0
2454888.7368302084505558 17.0054016 0.0330114 0
2454888.7377503472380340 16.9939327 0.0320055 0
2454888.7386693288572133 16.9996853 0.0330071 0
2454888.7395883100107312 17.0178280 0.0290088 0
2454888.7405211804434657 17.0351734 0.0310035 0
2454888.7414523148909211 17.0502472 0.0300051 0
2454888.7423770832829177 17.0420856 0.0300063 0
2454888.7433151621371508 17.1025314 0.0310050 0
2454888.7442549769766629 16.9979095 0.0280041 0
2454888.7451936341822147 17.0655422 0.0350056 0
2454888.7461322918534279 17.0011368 0.0340056 0
2454888.7470535878092051 17.0479774 0.0290061 0
2454888.7479812498204410 17.0324993 0.0400080 0
2454888.7489129630848765 17.0521069 0.0290032 0
2454888.7498718751594424 17.0614204 0.0320046 0
2454888.7507966435514390 17.0179119 0.0300043 0
2454888.7517289351671934 17.0347061 0.0290044 0
2454888.7526432871818542 17.0135956 0.0380079 0
2454888.7535784724168479 17.0559464 0.0320045 0
2454888.7545165508054197 17.0298615 0.0340058 0
2454888.7554476852528751 16.9848919 0.0280058 0
2454888.7563805556856096 17.0092449 0.0270062 0
2454888.7573082176968455 16.9904823 0.0300043 0
2454888.7582358797080815 17.0758858 0.0320062 0
2454888.7591681713238358 17.0313683 0.0290040 0
2454888.7600981481373310 17.0281620 0.0300049 0
2454888.7610315973870456 17.0066738 0.0270050 0
2454888.7619598377496004 17.0520840 0.0300059 0
2454888.7628956018015742 17.0130119 0.0290074 0
2454888.7638631942681968 17.0248699 0.0310048 0
2454888.7647983795031905 17.0873165 0.0310068 0
2454888.7657763888128102 16.9983273 0.0290069 0
2454888.7667086804285645 17.0256805 0.0330055 0
2454888.7676403936930001 17.0897484 0.0320159 0
2454888.7685732636600733 17.0900879 0.0300064 0
2454888.7696270835585892 17.0176296 0.0350062 0
2454888.7705732639878988 17.1451187 0.0410048 0
2454888.7715084492228925 17.0196533 0.0350059 0
2454888.7724303239956498 17.1006413 0.0410056 0
2454888.7733620372600853 17.0805225 0.0430084 0
2454888.7743105324916542 17.0890083 0.0360064 0
2454888.7761843749321997 17.0534325 0.0630076 0
2454888.7771444446407259 17.0266635289474 99 1
2454888.7781050927005708 17.0266635289474 99 1
2454888.7790119214914739 17.0266635289474 99 1
2454888.7799465279094875 17.0266635289474 99 1
2454888.7809378472156823 16.9995003 0.0300102 0
2454888.7818875000812113 17.1136913 0.0320163 0
2454888.7828354164958000 17.0266635289474 99 1
2454888.7837873841635883 17.0266635289474 99 1
2454888.7847306714393198 17.0163136 0.0300074 0
2454888.7856895835138857 17.1275425 0.0330053 0
2454888.7866369211114943 16.9910564 0.0280060 0
2454888.7875900464132428 17.0462666 0.0290111 0
2454888.7885396992787719 17.0540142 0.0290073 0
2454888.7894795136526227 17.0347481 0.0300113 0
