0.985365853658537
2454887.7398140048608184 14.6168423 0.0050250 0
2454887.7406988427974284 14.6356897 0.0050320 0
2454887.7416172455996275 14.6363754 0.0050558 0
2454887.7425315971486270 14.6234827 0.0050451 0
2454887.7434355323202908 14.6166391 0.0050331 0
2454887.7444280092604458 14.6235571 0.0050431 0
2454887.7453365740366280 14.6217413 0.0050352 0
2454887.7462584492750466 14.6221876 0.0050351 0
2454887.7471716436557472 14.6315432 0.0050303 0
2454887.7480946760624647 14.6225452 0.0050207 0
2454887.7490032408386469 14.6152611 0.0050233 0
2454887.7499204860068858 14.6275940 0.0050467 0
2454887.7508365740068257 14.6194115 0.0050241 0
2454887.7517543979920447 14.6135588 0.0050232 0
2454887.7526531252078712 14.6112471 0.0050246 0
2454887.7535726851783693 14.6305313 0.0050164 0
2454887.7544905091635883 14.6192722 0.0050263 0
2454887.7554083331488073 14.6079550 0.0050300 0
2454887.7563325231894851 14.6304684 0.0050498 0
2454887.7572474535554647 14.6217327 0.0050565 0
2454887.7581785880029202 14.6020451 0.0050271 0
2454887.7590917823836207 14.6107826 0.0050413 0
2454887.7600171295925975 14.6173239 0.0050247 0
2454887.7618961804546416 14.6065664 0.0050225 0
2454887.7627902776002884 14.6312361 0.0050863 0
2454887.7637017359957099 14.5988102 0.0050232 0
2454887.7646328704431653 14.6145430 0.0050395 0
2454887.7655541668646038 14.6255560 0.0050291 0
2454887.7664656247943640 14.6088228 0.0050253 0
2454887.7674204860813916 14.6192837 0.0050264 0
2454887.7683498840779066 14.6085291 0.0050197 0
2454887.7693741898983717 14.6045389 0.0050230 0
2454887.7705530091188848 14.6202908 0.0050328 0
2454887.7714465279132128 14.6115551 0.0050341 0
2454887.7723736111074686 14.6172552 0.0050209 0
2454887.7732908562757075 14.6200838 0.0050285 0
2454887.7742555555887520 14.6166821 0.0050213 0
2454887.7751803239807487 14.6226206 0.0050222 0
2454887.7761074071750045 14.6123447 0.0060202 0
2454887.7770414352416992 14.6301708 0.0050367 0
2454887.7779604168608785 14.6165743 0.0050276 0
2454887.7788863424211740 14.6127205 0.0050384 0
2454887.7798122684471309 14.6192560 0.0050226 0
2454887.7807370368391275 14.6237459 0.0050386 0
2454887.7817167825996876 14.6434288 0.0060244 0
2454887.7835888890549541 14.6586285 0.0060586 0
2454887.7844922454096377 14.6432838 0.0060713 0
2454887.7854181714355946 14.5982943 0.0050239 0
2454887.7863481482490897 14.6074133 0.0050244 0
2454887.7872862266376615 14.6379986 0.0050332 0
2454887.7882127314805984 14.6076612 0.0060227 0
2454887.7891357638873160 14.6139345 0.0060275 0
2454887.7900576386600733 14.6109095 0.0060472 0
2454887.7909748842939734 14.6048613 0.0060340 0
2454887.7919089118950069 14.6114511 0.0060382 0
2454887.7928527779877186 14.6153908 0.0060315 0
2454887.7937896992079914 14.5984545 0.0060279 0
2454887.7947162035852671 14.5962868 0.0060262 0
2454887.7956571760587394 14.6001186 0.0060256 0
2454887.7965848380699754 14.5914888 0.0060365 0
2454887.7975275460630655 14.6070051 0.0060456 0
2454887.7985703703016043 14.6365156 0.0060336 0
2454887.7997063659131527 14.5929508 0.0060350 0
2454887.8006496527232230 14.6298599 0.0061317 0
2454887.8016322916373610 14.6258907 0.0060319 0
2454887.8026537038385868 14.6182384 0.0060247 0
2454887.8036947916261852 14.6198683 0.0060381 0
2454887.8047144678421319 14.6161680 0.0060417 0
2454887.8056924766860902 14.6015282 0.0060393 0
2454887.8066947916522622 14.5727482 0.0060376 0
2454887.8085750001482666 14.5949039 0.0060387 0
2454887.8095032409764826 14.6276484 0.0060307 0
2454887.8114725695922971 14.5972567 0.0060578 0
2454887.8123961803503335 14.6006079 0.0060380 0
2454887.8133319444023073 14.5953493 0.0060527 0
2454887.8142671296373010 14.6119394 0.0070404 0
2454887.8152069444768131 14.5989265 0.0060529 0
2454887.8161473381333053 14.5943727 0.0060521 0
2454887.8170964121818542 14.6004257 0.0070663 0
2454887.8191074072383344 14.6184206 0.0070356 0
2454887.8200408564880490 14.5906239 0.0071311 0
2454887.8209934029728174 14.6307144 0.0071100 0
2454887.8219609954394400 14.5963640 0.0070430 0
2454887.8229123842902482 14.6514673 0.0070520 0
2454887.8238782407715917 14.6546326 0.0070686 0
2454887.8248504628427327 14.6116686 0.0071207 0
2454887.8258990738540888 14.6609240 0.0080908 0
2454887.8268562499433756 14.6061010 0.0081649 0
2454887.8278082176111639 14.6159029 0.0080545 0
2454887.8287613424472511 14.6323605 0.0081266 0
2454887.8297381945885718 14.6293421 0.0080663 0
2454887.8306537037715316 14.7244473 0.0092086 0
2454887.8315848377533257 14.6324625 0.0090715 0
2454887.8325101854279637 14.6910648 0.0091139 0
2454887.8334546294063330 14.6378536 0.0084422 0
2454888.6674447916448116 14.5681887 0.0050441 0
2454888.6683608796447515 14.5840549 0.0050633 0
2454888.6692607640288770 14.5674372 0.0050519 0
2454888.6701681711710989 14.5699930 0.0050721 0
2454888.6710802083835006 14.5608702 0.0050878 0
2454888.6719829859212041 14.5568895 0.0050312 0
2454888.6729060183279216 14.5797653 0.0050438 0
2454888.6738012731075287 14.5720682 0.0050641 0
2454888.6747040511108935 14.5626669 0.0050900 0
2454888.6756184026598930 14.5686731 0.0050361 0
2454888.6765431715175509 14.5761995 0.0050424 0
2454888.6774395834654570 14.5747652 0.0050420 0
2454888.6895935186184943 14.5845070 0.0050183 0
2454888.6905084489844739 14.5953026 0.0050205 0
2454888.6914349538274109 14.5955467 0.0050243 0
2454888.6923412038013339 14.5948448 0.0050347 0
2454888.6932462961412966 14.6006565 0.0050223 0
2454888.6941357636824250 14.6004772 0.0050224 0
2454888.6950402776710689 14.5923052 0.0060173 0
2454888.6959453704766929 14.5941582 0.0050245 0
2454888.6968608796596527 14.6047544 0.0050208 0
2454888.7025194442830980 14.6247416 0.0070386 0
2454888.7034413195215166 14.5828638 0.0070325 0
2454888.7043498842976987 14.5850592 0.0080283 0
2454888.7072759261354804 14.6003227 0.0070288 0
2454888.7081872685812414 14.6287441 0.0070417 0
2454888.7090981481596828 14.5895720 0.0080364 0
2454888.7100136573426425 14.6055298 0.0090362 0
2454888.7109413193538785 14.5789394 0.0090395 0
2454888.7118799770250916 14.6259518 0.0090371 0
2454888.7128006946295500 14.6023779 0.0100443 0
2454888.7137162038125098 14.6180592 0.0090327 0
2454888.7146427081897855 14.6021051 0.0090583 0
2454888.7155553242191672 14.6429605 0.0090977 0
2454888.7165379631333053 14.6015291 0.0090272 0
2454888.7174476850777864 14.5993185 0.0090478 0
2454888.7183736111037433 14.5937443 0.0100332 0
2454888.7193006942979991 14.6203966 0.0090440 0
2454888.7211502315476537 14.5708523 0.0120662 0
2454888.7220478011295199 14.6361151 0.0160580 0
2454888.7229563659057021 14.6450806 0.0210548 0
2454888.7238770835101604 14.6778326 0.0350774 0
2454888.7247787038795650 14.5674982 0.0230701 0
2454888.7256785877980292 14.6216297 0.0140649 0
2454888.7266351850703359 14.6049557 0.0090258 0
2454888.7275616899132729 14.5842485 0.0080279 0
2454888.7284939815290272 14.6028042 0.0080259 0
2454888.7294222223572433 14.6217985 0.0080247 0
2454888.7312717591412365 14.5703068 0.0080401 0
2454888.7321843751706183 14.5899839 0.0070389 0
2454888.7331114583648741 14.6077032 0.0070234 0
2454888.7340130787342787 14.5991735 0.0070188 0
2454888.7349737267941236 14.5955505 0.0060225 0
2454888.7358950232155621 14.5948000 0.0070295 0
2454888.7368302084505558 14.5594025 0.0060627 0
2454888.7377503472380340 14.5809345 0.0060294 0
2454888.7386693288572133 14.5876837 0.0060391 0
2454888.7395883100107312 14.5828266 0.0060426 0
2454888.7405211804434657 14.5891743 0.0060182 0
2454888.7414523148909211 14.5852470 0.0060253 0
2454888.7423770832829177 14.6110868 0.0060315 0
2454888.7433151621371508 14.5915318 0.0060260 0
2454888.7442549769766629 14.5859108 0.0060192 0
2454888.7451936341822147 14.6085424 0.0060324 0
2454888.7461322918534279 14.6011381 0.0060315 0
2454888.7470535878092051 14.5829763 0.0060296 0
2454888.7479812498204410 14.5835009 0.0070453 0
2454888.7489129630848765 14.5921040 0.0060153 0
2454888.7498718751594424 14.6054211 0.0060245 0
2454888.7507966435514390 14.5879107 0.0060216 0
2454888.7517289351671934 14.5897064 0.0060210 0
2454888.7526432871818542 14.5585938 0.0060500 0
2454888.7535784724168479 14.5949469 0.0060240 0
2454888.7545165508054197 14.6008615 0.0060325 0
2454888.7554476852528751 14.5788898 0.0060268 0
2454888.7563805556856096 14.5972443 0.0060278 0
2454888.7573082176968455 14.5874844 0.0060216 0
2454888.7582358797080815 14.5818834 0.0060331 0
2454888.7591681713238358 14.6013699 0.0060194 0
2454888.7600981481373310 14.5811605 0.0060243 0
2454888.7610315973870456 14.5926752 0.0060225 0
2454888.7619598377496004 14.5700836 0.0060297 0
2454888.7628956018015742 14.5880108 0.0060355 0
2454888.7638631942681968 14.5978699 0.0060250 0
2454888.7647983795031905 14.5803165 0.0060350 0
2454888.7657763888128102 14.5753288 0.0060333 0
2454888.7667086804285645 14.5816822 0.0060300 0
2454888.7676403936930001 14.5707474 0.0060843 0
2454888.7685732636600733 14.5850868 0.0060320 0
2454888.7696270835585892 14.5926304 0.0060360 0
2454888.7705732639878988 14.5791178 0.0060324 0
2454888.7715084492228925 14.5836554 0.0060346 0
2454888.7724303239956498 14.5876408 0.0060381 0
2454888.7733620372600853 14.5825224 0.0070512 0
2454888.7743105324916542 14.5820084 0.0060384 0
2454888.7761843749321997 14.6454325 0.0100479 0
2454888.7771444446407259 14.5329361 0.0115575 0
2454888.7781050927005708 14.5763760 0.0172771 0
2454888.7790119214914739 14.5278435 0.0334396 0
2454888.7799465279094875 14.6039377836634 99 1
2454888.7809378472156823 14.5835009 0.0060510 0
2454888.7818875000812113 14.5736895 0.0060865 0
2454888.7828354164958000 14.6039377836634 99 1
2454888.7837873841635883 14.6039377836634 99 1
2454888.7847306714393198 14.6003132 0.0060370 0
2454888.7856895835138857 14.5735407 0.0060291 0
2454888.7866369211114943 14.6030560 0.0060281 0
2454888.7875900464132428 14.5612679 0.0060532 0
2454888.7885396992787719 14.5990143 0.0060353 0
2454888.7894795136526227 14.5797482 0.0060560 0
