0.434146341463415
2454887.7398140048608184 18.1468410 0.0440028 0
2454887.7406988427974284 18.2946892 0.0480033 0
2454887.7416172455996275 18.2503757 0.0490057 0
2454887.7425315971486270 18.2024841 0.0480047 0
2454887.7434355323202908 18.1856384 0.0460036 0
2454887.7444280092604458 18.2085590 0.0470046 0
2454887.7453365740366280 18.1617413 0.0450039 0
2454887.7462584492750466 18.1721878 0.0450039 0
2454887.7471716436557472 18.2325439 0.0480032 0
2454887.7480946760624647 18.2095451 0.0470022 0
2454887.7490032408386469 18.1942616 0.0480024 0
2454887.7499204860068858 18.2135944 0.0490048 0
2454887.7508365740068257 18.2194118 0.0480025 0
2454887.7517543979920447 18.2165604 0.0480024 0
2454887.7526531252078712 18.2192478 0.0470026 0
2454887.7535726851783693 18.2215290 0.0500016 0
2454887.7544905091635883 18.2112732 0.0480028 0
2454887.7554083331488073 18.3179550 0.0550027 0
2454887.7563325231894851 18.2264671 0.0510049 0
2454887.7572474535554647 18.1207333 0.0490058 0
2454887.7581785880029202 18.2600441 0.0560024 0
2454887.7590917823836207 18.1757832 0.0520040 0
2454887.7600171295925975 18.1753235 0.0510024 0
2454887.7618961804546416 18.1865673 0.0510022 0
2454887.7627902776002884 18.2472363 0.0520084 0
2454887.7637017359957099 18.1718102 0.0500023 0
2454887.7646328704431653 18.2165432 0.0510039 0
2454887.7655541668646038 18.2315578 0.0550027 0
2454887.7664656247943640 18.2088223 0.0570022 0
2454887.7674204860813916 18.2922840 0.0650020 0
2454887.7683498840779066 18.2415276 0.0590017 0
2454887.7693741898983717 18.2055378 0.0590020 0
2454887.7705530091188848 18.1962910 0.0580028 0
2454887.7714465279132128 18.2115536 0.0570030 0
2454887.7723736111074686 18.1242542 0.0610017 0
2454887.7732908562757075 18.2640839 0.0580025 0
2454887.7742555555887520 18.1936817 0.0580018 0
2454887.7751803239807487 18.2666187 0.0650017 0
2454887.7761074071750045 18.2453461 0.0590021 0
2454887.7770414352416992 18.2411709 0.0640029 0
2454887.7779604168608785 18.0835743 0.0530026 0
2454887.7788863424211740 18.1847210 0.0550035 0
2454887.7798122684471309 18.1992550 0.0560020 0
2454887.7807370368391275 18.2727470 0.0630031 0
2454887.7817167825996876 18.2344284 0.0590025 0
2454887.7835888890549541 18.1726284 0.0670053 0
2454887.7844922454096377 18.2044562460674 99 1
2454887.7854181714355946 18.1602936 0.0610020 0
2454887.7863481482490897 18.3044147 0.0730017 0
2454887.7872862266376615 18.2269993 0.0680024 0
2454887.7882127314805984 18.2266636 0.0710019 0
2454887.7891357638873160 18.2044562460674 99 1
2454887.7900576386600733 18.2044562460674 99 1
2454887.7909748842939734 18.1718616 0.0690030 0
2454887.7919089118950069 18.2044562460674 99 1
2454887.7928527779877186 18.2273903 0.0750025 0
2454887.7937896992079914 18.2044562460674 99 1
2454887.7947162035852671 18.0492878 0.0670023 0
2454887.7956571760587394 18.2044562460674 99 1
2454887.7965848380699754 18.2124882 0.0790028 0
2454887.7975275460630655 18.1030045 0.0700039 0
2454887.7985703703016043 18.2044562460674 99 1
2454887.7997063659131527 18.2044562460674 99 1
2454887.8006496527232230 18.2708588 0.0870092 0
2454887.8016322916373610 18.2044562460674 99 1
2454887.8026537038385868 18.2044562460674 99 1
2454887.8036947916261852 18.1638680 0.0860027 0
2454887.8047144678421319 18.2044562460674 99 1
2454887.8056924766860902 18.2405281 0.0920026 0
2454887.8066947916522622 18.2044562460674 99 1
2454887.8085750001482666 18.2044562460674 99 1
2454887.8095032409764826 18.2044562460674 99 1
2454887.8114725695922971 18.2044562460674 99 1
2454887.8123961803503335 18.2044562460674 99 1
2454887.8133319444023073 18.2044562460674 99 1
2454887.8142671296373010 18.2044562460674 99 1
2454887.8152069444768131 18.2044562460674 99 1
2454887.8161473381333053 18.2044562460674 99 1
2454887.8170964121818542 18.2044562460674 99 1
2454887.8191074072383344 18.2044562460674 99 1
2454887.8200408564880490 18.2044562460674 99 1
2454887.8209934029728174 18.2044562460674 99 1
2454887.8219609954394400 18.2044562460674 99 1
2454887.8229123842902482 18.2044562460674 99 1
2454887.8238782407715917 18.2044562460674 99 1
2454887.8248504628427327 18.2044562460674 99 1
2454887.8258990738540888 18.2044562460674 99 1
2454887.8268562499433756 18.2044562460674 99 1
2454887.8278082176111639 18.2044562460674 99 1
2454887.8287613424472511 18.2044562460674 99 1
2454887.8297381945885718 18.2044562460674 99 1
2454887.8306537037715316 18.2044562460674 99 1
2454887.8315848377533257 18.2044562460674 99 1
2454887.8325101854279637 18.2044562460674 99 1
2454887.8334546294063330 18.2044562460674 99 1
2454888.6674447916448116 18.1211891 0.0540041 0
2454888.6683608796447515 18.2040539 0.0490065 0
2454888.6692607640288770 18.2364388 0.0540048 0
2454888.6701681711710989 18.1819935 0.0500073 0
2454888.6710802083835006 18.2118721 0.0510087 0
2454888.6719829859212041 18.2458897 0.0490032 0
2454888.6729060183279216 18.2044562460674 99 1
2454888.6738012731075287 18.2270699 0.0480067 0
2454888.6747040511108935 18.1536674 0.0480095 0
2454888.6756184026598930 18.2216721 0.0490037 0
2454888.6765431715175509 18.1901989 0.0490043 0
2454888.6774395834654570 18.1757641 0.0470045 0
2454888.6895935186184943 18.1685066 0.0490019 0
2454888.6905084489844739 18.2203026 0.0480021 0
2454888.6914349538274109 18.2935467 0.0540023 0
2454888.6923412038013339 18.0518436 0.0490036 0
2454888.6932462961412966 18.2136574 0.0550020 0
2454888.6941357636824250 18.1804790 0.0600019 0
2454888.6950402776710689 18.2303047 0.0640016 0
2454888.6959453704766929 18.2251587 0.0620020 0
2454888.6968608796596527 18.1827526 0.0540019 0
2454888.7025194442830980 18.2557411 0.1170023 0
2454888.7034413195215166 18.2044562460674 99 1
2454888.7043498842976987 18.2044562460674 99 1
2454888.7072759261354804 18.2044562460674 99 1
2454888.7081872685812414 18.2044562460674 99 1
2454888.7090981481596828 18.2044562460674 99 1
2454888.7100136573426425 18.2044562460674 99 1
2454888.7109413193538785 18.2044562460674 99 1
2454888.7118799770250916 18.2044562460674 99 1
2454888.7128006946295500 18.2044562460674 99 1
2454888.7137162038125098 18.2044562460674 99 1
2454888.7146427081897855 18.2044562460674 99 1
2454888.7155553242191672 18.2044562460674 99 1
2454888.7165379631333053 18.2044562460674 99 1
2454888.7174476850777864 18.2044562460674 99 1
2454888.7183736111037433 18.2044562460674 99 1
2454888.7193006942979991 18.2044562460674 99 1
2454888.7211502315476537 18.2044562460674 99 1
2454888.7220478011295199 18.2044562460674 99 1
2454888.7229563659057021 18.2044562460674 99 1
2454888.7238770835101604 18.2044562460674 99 1
2454888.7247787038795650 18.2044562460674 99 1
2454888.7256785877980292 18.2044562460674 99 1
2454888.7266351850703359 18.2044562460674 99 1
2454888.7275616899132729 18.2044562460674 99 1
2454888.7284939815290272 18.2044562460674 99 1
2454888.7294222223572433 18.1997986 0.1260016 0
2454888.7312717591412365 18.2044562460674 99 1
2454888.7321843751706183 18.2044562460674 99 1
2454888.7331114583648741 18.2044562460674 99 1
2454888.7340130787342787 18.2044562460674 99 1
2454888.7349737267941236 18.4005508 0.1010013 0
2454888.7358950232155621 18.2044562460674 99 1
2454888.7368302084505558 18.2044562460674 99 1
2454888.7377503472380340 18.2044562460674 99 1
2454888.7386693288572133 18.2044562460674 99 1
2454888.7395883100107312 18.2044562460674 99 1
2454888.7405211804434657 18.2044562460674 99 1
2454888.7414523148909211 18.1792469 0.0740021 0
2454888.7423770832829177 18.2044562460674 99 1
2454888.7433151621371508 18.2044562460674 99 1
2454888.7442549769766629 18.2044562460674 99 1
2454888.7451936341822147 18.2044562460674 99 1
2454888.7461322918534279 18.2044562460674 99 1
2454888.7470535878092051 18.0989780 0.0660027 0
2454888.7479812498204410 18.2044562460674 99 1
2454888.7489129630848765 18.2044562460674 99 1
2454888.7498718751594424 18.2044562460674 99 1
2454888.7507966435514390 18.2044562460674 99 1
2454888.7517289351671934 18.2044562460674 99 1
2454888.7526432871818542 18.2044562460674 99 1
2454888.7535784724168479 18.2044562460674 99 1
2454888.7545165508054197 18.2268620 0.0970020 0
2454888.7554476852528751 18.0548916 0.0640025 0
2454888.7563805556856096 18.2322445 0.0750022 0
2454888.7573082176968455 18.0464840 0.0700019 0
2454888.7582358797080815 18.2044562460674 99 1
2454888.7591681713238358 18.2044562460674 99 1
2454888.7600981481373310 18.2044562460674 99 1
2454888.7610315973870456 18.1876736 0.0700019 0
2454888.7619598377496004 18.2910843 0.0820022 0
2454888.7628956018015742 18.2044562460674 99 1
2454888.7638631942681968 18.2044562460674 99 1
2454888.7647983795031905 18.2044562460674 99 1
2454888.7657763888128102 18.2044562460674 99 1
2454888.7667086804285645 18.2044562460674 99 1
2454888.7676403936930001 18.2044562460674 99 1
2454888.7685732636600733 18.2044562460674 99 1
2454888.7696270835585892 18.2044562460674 99 1
2454888.7705732639878988 18.2044562460674 99 1
2454888.7715084492228925 18.2044562460674 99 1
2454888.7724303239956498 18.2044562460674 99 1
2454888.7733620372600853 18.2044562460674 99 1
2454888.7743105324916542 18.2044562460674 99 1
2454888.7761843749321997 18.2044562460674 99 1
2454888.7771444446407259 18.2044562460674 99 1
2454888.7781050927005708 18.2044562460674 99 1
2454888.7790119214914739 18.2044562460674 99 1
2454888.7799465279094875 18.2044562460674 99 1
2454888.7809378472156823 18.2044562460674 99 1
2454888.7818875000812113 18.2044562460674 99 1
2454888.7828354164958000 18.2044562460674 99 1
2454888.7837873841635883 18.2044562460674 99 1
2454888.7847306714393198 18.2044562460674 99 1
2454888.7856895835138857 18.2044562460674 99 1
2454888.7866369211114943 18.2044562460674 99 1
2454888.7875900464132428 18.2044562460674 99 1
2454888.7885396992787719 18.2044562460674 99 1
2454888.7894795136526227 18.2044562460674 99 1
