0.482926829268293
2454887.7398140048608184 18.0028419 0.0390032 0
2454887.7406988427974284 18.1406898 0.0430037 0
2454887.7416172455996275 18.0873756 0.0420067 0
2454887.7425315971486270 18.1074829 0.0430053 0
2454887.7434355323202908 18.0576382 0.0420039 0
2454887.7444280092604458 18.0635586 0.0430050 0
2454887.7453365740366280 18.0737419 0.0410043 0
2454887.7462584492750466 18.0681877 0.0400044 0
2454887.7471716436557472 18.0725441 0.0420036 0
2454887.7480946760624647 18.0675449 0.0410025 0
2454887.7490032408386469 18.1212616 0.0430027 0
2454887.7499204860068858 17.9895954 0.0410057 0
2454887.7508365740068257 18.0684109 0.0430028 0
2454887.7517543979920447 18.0365601 0.0410028 0
2454887.7526531252078712 18.0622482 0.0420029 0
2454887.7535726851783693 18.0125294 0.0420020 0
2454887.7544905091635883 17.9842720 0.0400033 0
2454887.7554083331488073 18.1499557 0.0500030 0
2454887.7563325231894851 18.0804672 0.0450056 0
2454887.7572474535554647 18.1167336 0.0490058 0
2454887.7581785880029202 18.0350437 0.0450030 0
2454887.7590917823836207 18.1277828 0.0500041 0
2454887.7600171295925975 18.0833225 0.0450028 0
2454887.7618961804546416 18.0765667 0.0460024 0
2454887.7627902776002884 18.0702362 0.0450097 0
2454887.7637017359957099 18.1248093 0.0460025 0
2454887.7646328704431653 18.1005440 0.0470042 0
2454887.7655541668646038 17.9955578 0.0460032 0
2454887.7664656247943640 18.0938225 0.0490026 0
2454887.7674204860813916 18.0942841 0.0540024 0
2454887.7683498840779066 18.0785275 0.0500020 0
2454887.7693741898983717 18.0605392 0.0550021 0
2454887.7705530091188848 18.1342907 0.0550030 0
2454887.7714465279132128 18.1255550 0.0530032 0
2454887.7723736111074686 18.1472549 0.0630017 0
2454887.7732908562757075 18.1100845 0.0520028 0
2454887.7742555555887520 18.1186810 0.0530020 0
2454887.7751803239807487 18.1436195 0.0560020 0
2454887.7761074071750045 18.0943451 0.0530023 0
2454887.7770414352416992 18.0901699 0.0570032 0
2454887.7779604168608785 18.1355743 0.0550025 0
2454887.7788863424211740 18.0747204 0.0530036 0
2454887.7798122684471309 18.0462551 0.0480024 0
2454887.7807370368391275 18.1017475 0.0530037 0
2454887.7817167825996876 18.0354290 0.0510029 0
2454887.7835888890549541 18.0226288 0.0590060 0
2454887.7844922454096377 18.0959258040404 99 1
2454887.7854181714355946 18.1032944 0.0570021 0
2454887.7863481482490897 18.0424137 0.0530023 0
2454887.7872862266376615 18.1039982 0.0610027 0
2454887.7882127314805984 18.0086632 0.0590023 0
2454887.7891357638873160 18.0959258040404 99 1
2454887.7900576386600733 18.0959258040404 99 1
2454887.7909748842939734 18.0959258040404 99 1
2454887.7919089118950069 18.0954533 0.0690033 0
2454887.7928527779877186 18.0959258040404 99 1
2454887.7937896992079914 18.1684551 0.0700024 0
2454887.7947162035852671 18.0959258040404 99 1
2454887.7956571760587394 18.0959258040404 99 1
2454887.7965848380699754 18.2534885 0.0820027 0
2454887.7975275460630655 18.0959258040404 99 1
2454887.7985703703016043 18.0175152 0.0680030 0
2454887.7997063659131527 18.0779514 0.0770027 0
2454887.8006496527232230 18.0959258040404 99 1
2454887.8016322916373610 18.0959258040404 99 1
2454887.8026537038385868 18.0959258040404 99 1
2454887.8036947916261852 18.0959258040404 99 1
2454887.8047144678421319 18.0959258040404 99 1
2454887.8056924766860902 18.1065292 0.0790030 0
2454887.8066947916522622 18.0959258040404 99 1
2454887.8085750001482666 18.0959258040404 99 1
2454887.8095032409764826 18.0959258040404 99 1
2454887.8114725695922971 18.0959258040404 99 1
2454887.8123961803503335 18.0959258040404 99 1
2454887.8133319444023073 18.0573502 0.0770041 0
2454887.8142671296373010 18.0959258040404 99 1
2454887.8152069444768131 18.2909260 0.1140028 0
2454887.8161473381333053 18.0959258040404 99 1
2454887.8170964121818542 18.0959258040404 99 1
2454887.8191074072383344 18.0959258040404 99 1
2454887.8200408564880490 18.0959258040404 99 1
2454887.8209934029728174 18.0959258040404 99 1
2454887.8219609954394400 18.0959258040404 99 1
2454887.8229123842902482 18.0959258040404 99 1
2454887.8238782407715917 18.0959258040404 99 1
2454887.8248504628427327 18.0959258040404 99 1
2454887.8258990738540888 18.0959258040404 99 1
2454887.8268562499433756 18.0959258040404 99 1
2454887.8278082176111639 18.0959258040404 99 1
2454887.8287613424472511 18.0959258040404 99 1
2454887.8297381945885718 18.0959258040404 99 1
2454887.8306537037715316 18.0959258040404 99 1
2454887.8315848377533257 18.0959258040404 99 1
2454887.8325101854279637 18.0959258040404 99 1
2454887.8334546294063330 18.0959258040404 99 1
2454888.6674447916448116 18.1641903 0.0530042 0
2454888.6683608796447515 18.1310539 0.0480066 0
2454888.6692607640288770 18.1104393 0.0450058 0
2454888.6701681711710989 18.0879936 0.0450081 0
2454888.6710802083835006 18.1228733 0.0460096 0
2454888.6719829859212041 18.1348896 0.0470033 0
2454888.6729060183279216 18.1237640 0.0500044 0
2454888.6738012731075287 18.1570683 0.0460070 0
2454888.6747040511108935 18.1066685 0.0480095 0
2454888.6756184026598930 18.0986710 0.0430042 0
2454888.6765431715175509 18.0791988 0.0430050 0
2454888.6774395834654570 17.9997635 0.0400053 0
2454888.6895935186184943 18.1315060 0.0490019 0
2454888.6905084489844739 18.1023026 0.0440023 0
2454888.6914349538274109 18.0965481 0.0450027 0
2454888.6923412038013339 18.1078434 0.0510034 0
2454888.6932462961412966 18.0246582 0.0490023 0
2454888.6941357636824250 18.0064793 0.0500022 0
2454888.6950402776710689 18.0959258040404 99 1
2454888.6959453704766929 18.1141586 0.0580021 0
2454888.6968608796596527 18.0627537 0.0520020 0
2454888.7025194442830980 18.0377426 0.0950028 0
2454888.7034413195215166 18.0959258040404 99 1
2454888.7043498842976987 18.0959258040404 99 1
2454888.7072759261354804 18.0959258040404 99 1
2454888.7081872685812414 18.0959258040404 99 1
2454888.7090981481596828 18.0959258040404 99 1
2454888.7100136573426425 18.0959258040404 99 1
2454888.7109413193538785 18.0959258040404 99 1
2454888.7118799770250916 18.0959258040404 99 1
2454888.7128006946295500 18.0959258040404 99 1
2454888.7137162038125098 18.0959258040404 99 1
2454888.7146427081897855 18.0959258040404 99 1
2454888.7155553242191672 18.0959258040404 99 1
2454888.7165379631333053 18.0959258040404 99 1
2454888.7174476850777864 18.0959258040404 99 1
2454888.7183736111037433 18.0959258040404 99 1
2454888.7193006942979991 18.0959258040404 99 1
2454888.7211502315476537 18.0959258040404 99 1
2454888.7220478011295199 18.0959258040404 99 1
2454888.7229563659057021 18.0959258040404 99 1
2454888.7238770835101604 18.0959258040404 99 1
2454888.7247787038795650 18.0959258040404 99 1
2454888.7256785877980292 18.0959258040404 99 1
2454888.7266351850703359 18.0959258040404 99 1
2454888.7275616899132729 18.0959258040404 99 1
2454888.7284939815290272 18.0959258040404 99 1
2454888.7294222223572433 18.0959258040404 99 1
2454888.7312717591412365 18.0959258040404 99 1
2454888.7321843751706183 18.0959258040404 99 1
2454888.7331114583648741 18.0757046 0.0900018 0
2454888.7340130787342787 17.9991722 0.0800016 0
2454888.7349737267941236 18.0959258040404 99 1
2454888.7358950232155621 18.0959258040404 99 1
2454888.7368302084505558 18.0959258040404 99 1
2454888.7377503472380340 18.0959258040404 99 1
2454888.7386693288572133 18.0959258040404 99 1
2454888.7395883100107312 18.0959258040404 99 1
2454888.7405211804434657 18.0959258040404 99 1
2454888.7414523148909211 18.0959258040404 99 1
2454888.7423770832829177 18.0810871 0.0700027 0
2454888.7433151621371508 18.0785313 0.0660024 0
2454888.7442549769766629 18.0959258040404 99 1
2454888.7451936341822147 18.0959258040404 99 1
2454888.7461322918534279 18.0959258040404 99 1
2454888.7470535878092051 18.1619778 0.0660027 0
2454888.7479812498204410 18.0959258040404 99 1
2454888.7489129630848765 18.1281071 0.0690013 0
2454888.7498718751594424 18.0959258040404 99 1
2454888.7507966435514390 18.0959258040404 99 1
2454888.7517289351671934 18.0959258040404 99 1
2454888.7526432871818542 18.0959258040404 99 1
2454888.7535784724168479 18.0959258040404 99 1
2454888.7545165508054197 18.1268616 0.0840023 0
2454888.7554476852528751 18.0959258040404 99 1
2454888.7563805556856096 18.0959258040404 99 1
2454888.7573082176968455 18.2154827 0.0770017 0
2454888.7582358797080815 18.0959258040404 99 1
2454888.7591681713238358 18.1653690 0.0720016 0
2454888.7600981481373310 18.1091614 0.0710021 0
2454888.7610315973870456 18.1346741 0.0720019 0
2454888.7619598377496004 18.2010841 0.0750024 0
2454888.7628956018015742 18.0959258040404 99 1
2454888.7638631942681968 18.0959258040404 99 1
2454888.7647983795031905 18.0959258040404 99 1
2454888.7657763888128102 18.0959258040404 99 1
2454888.7667086804285645 18.0959258040404 99 1
2454888.7676403936930001 18.0959258040404 99 1
2454888.7685732636600733 18.0959258040404 99 1
2454888.7696270835585892 18.2626305 0.0980022 0
2454888.7705732639878988 18.0381184 0.0840023 0
2454888.7715084492228925 18.1286545 0.0900023 0
2454888.7724303239956498 18.0959258040404 99 1
2454888.7733620372600853 18.2075214 0.1150031 0
2454888.7743105324916542 18.0959258040404 99 1
2454888.7761843749321997 18.0959258040404 99 1
2454888.7771444446407259 18.0959258040404 99 1
2454888.7781050927005708 18.0959258040404 99 1
2454888.7790119214914739 18.0959258040404 99 1
2454888.7799465279094875 18.0959258040404 99 1
2454888.7809378472156823 18.0959258040404 99 1
2454888.7818875000812113 18.0959258040404 99 1
2454888.7828354164958000 18.0959258040404 99 1
2454888.7837873841635883 18.0959258040404 99 1
2454888.7847306714393198 18.0959258040404 99 1
2454888.7856895835138857 18.0785427 0.0720024 0
2454888.7866369211114943 18.0960560 0.0670025 0
2454888.7875900464132428 18.0552673 0.0640050 0
2454888.7885396992787719 18.1410141 0.0710030 0
2454888.7894795136526227 18.0959258040404 99 1
