0.429268292682927
2454887.7398140048608184 17.7568417 0.0330038 0
2454887.7406988427974284 17.8416901 0.0360045 0
2454887.7416172455996275 17.7753754 0.0350080 0
2454887.7425315971486270 17.8304825 0.0370061 0
2454887.7434355323202908 17.8146381 0.0350047 0
2454887.7444280092604458 17.7515602 0.0360060 0
2454887.7453365740366280 17.8377419 0.0370048 0
2454887.7462584492750466 17.7951870 0.0350050 0
2454887.7471716436557472 17.8195438 0.0370041 0
2454887.7480946760624647 17.7845440 0.0360029 0
2454887.7490032408386469 17.7832623 0.0370032 0
2454887.7499204860068858 17.8435955 0.0380062 0
2454887.7508365740068257 17.8024120 0.0360033 0
2454887.7517543979920447 17.8315601 0.0370031 0
2454887.7526531252078712 17.8282490 0.0390032 0
2454887.7535726851783693 17.8255291 0.0390021 0
2454887.7544905091635883 17.7662735 0.0350038 0
2454887.7554083331488073 17.7939548 0.0420036 0
2454887.7563325231894851 17.8204670 0.0400063 0
2454887.7572474535554647 17.8297329 0.0430066 0
2454887.7581785880029202 17.8550453 0.0420032 0
2454887.7590917823836207 17.8307838 0.0430048 0
2454887.7600171295925975 17.8213234 0.0400031 0
2454887.7618961804546416 17.7975674 0.0390029 0
2454887.7627902776002884 17.8262348 0.0400109 0
2454887.7637017359957099 17.7798100 0.0390030 0
2454887.7646328704431653 17.7445431 0.0390051 0
2454887.7655541668646038 17.8435574 0.0440033 0
2454887.7664656247943640 17.7658215 0.0420030 0
2454887.7674204860813916 17.7192841 0.0430031 0
2454887.7683498840779066 17.7075272 0.0400025 0
2454887.7693741898983717 17.7065392 0.0450026 0
2454887.7705530091188848 17.7342911 0.0430038 0
2454887.7714465279132128 17.8425541 0.0450038 0
2454887.7723736111074686 17.7362556 0.0480022 0
2454887.7732908562757075 17.7800846 0.0420034 0
2454887.7742555555887520 17.6816807 0.0420025 0
2454887.7751803239807487 17.6956196 0.0450025 0
2454887.7761074071750045 17.8283443 0.0440028 0
2454887.7770414352416992 17.6851711 0.0450041 0
2454887.7779604168608785 17.7515736 0.0420033 0
2454887.7788863424211740 17.7617207 0.0440044 0
2454887.7798122684471309 17.8142548 0.0430026 0
2454887.7807370368391275 17.7327480 0.0410047 0
2454887.7817167825996876 17.8104286 0.0450033 0
2454887.7835888890549541 17.7496300 0.0530067 0
2454887.7844922454096377 17.701567675 99 1
2454887.7854181714355946 17.6792946 0.0440027 0
2454887.7863481482490897 17.6934147 0.0440028 0
2454887.7872862266376615 17.6749992 0.0450037 0
2454887.7882127314805984 17.701567675 99 1
2454887.7891357638873160 17.701567675 99 1
2454887.7900576386600733 17.701567675 99 1
2454887.7909748842939734 17.701567675 99 1
2454887.7919089118950069 17.701567675 99 1
2454887.7928527779877186 17.6303902 0.0480040 0
2454887.7937896992079914 17.7394562 0.0550030 0
2454887.7947162035852671 17.701567675 99 1
2454887.7956571760587394 17.701567675 99 1
2454887.7965848380699754 17.7964878 0.0640034 0
2454887.7975275460630655 17.701567675 99 1
2454887.7985703703016043 17.701567675 99 1
2454887.7997063659131527 17.7079525 0.0630033 0
2454887.8006496527232230 17.7038574 0.0590135 0
2454887.8016322916373610 17.701567675 99 1
2454887.8026537038385868 17.7312393 0.0570026 0
2454887.8036947916261852 17.701567675 99 1
2454887.8047144678421319 17.6391678 0.0580043 0
2454887.8056924766860902 17.8045292 0.0700034 0
2454887.8066947916522622 17.6527481 0.0650035 0
2454887.8085750001482666 17.701567675 99 1
2454887.8095032409764826 17.6186485 0.0540034 0
2454887.8114725695922971 17.701567675 99 1
2454887.8123961803503335 17.701567675 99 1
2454887.8133319444023073 17.701567675 99 1
2454887.8142671296373010 17.701567675 99 1
2454887.8152069444768131 17.701567675 99 1
2454887.8161473381333053 17.701567675 99 1
2454887.8170964121818542 17.701567675 99 1
2454887.8191074072383344 17.701567675 99 1
2454887.8200408564880490 17.701567675 99 1
2454887.8209934029728174 17.701567675 99 1
2454887.8219609954394400 17.6523647 0.0740041 0
2454887.8229123842902482 17.701567675 99 1
2454887.8238782407715917 17.701567675 99 1
2454887.8248504628427327 17.701567675 99 1
2454887.8258990738540888 17.701567675 99 1
2454887.8268562499433756 17.701567675 99 1
2454887.8278082176111639 17.701567675 99 1
2454887.8287613424472511 17.701567675 99 1
2454887.8297381945885718 17.701567675 99 1
2454887.8306537037715316 17.701567675 99 1
2454887.8315848377533257 17.4834595 0.1030063 0
2454887.8325101854279637 17.701567675 99 1
2454887.8334546294063330 17.701567675 99 1
2454888.6674447916448116 17.701567675 99 1
2454888.6683608796447515 17.701567675 99 1
2454888.6692607640288770 17.701567675 99 1
2454888.6701681711710989 17.701567675 99 1
2454888.6710802083835006 17.701567675 99 1
2454888.6719829859212041 17.701567675 99 1
2454888.6729060183279216 17.701567675 99 1
2454888.6738012731075287 17.701567675 99 1
2454888.6747040511108935 17.701567675 99 1
2454888.6756184026598930 17.701567675 99 1
2454888.6765431715175509 17.701567675 99 1
2454888.6774395834654570 17.701567675 99 1
2454888.6895935186184943 17.701567675 99 1
2454888.6905084489844739 17.701567675 99 1
2454888.6914349538274109 17.701567675 99 1
2454888.6923412038013339 17.701567675 99 1
2454888.6932462961412966 17.701567675 99 1
2454888.6941357636824250 17.701567675 99 1
2454888.6950402776710689 17.701567675 99 1
2454888.6959453704766929 17.701567675 99 1
2454888.6968608796596527 17.701567675 99 1
2454888.7025194442830980 17.701567675 99 1
2454888.7034413195215166 17.701567675 99 1
2454888.7043498842976987 17.701567675 99 1
2454888.7072759261354804 17.701567675 99 1
2454888.7081872685812414 17.701567675 99 1
2454888.7090981481596828 17.701567675 99 1
2454888.7100136573426425 17.701567675 99 1
2454888.7109413193538785 17.701567675 99 1
2454888.7118799770250916 17.701567675 99 1
2454888.7128006946295500 17.701567675 99 1
2454888.7137162038125098 17.701567675 99 1
2454888.7146427081897855 17.701567675 99 1
2454888.7155553242191672 17.701567675 99 1
2454888.7165379631333053 17.701567675 99 1
2454888.7174476850777864 17.701567675 99 1
2454888.7183736111037433 17.701567675 99 1
2454888.7193006942979991 17.701567675 99 1
2454888.7211502315476537 17.701567675 99 1
2454888.7220478011295199 17.701567675 99 1
2454888.7229563659057021 17.701567675 99 1
2454888.7238770835101604 17.701567675 99 1
2454888.7247787038795650 17.701567675 99 1
2454888.7256785877980292 17.701567675 99 1
2454888.7266351850703359 17.701567675 99 1
2454888.7275616899132729 17.701567675 99 1
2454888.7284939815290272 17.701567675 99 1
2454888.7294222223572433 17.701567675 99 1
2454888.7312717591412365 17.701567675 99 1
2454888.7321843751706183 17.701567675 99 1
2454888.7331114583648741 17.701567675 99 1
2454888.7340130787342787 17.701567675 99 1
2454888.7349737267941236 17.701567675 99 1
2454888.7358950232155621 17.6347980 0.0680031 0
2454888.7368302084505558 17.701567675 99 1
2454888.7377503472380340 17.701567675 99 1
2454888.7386693288572133 17.4726849 0.0570041 0
2454888.7395883100107312 17.701567675 99 1
2454888.7405211804434657 17.5881729 0.0570019 0
2454888.7414523148909211 17.701567675 99 1
2454888.7423770832829177 17.701567675 99 1
2454888.7433151621371508 17.6555309 0.0530029 0
2454888.7442549769766629 17.701567675 99 1
2454888.7451936341822147 17.5335426 0.0600032 0
2454888.7461322918534279 17.4881363 0.0600032 0
2454888.7470535878092051 17.701567675 99 1
2454888.7479812498204410 17.3715000 0.0610052 0
2454888.7489129630848765 17.5641060 0.0480019 0
2454888.7498718751594424 17.4524193 0.0540027 0
2454888.7507966435514390 17.7209110 0.0570023 0
2454888.7517289351671934 17.701567675 99 1
2454888.7526432871818542 17.5285950 0.0700043 0
2454888.7535784724168479 17.701567675 99 1
2454888.7545165508054197 17.5028610 0.0580034 0
2454888.7554476852528751 17.6208916 0.0520031 0
2454888.7563805556856096 17.6092434 0.0500033 0
2454888.7573082176968455 17.6104832 0.0540024 0
2454888.7582358797080815 17.701567675 99 1
2454888.7591681713238358 17.6633682 0.0580020 0
2454888.7600981481373310 17.5241623 0.0520028 0
2454888.7610315973870456 17.6596737 0.0530026 0
2454888.7619598377496004 17.701567675 99 1
2454888.7628956018015742 17.5840130 0.0530040 0
2454888.7638631942681968 17.701567675 99 1
2454888.7647983795031905 17.6073170 0.0520041 0
2454888.7657763888128102 17.7323284 0.0610033 0
2454888.7667086804285645 17.701567675 99 1
2454888.7676403936930001 17.701567675 99 1
2454888.7685732636600733 17.6300888 0.0520037 0
2454888.7696270835585892 17.5306301 0.0650033 0
2454888.7705732639878988 17.701567675 99 1
2454888.7715084492228925 17.701567675 99 1
2454888.7724303239956498 17.4376411 0.0660035 0
2454888.7733620372600853 17.3395214 0.0700051 0
2454888.7743105324916542 17.701567675 99 1
2454888.7761843749321997 17.701567675 99 1
2454888.7771444446407259 17.701567675 99 1
2454888.7781050927005708 17.701567675 99 1
2454888.7790119214914739 17.701567675 99 1
2454888.7799465279094875 17.701567675 99 1
2454888.7809378472156823 17.701567675 99 1
2454888.7818875000812113 17.701567675 99 1
2454888.7828354164958000 17.701567675 99 1
2454888.7837873841635883 17.701567675 99 1
2454888.7847306714393198 17.701567675 99 1
2454888.7856895835138857 17.6215420 0.0550032 0
2454888.7866369211114943 17.701567675 99 1
2454888.7875900464132428 17.701567675 99 1
2454888.7885396992787719 17.701567675 99 1
2454888.7894795136526227 17.7107487 0.0580058 0
