0.268292682926829
2454887.7398140048608184 17.9451490181818 99 1
2454887.7406988427974284 17.9886894 0.0400040 0
2454887.7416172455996275 18.0793762 0.0440064 0
2454887.7425315971486270 17.9664841 0.0390058 0
2454887.7434355323202908 17.9966393 0.0410040 0
2454887.7444280092604458 17.9765587 0.0410053 0
2454887.7453365740366280 18.0047417 0.0410043 0
2454887.7462584492750466 18.0001869 0.0400044 0
2454887.7471716436557472 17.9745445 0.0410037 0
2454887.7480946760624647 18.0355453 0.0440024 0
2454887.7490032408386469 17.9182625 0.0380031 0
2454887.7499204860068858 17.9395943 0.0400059 0
2454887.7508365740068257 18.5244122 0.0610020 0
2454887.7517543979920447 18.0135593 0.0430027 0
2454887.7526531252078712 18.0202484 0.0430029 0
2454887.7535726851783693 17.9865284 0.0440019 0
2454887.7544905091635883 18.0572720 0.0440030 0
2454887.7554083331488073 17.9749546 0.0470032 0
2454887.7563325231894851 17.9344673 0.0420060 0
2454887.7572474535554647 17.9937325 0.0490058 0
2454887.7581785880029202 17.9430447 0.0450030 0
2454887.7590917823836207 17.9417839 0.0440047 0
2454887.7600171295925975 18.0703239 0.0460027 0
2454887.7618961804546416 17.9935665 0.0450025 0
2454887.7627902776002884 18.0172348 0.0460095 0
2454887.7637017359957099 17.9648094 0.0430027 0
2454887.7646328704431653 17.9645443 0.0430046 0
2454887.7655541668646038 17.9565582 0.0460032 0
2454887.7664656247943640 17.9538231 0.0480026 0
2454887.7674204860813916 17.8962841 0.0480028 0
2454887.7683498840779066 17.9095268 0.0490020 0
2454887.7693741898983717 17.8935394 0.0500023 0
2454887.7705530091188848 17.8322906 0.0460036 0
2454887.7714465279132128 18.0925541 0.0510034 0
2454887.7723736111074686 17.9451490181818 99 1
2454887.7732908562757075 18.0130844 0.0500029 0
2454887.7742555555887520 17.8696804 0.0480022 0
2454887.7751803239807487 17.9451490181818 99 1
2454887.7761074071750045 17.9543457 0.0510024 0
2454887.7770414352416992 17.9451490181818 99 1
2454887.7779604168608785 17.9185734 0.0460030 0
2454887.7788863424211740 17.9187202 0.0470041 0
2454887.7798122684471309 17.9852562 0.0480024 0
2454887.7807370368391275 18.0357475 0.0500039 0
2454887.7817167825996876 17.9924297 0.0510029 0
2454887.7835888890549541 17.8106289 0.0520068 0
2454887.7844922454096377 17.9451490181818 99 1
2454887.7854181714355946 17.8332939 0.0480025 0
2454887.7863481482490897 17.8874149 0.0490025 0
2454887.7872862266376615 17.8249989 0.0510033 0
2454887.7882127314805984 17.9451490181818 99 1
2454887.7891357638873160 17.9451490181818 99 1
2454887.7900576386600733 17.9451490181818 99 1
2454887.7909748842939734 17.9451490181818 99 1
2454887.7919089118950069 17.9684525 0.0650035 0
2454887.7928527779877186 17.9451490181818 99 1
2454887.7937896992079914 17.9451490181818 99 1
2454887.7947162035852671 17.9451490181818 99 1
2454887.7956571760587394 17.9451490181818 99 1
2454887.7965848380699754 17.9451490181818 99 1
2454887.7975275460630655 17.9451490181818 99 1
2454887.7985703703016043 17.9451490181818 99 1
2454887.7997063659131527 17.7939510 0.0620034 0
2454887.8006496527232230 17.7358570 0.0600133 0
2454887.8016322916373610 17.8758907 0.0610031 0
2454887.8026537038385868 17.9451490181818 99 1
2454887.8036947916261852 17.9451490181818 99 1
2454887.8047144678421319 17.8781681 0.0730034 0
2454887.8056924766860902 17.9451490181818 99 1
2454887.8066947916522622 17.9451490181818 99 1
2454887.8085750001482666 17.9451490181818 99 1
2454887.8095032409764826 17.9451490181818 99 1
2454887.8114725695922971 17.9451490181818 99 1
2454887.8123961803503335 17.9451490181818 99 1
2454887.8133319444023073 17.9451490181818 99 1
2454887.8142671296373010 17.9451490181818 99 1
2454887.8152069444768131 17.9451490181818 99 1
2454887.8161473381333053 17.9451490181818 99 1
2454887.8170964121818542 17.9451490181818 99 1
2454887.8191074072383344 17.9451490181818 99 1
2454887.8200408564880490 17.9451490181818 99 1
2454887.8209934029728174 17.9451490181818 99 1
2454887.8219609954394400 17.9451490181818 99 1
2454887.8229123842902482 17.9451490181818 99 1
2454887.8238782407715917 17.9451490181818 99 1
2454887.8248504628427327 17.9451490181818 99 1
2454887.8258990738540888 17.9451490181818 99 1
2454887.8268562499433756 17.9451490181818 99 1
2454887.8278082176111639 17.9451490181818 99 1
2454887.8287613424472511 17.9451490181818 99 1
2454887.8297381945885718 17.9451490181818 99 1
2454887.8306537037715316 17.9451490181818 99 1
2454887.8315848377533257 17.9451490181818 99 1
2454887.8325101854279637 17.9451490181818 99 1
2454887.8334546294063330 17.9451490181818 99 1
2454888.6674447916448116 17.9451490181818 99 1
2454888.6683608796447515 17.9451490181818 99 1
2454888.6692607640288770 17.9451490181818 99 1
2454888.6701681711710989 17.9451490181818 99 1
2454888.6710802083835006 17.9451490181818 99 1
2454888.6719829859212041 17.9451490181818 99 1
2454888.6729060183279216 17.9451490181818 99 1
2454888.6738012731075287 17.9451490181818 99 1
2454888.6747040511108935 17.9451490181818 99 1
2454888.6756184026598930 17.9451490181818 99 1
2454888.6765431715175509 17.9451490181818 99 1
2454888.6774395834654570 17.9451490181818 99 1
2454888.6895935186184943 17.9451490181818 99 1
2454888.6905084489844739 17.9451490181818 99 1
2454888.6914349538274109 17.9451490181818 99 1
2454888.6923412038013339 17.9451490181818 99 1
2454888.6932462961412966 17.9451490181818 99 1
2454888.6941357636824250 17.9451490181818 99 1
2454888.6950402776710689 17.9451490181818 99 1
2454888.6959453704766929 17.9451490181818 99 1
2454888.6968608796596527 17.9451490181818 99 1
2454888.7025194442830980 17.9451490181818 99 1
2454888.7034413195215166 17.9451490181818 99 1
2454888.7043498842976987 17.9451490181818 99 1
2454888.7072759261354804 17.9451490181818 99 1
2454888.7081872685812414 17.9451490181818 99 1
2454888.7090981481596828 17.9451490181818 99 1
2454888.7100136573426425 17.9451490181818 99 1
2454888.7109413193538785 17.9451490181818 99 1
2454888.7118799770250916 17.9451490181818 99 1
2454888.7128006946295500 17.9451490181818 99 1
2454888.7137162038125098 17.9451490181818 99 1
2454888.7146427081897855 17.9451490181818 99 1
2454888.7155553242191672 17.9451490181818 99 1
2454888.7165379631333053 17.9451490181818 99 1
2454888.7174476850777864 17.9451490181818 99 1
2454888.7183736111037433 17.9451490181818 99 1
2454888.7193006942979991 17.9451490181818 99 1
2454888.7211502315476537 17.9451490181818 99 1
2454888.7220478011295199 17.9451490181818 99 1
2454888.7229563659057021 17.9451490181818 99 1
2454888.7238770835101604 17.9451490181818 99 1
2454888.7247787038795650 17.9451490181818 99 1
2454888.7256785877980292 17.9451490181818 99 1
2454888.7266351850703359 17.9451490181818 99 1
2454888.7275616899132729 17.9451490181818 99 1
2454888.7284939815290272 17.9451490181818 99 1
2454888.7294222223572433 17.9451490181818 99 1
2454888.7312717591412365 17.9451490181818 99 1
2454888.7321843751706183 17.9451490181818 99 1
2454888.7331114583648741 17.9451490181818 99 1
2454888.7340130787342787 17.9451490181818 99 1
2454888.7349737267941236 17.9451490181818 99 1
2454888.7358950232155621 17.9451490181818 99 1
2454888.7368302084505558 17.9451490181818 99 1
2454888.7377503472380340 17.9451490181818 99 1
2454888.7386693288572133 17.9451490181818 99 1
2454888.7395883100107312 17.9451490181818 99 1
2454888.7405211804434657 17.9451490181818 99 1
2454888.7414523148909211 17.9451490181818 99 1
2454888.7423770832829177 17.9451490181818 99 1
2454888.7433151621371508 17.9451490181818 99 1
2454888.7442549769766629 17.9451490181818 99 1
2454888.7451936341822147 17.6755428 0.0620031 0
2454888.7461322918534279 17.9451490181818 99 1
2454888.7470535878092051 17.9451490181818 99 1
2454888.7479812498204410 17.9451490181818 99 1
2454888.7489129630848765 17.9451490181818 99 1
2454888.7498718751594424 17.9451490181818 99 1
2454888.7507966435514390 17.9451490181818 99 1
2454888.7517289351671934 17.9451490181818 99 1
2454888.7526432871818542 17.9451490181818 99 1
2454888.7535784724168479 17.9451490181818 99 1
2454888.7545165508054197 17.9451490181818 99 1
2454888.7554476852528751 17.7508926 0.0560029 0
2454888.7563805556856096 17.9451490181818 99 1
2454888.7573082176968455 17.9451490181818 99 1
2454888.7582358797080815 17.9451490181818 99 1
2454888.7591681713238358 17.8123684 0.0590020 0
2454888.7600981481373310 17.9451490181818 99 1
2454888.7610315973870456 17.9156742 0.0590023 0
2454888.7619598377496004 17.9451490181818 99 1
2454888.7628956018015742 17.9451490181818 99 1
2454888.7638631942681968 17.9451490181818 99 1
2454888.7647983795031905 17.9451490181818 99 1
2454888.7657763888128102 17.9451490181818 99 1
2454888.7667086804285645 17.9451490181818 99 1
2454888.7676403936930001 17.9451490181818 99 1
2454888.7685732636600733 17.9451490181818 99 1
2454888.7696270835585892 17.9451490181818 99 1
2454888.7705732639878988 17.9451490181818 99 1
2454888.7715084492228925 17.9451490181818 99 1
2454888.7724303239956498 17.9451490181818 99 1
2454888.7733620372600853 17.9451490181818 99 1
2454888.7743105324916542 17.9451490181818 99 1
2454888.7761843749321997 17.9451490181818 99 1
2454888.7771444446407259 17.9451490181818 99 1
2454888.7781050927005708 17.9451490181818 99 1
2454888.7790119214914739 17.9451490181818 99 1
2454888.7799465279094875 17.9451490181818 99 1
2454888.7809378472156823 17.9451490181818 99 1
2454888.7818875000812113 17.9451490181818 99 1
2454888.7828354164958000 17.9451490181818 99 1
2454888.7837873841635883 17.9451490181818 99 1
2454888.7847306714393198 17.9451490181818 99 1
2454888.7856895835138857 17.7165432 0.0580030 0
2454888.7866369211114943 17.9451490181818 99 1
2454888.7875900464132428 17.9451490181818 99 1
2454888.7885396992787719 17.9451490181818 99 1
2454888.7894795136526227 17.9451490181818 99 1
