0.931707317073171
2454887.7398140048608184 16.9748421 0.0190066 0
2454887.7406988427974284 16.9966888 0.0190084 0
2454887.7416172455996275 16.9933758 0.0190148 0
2454887.7425315971486270 17.0004826 0.0200113 0
2454887.7434355323202908 16.9656391 0.0190087 0
2454887.7444280092604458 16.9755592 0.0200108 0
2454887.7453365740366280 17.0087414 0.0190093 0
2454887.7462584492750466 16.9841881 0.0190093 0
2454887.7471716436557472 16.9545441 0.0190080 0
2454887.7480946760624647 16.9765453 0.0190054 0
2454887.7490032408386469 16.9822617 0.0200058 0
2454887.7499204860068858 16.9615955 0.0190123 0
2454887.7508365740068257 16.9644108 0.0190063 0
2454887.7517543979920447 16.9915600 0.0200058 0
2454887.7526531252078712 16.9802475 0.0200062 0
2454887.7535726851783693 16.9695301 0.0200041 0
2454887.7544905091635883 16.9772720 0.0200066 0
2454887.7554083331488073 16.9519558 0.0210072 0
2454887.7563325231894851 16.9644680 0.0200125 0
2454887.7572474535554647 16.9807339 0.0220129 0
2454887.7581785880029202 16.9700451 0.0220062 0
2454887.7590917823836207 16.9887829 0.0220094 0
2454887.7600171295925975 16.9533234 0.0200062 0
2454887.7618961804546416 16.9815674 0.0210054 0
2454887.7627902776002884 16.9572353 0.0200217 0
2454887.7637017359957099 16.9978085 0.0200058 0
2454887.7646328704431653 16.9865437 0.0200099 0
2454887.7655541668646038 16.9815578 0.0210069 0
2454887.7664656247943640 16.9678230 0.0220058 0
2454887.7674204860813916 16.9732838 0.0230057 0
2454887.7683498840779066 16.9975281 0.0220045 0
2454887.7693741898983717 16.9865379 0.0240048 0
2454887.7705530091188848 16.9842911 0.0230071 0
2454887.7714465279132128 16.9955540 0.0230074 0
2454887.7723736111074686 16.9612541 0.0250042 0
2454887.7732908562757075 16.9640846 0.0220065 0
2454887.7742555555887520 16.9886818 0.0230046 0
2454887.7751803239807487 16.9996185 0.0240046 0
2454887.7761074071750045 16.9683456 0.0230053 0
2454887.7770414352416992 16.9651699 0.0240077 0
2454887.7779604168608785 16.9945736 0.0230060 0
2454887.7788863424211740 16.9957199 0.0230084 0
2454887.7798122684471309 16.9732552 0.0220051 0
2454887.7807370368391275 16.9627476 0.0230084 0
2454887.7817167825996876 16.9614296 0.0230064 0
2454887.7835888890549541 16.9456291 0.0260136 0
2454887.7844922454096377 16.9652843 0.0270159 0
2454887.7854181714355946 16.9902954 0.0250048 0
2454887.7863481482490897 16.9744148 0.0240051 0
2454887.7872862266376615 16.9759998 0.0250067 0
2454887.7882127314805984 16.9626637 0.0250055 0
2454887.7891357638873160 16.9839344 0.0330050 0
2454887.7900576386600733 16.9569092 0.0340084 0
2454887.7909748842939734 16.9708614 0.0260079 0
2454887.7919089118950069 16.9854527 0.0280082 0
2454887.7928527779877186 16.9713917 0.0270070 0
2454887.7937896992079914 17.0034561 0.0280060 0
2454887.7947162035852671 16.9152889 0.0270058 0
2454887.7956571760587394 16.9871178 0.0350044 0
2454887.7965848380699754 16.9384880 0.0280078 0
2454887.7975275460630655 16.9910049 0.0280098 0
2454887.7985703703016043 16.9535160 0.0300067 0
2454887.7997063659131527 16.9509525 0.0300070 0
2454887.8006496527232230 17.0198574 0.0310258 0
2454887.8016322916373610 16.9658909 0.0290066 0
2454887.8026537038385868 17.0422382 0.0310048 0
2454887.8036947916261852 16.9578686 0.0310074 0
2454887.8047144678421319 16.9021683 0.0310081 0
2454887.8056924766860902 16.9365292 0.0330072 0
2454887.8066947916522622 16.9677486 0.0330069 0
2454887.8085750001482666 17.0349026 0.0380061 0
2454887.8095032409764826 16.9606476 0.0300062 0
2454887.8114725695922971 16.9692554 0.0360097 0
2454887.8123961803503335 16.9926090 0.0350065 0
2454887.8133319444023073 16.9423504 0.0330096 0
2454887.8142671296373010 16.9909401 0.0380075 0
2454887.8152069444768131 16.9959259 0.0370086 0
2454887.8161473381333053 16.9503727 0.0370085 0
2454887.8170964121818542 16.9164276 0.0390120 0
2454887.8191074072383344 16.9724197 0.0370067 0
2454887.8200408564880490 16.9126244 0.0400232 0
2454887.8209934029728174 16.9207134 0.0410189 0
2454887.8219609954394400 16.9283638 0.0390077 0
2454887.8229123842902482 16.8784676 0.0380096 0
2454887.8238782407715917 16.9956322 0.0440110 0
2454887.8248504628427327 16.9586697 0.0440194 0
2454887.8258990738540888 17.0459251 0.0620118 0
2454887.8268562499433756 16.9531002 0.0510261 0
2454887.8278082176111639 16.9389038 0.0460095 0
2454887.8287613424472511 16.9883595 0.0590173 0
2454887.8297381945885718 17.0493412 0.0590090 0
2454887.8306537037715316 16.9794464 0.0570333 0
2454887.8315848377533257 16.9094601 0.0550117 0
2454887.8325101854279637 17.0420647 0.0650159 0
2454887.8334546294063330 16.9508533 0.0570637 0
2454888.6674447916448116 16.9761906 0.0220101 0
2454888.6683608796447515 16.9730549 0.0200159 0
2454888.6692607640288770 16.9794388 0.0200130 0
2454888.6701681711710989 16.9699936 0.0210173 0
2454888.6710802083835006 16.9948730 0.0210211 0
2454888.6719829859212041 17.0208893 0.0200078 0
2454888.6729060183279216 16.9657650 0.0210105 0
2454888.6738012731075287 16.9750690 0.0200161 0
2454888.6747040511108935 16.9866676 0.0200227 0
2454888.6756184026598930 16.9926720 0.0190095 0
2454888.6765431715175509 16.9981995 0.0200106 0
2454888.6774395834654570 16.9867649 0.0200105 0
2454888.6895935186184943 16.9895058 0.0220042 0
2454888.6905084489844739 17.0043030 0.0200051 0
2454888.6914349538274109 16.9685478 0.0200061 0
2454888.6923412038013339 16.9728432 0.0220079 0
2454888.6932462961412966 17.0276566 0.0230049 0
2454888.6941357636824250 16.9784794 0.0240047 0
2454888.6950402776710689 16.9533043 0.0240043 0
2454888.6959453704766929 16.9901581 0.0240051 0
2454888.6968608796596527 16.9877529 0.0220047 0
2454888.7025194442830980 16.9637413 0.0410066 0
2454888.7034413195215166 16.9588642 0.0440052 0
2454888.7043498842976987 16.9930592 0.0510045 0
2454888.7072759261354804 17.0123253 0.0420048 0
2454888.7081872685812414 17.0107441 0.0460064 0
2454888.7090981481596828 16.9965725 0.0480061 0
2454888.7100136573426425 17.1225300 0.0700047 0
2454888.7109413193538785 17.0809383 0.0620057 0
2454888.7118799770250916 16.9549522 0.0530063 0
2454888.7128006946295500 16.9761255989529 99 1
2454888.7137162038125098 17.0400581 0.0610048 0
2454888.7146427081897855 16.9631042 0.0540097 0
2454888.7155553242191672 17.0059605 0.0600147 0
2454888.7165379631333053 17.0635300 0.0600041 0
2454888.7174476850777864 17.0053177 0.0600072 0
2454888.7183736111037433 17.0127449 0.0660050 0
2454888.7193006942979991 17.0173969 0.0600066 0
2454888.7211502315476537 16.9761255989529 99 1
2454888.7220478011295199 16.9761255989529 99 1
2454888.7229563659057021 16.9761255989529 99 1
2454888.7238770835101604 16.9761255989529 99 1
2454888.7247787038795650 16.9761255989529 99 1
2454888.7256785877980292 17.0096283 0.0960095 0
2454888.7266351850703359 16.9761255989529 99 1
2454888.7275616899132729 16.9862480 0.0520043 0
2454888.7284939815290272 16.9498062 0.0430048 0
2454888.7294222223572433 16.9437981 0.0440045 0
2454888.7312717591412365 16.9653072 0.0490066 0
2454888.7321843751706183 16.9559841 0.0430063 0
2454888.7331114583648741 16.9197044 0.0360046 0
2454888.7340130787342787 16.9741726 0.0340039 0
2454888.7349737267941236 16.9535503 0.0320042 0
2454888.7358950232155621 16.9627991 0.0360058 0
2454888.7368302084505558 16.9264011 0.0310122 0
2454888.7377503472380340 16.9759331 0.0310057 0
2454888.7386693288572133 16.9956837 0.0340069 0
2454888.7395883100107312 16.9868279 0.0300085 0
2454888.7405211804434657 16.9581738 0.0310035 0
2454888.7414523148909211 16.9492474 0.0280054 0
2454888.7423770832829177 16.9430866 0.0280068 0
2454888.7433151621371508 16.9155312 0.0280056 0
2454888.7442549769766629 16.9519100 0.0280041 0
2454888.7451936341822147 16.9945431 0.0340057 0
2454888.7461322918534279 16.9801369 0.0340056 0
2454888.7470535878092051 16.9859772 0.0280064 0
2454888.7479812498204410 16.9295006 0.0370086 0
2454888.7489129630848765 16.9581070 0.0280033 0
2454888.7498718751594424 16.9664192 0.0310048 0
2454888.7507966435514390 16.9929104 0.0290045 0
2454888.7517289351671934 16.9497070 0.0280045 0
2454888.7526432871818542 16.9761255989529 99 1
2454888.7535784724168479 16.9149456 0.0280051 0
2454888.7545165508054197 16.9668617 0.0330059 0
2454888.7554476852528751 16.9868927 0.0280058 0
2454888.7563805556856096 16.9162445 0.0260064 0
2454888.7573082176968455 16.9154835 0.0290045 0
2454888.7582358797080815 17.0388851 0.0310064 0
2454888.7591681713238358 16.9883690 0.0300039 0
2454888.7600981481373310 16.9721622 0.0300049 0
2454888.7610315973870456 16.9516735 0.0270050 0
2454888.7619598377496004 17.0030842 0.0300059 0
2454888.7628956018015742 17.0080128 0.0310069 0
2454888.7638631942681968 17.0018692 0.0320047 0
2454888.7647983795031905 16.9883156 0.0290073 0
2454888.7657763888128102 16.9713287 0.0290069 0
2454888.7667086804285645 17.0246811 0.0360050 0
2454888.7676403936930001 16.9757481 0.0300170 0
2454888.7685732636600733 16.9760876 0.0290066 0
2454888.7696270835585892 16.9936295 0.0340064 0
2454888.7705732639878988 16.9561176 0.0350056 0
2454888.7715084492228925 16.9006538 0.0330063 0
2454888.7724303239956498 16.9956417 0.0380060 0
2454888.7733620372600853 17.0395222 0.0430084 0
2454888.7743105324916542 17.0430088 0.0360064 0
2454888.7761843749321997 16.9564323 0.0580083 0
2454888.7771444446407259 16.9761255989529 99 1
2454888.7781050927005708 16.9761255989529 99 1
2454888.7790119214914739 16.9761255989529 99 1
2454888.7799465279094875 16.9761255989529 99 1
2454888.7809378472156823 16.9825001 0.0290106 0
2454888.7818875000812113 16.9316921 0.0280187 0
2454888.7828354164958000 16.9761255989529 99 1
2454888.7837873841635883 16.9761255989529 99 1
2454888.7847306714393198 16.9443130 0.0280079 0
2454888.7856895835138857 16.9815426 0.0300058 0
2454888.7866369211114943 16.9920559 0.0280060 0
2454888.7875900464132428 16.9792671 0.0280115 0
2454888.7885396992787719 16.9290142 0.0280076 0
2454888.7894795136526227 16.9347477 0.0280121 0
