0.951219512195122
2454887.7398140048608184 16.5368423 0.0140089 0
2454887.7406988427974284 16.5326900 0.0140115 0
2454887.7416172455996275 16.5153751 0.0140200 0
2454887.7425315971486270 16.5444832 0.0150151 0
2454887.7434355323202908 16.5246391 0.0140118 0
2454887.7444280092604458 16.5425587 0.0150144 0
2454887.7453365740366280 16.5357418 0.0140126 0
2454887.7462584492750466 16.5371876 0.0140126 0
2454887.7471716436557472 16.5625439 0.0150101 0
2454887.7480946760624647 16.5475445 0.0150069 0
2454887.7490032408386469 16.5412617 0.0150078 0
2454887.7499204860068858 16.5485954 0.0150156 0
2454887.7508365740068257 16.5524120 0.0150080 0
2454887.7517543979920447 16.5585594 0.0150078 0
2454887.7526531252078712 16.5162487 0.0150082 0
2454887.7535726851783693 16.5245304 0.0150055 0
2454887.7544905091635883 16.5612717 0.0150088 0
2454887.7554083331488073 16.5329552 0.0160094 0
2454887.7563325231894851 16.5274677 0.0150167 0
2454887.7572474535554647 16.5337334 0.0160177 0
2454887.7581785880029202 16.5390453 0.0160085 0
2454887.7590917823836207 16.5397835 0.0160129 0
2454887.7600171295925975 16.5213223 0.0150083 0
2454887.7618961804546416 16.5395679 0.0150075 0
2454887.7627902776002884 16.5372353 0.0150290 0
2454887.7637017359957099 16.5548096 0.0150077 0
2454887.7646328704431653 16.5335445 0.0150132 0
2454887.7655541668646038 16.5355587 0.0160091 0
2454887.7664656247943640 16.5178223 0.0160079 0
2454887.7674204860813916 16.5502834 0.0170078 0
2454887.7683498840779066 16.5465279 0.0160062 0
2454887.7693741898983717 16.5435390 0.0170068 0
2454887.7705530091188848 16.5532913 0.0170097 0
2454887.7714465279132128 16.5405540 0.0160107 0
2454887.7723736111074686 16.5622540 0.0180058 0
2454887.7732908562757075 16.5660839 0.0170084 0
2454887.7742555555887520 16.5456810 0.0170063 0
2454887.7751803239807487 16.5206203 0.0170066 0
2454887.7761074071750045 16.5353451 0.0170072 0
2454887.7770414352416992 16.5611706 0.0180102 0
2454887.7779604168608785 16.5395737 0.0160086 0
2454887.7788863424211740 16.5327206 0.0160121 0
2454887.7798122684471309 16.5452557 0.0160071 0
2454887.7807370368391275 16.5557461 0.0170114 0
2454887.7817167825996876 16.5474281 0.0170086 0
2454887.7835888890549541 16.5386295 0.0190186 0
2454887.7844922454096377 16.5622845 0.0200215 0
2454887.7854181714355946 16.5352936 0.0170070 0
2454887.7863481482490897 16.5494156 0.0170072 0
2454887.7872862266376615 16.5419998 0.0180092 0
2454887.7882127314805984 16.5116634 0.0180076 0
2454887.7891357638873160 16.5689335 0.0250066 0
2454887.7900576386600733 16.5579090 0.0250114 0
2454887.7909748842939734 16.5518627 0.0190108 0
2454887.7919089118950069 16.5454521 0.0200115 0
2454887.7928527779877186 16.5303917 0.0190100 0
2454887.7937896992079914 16.5524559 0.0190088 0
2454887.7947162035852671 16.5582886 0.0210075 0
2454887.7956571760587394 16.5361195 0.0240064 0
2454887.7965848380699754 16.5274887 0.0200110 0
2454887.7975275460630655 16.5340061 0.0200137 0
2454887.7985703703016043 16.5265160 0.0210096 0
2454887.7997063659131527 16.5249519 0.0220096 0
2454887.8006496527232230 16.5068588 0.0210380 0
2454887.8016322916373610 16.5608902 0.0210091 0
2454887.8026537038385868 16.5382385 0.0210071 0
2454887.8036947916261852 16.5628681 0.0230100 0
2454887.8047144678421319 16.5491676 0.0240105 0
2454887.8056924766860902 16.5535297 0.0230103 0
2454887.8066947916522622 16.5177479 0.0230098 0
2454887.8085750001482666 16.5499039 0.0250093 0
2454887.8095032409764826 16.5516472 0.0220084 0
2454887.8114725695922971 16.5592556 0.0250139 0
2454887.8123961803503335 16.5476093 0.0250092 0
2454887.8133319444023073 16.5273495 0.0230138 0
2454887.8142671296373010 16.5639400 0.0270105 0
2454887.8152069444768131 16.5729275 0.0270118 0
2454887.8161473381333053 16.5393734 0.0270116 0
2454887.8170964121818542 16.5914268 0.0290161 0
2454887.8191074072383344 16.5154190 0.0270092 0
2454887.8200408564880490 16.5536251 0.0300309 0
2454887.8209934029728174 16.5207138 0.0280277 0
2454887.8219609954394400 16.5293655 0.0280108 0
2454887.8229123842902482 16.5174675 0.0270135 0
2454887.8238782407715917 16.5406322 0.0300161 0
2454887.8248504628427327 16.5776691 0.0330258 0
2454887.8258990738540888 16.5269241 0.0400183 0
2454887.8268562499433756 16.5681000 0.0360370 0
2454887.8278082176111639 16.5609035 0.0340129 0
2454887.8287613424472511 16.5913601 0.0410249 0
2454887.8297381945885718 16.5913429 0.0390137 0
2454887.8306537037715316 16.7134476 0.0430441 0
2454887.8315848377533257 16.5074615 0.0410158 0
2454887.8325101854279637 16.5750637 0.0440234 0
2454887.8334546294063330 16.6118526 0.0450807 0
2454888.6674447916448116 16.5631886 0.0160138 0
2454888.6683608796447515 16.5540543 0.0150212 0
2454888.6692607640288770 16.5454388 0.0150174 0
2454888.6701681711710989 16.5639935 0.0160227 0
2454888.6710802083835006 16.5608711 0.0150295 0
2454888.6719829859212041 16.5428886 0.0150104 0
2454888.6729060183279216 16.5437641 0.0160137 0
2454888.6738012731075287 16.5610676 0.0150215 0
2454888.6747040511108935 16.5416679 0.0150302 0
2454888.6756184026598930 16.5376720 0.0150121 0
2454888.6765431715175509 16.5331993 0.0150142 0
2454888.6774395834654570 16.5627651 0.0150140 0
2454888.6895935186184943 16.5325069 0.0160057 0
2454888.6905084489844739 16.5653038 0.0150069 0
2454888.6914349538274109 16.5495472 0.0150081 0
2454888.6923412038013339 16.5528450 0.0160109 0
2454888.6932462961412966 16.5616570 0.0170066 0
2454888.6941357636824250 16.5744781 0.0180062 0
2454888.6950402776710689 16.5253048 0.0180058 0
2454888.6959453704766929 16.5631580 0.0180068 0
2454888.6968608796596527 16.5377541 0.0170061 0
2454888.7025194442830980 16.5877419 0.0280097 0
2454888.7034413195215166 16.5738640 0.0320071 0
2454888.7043498842976987 16.5760593 0.0330069 0
2454888.7072759261354804 16.6023254 0.0310065 0
2454888.7081872685812414 16.4977455 0.0300098 0
2454888.7090981481596828 16.5635700 0.0340086 0
2454888.7100136573426425 16.5915298 0.0440074 0
2454888.7109413193538785 16.5339394 0.0370096 0
2454888.7118799770250916 16.6079521 0.0400084 0
2454888.7128006946295500 16.5833759 0.0450099 0
2454888.7137162038125098 16.5880585 0.0400074 0
2454888.7146427081897855 16.6241055 0.0410128 0
2454888.7155553242191672 16.5419598 0.0400221 0
2454888.7165379631333053 16.6305294 0.0400061 0
2454888.7174476850777864 16.5673180 0.0410105 0
2454888.7183736111037433 16.5357456 0.0470071 0
2454888.7193006942979991 16.5913963 0.0430092 0
2454888.7211502315476537 16.5648518 0.0570140 0
2454888.7220478011295199 16.5553677958974 99 1
2454888.7229563659057021 16.5553677958974 99 1
2454888.7238770835101604 16.5553677958974 99 1
2454888.7247787038795650 16.5553677958974 99 1
2454888.7256785877980292 16.5946274 0.0720126 0
2454888.7266351850703359 16.6169548 0.0410057 0
2454888.7275616899132729 16.5232487 0.0340066 0
2454888.7284939815290272 16.5408058 0.0300069 0
2454888.7294222223572433 16.5527973 0.0310064 0
2454888.7312717591412365 16.5973072 0.0360089 0
2454888.7321843751706183 16.5553677958974 99 1
2454888.7331114583648741 16.5817051 0.0280059 0
2454888.7340130787342787 16.5831718 0.0250053 0
2454888.7349737267941236 16.5725498 0.0240056 0
2454888.7358950232155621 16.5817986 0.0280074 0
2454888.7368302084505558 16.5924015 0.0250151 0
2454888.7377503472380340 16.5589333 0.0230077 0
2454888.7386693288572133 16.5736847 0.0240098 0
2454888.7395883100107312 16.5218277 0.0220117 0
2454888.7405211804434657 16.5931740 0.0230047 0
2454888.7414523148909211 16.5782471 0.0210072 0
2454888.7423770832829177 16.5510864 0.0210090 0
2454888.7433151621371508 16.5525322 0.0210074 0
2454888.7442549769766629 16.5249100 0.0200058 0
2454888.7451936341822147 16.5545425 0.0240081 0
2454888.7461322918534279 16.5781364 0.0260073 0
2454888.7470535878092051 16.5889778 0.0200089 0
2454888.7479812498204410 16.5834999 0.0300106 0
2454888.7489129630848765 16.5451050 0.0200046 0
2454888.7498718751594424 16.5884209 0.0240061 0
2454888.7507966435514390 16.5529118 0.0220059 0
2454888.7517289351671934 16.5537071 0.0210060 0
2454888.7526432871818542 16.5665951 0.0280108 0
2454888.7535784724168479 16.5509472 0.0220066 0
2454888.7545165508054197 16.5688610 0.0250078 0
2454888.7554476852528751 16.5648918 0.0200081 0
2454888.7563805556856096 16.5412445 0.0200084 0
2454888.7573082176968455 16.5984840 0.0230056 0
2454888.7582358797080815 16.5308838 0.0220091 0
2454888.7591681713238358 16.5403690 0.0200058 0
2454888.7600981481373310 16.5491619 0.0220066 0
2454888.7610315973870456 16.5636749 0.0200068 0
2454888.7619598377496004 16.5780830 0.0210085 0
2454888.7628956018015742 16.5900135 0.0230093 0
2454888.7638631942681968 16.5198708 0.0230065 0
2454888.7647983795031905 16.5553169 0.0210100 0
2454888.7657763888128102 16.5403290 0.0210095 0
2454888.7667086804285645 16.5786800 0.0240075 0
2454888.7676403936930001 16.5607491 0.0220231 0
2454888.7685732636600733 16.5470867 0.0210092 0
2454888.7696270835585892 16.6166286 0.0260083 0
2454888.7705732639878988 16.5511169 0.0260075 0
2454888.7715084492228925 16.5186539 0.0250083 0
2454888.7724303239956498 16.5996399 0.0270085 0
2454888.7733620372600853 16.5995216 0.0320112 0
2454888.7743105324916542 16.5840092 0.0260089 0
2454888.7761843749321997 16.5704327 0.0430112 0
2454888.7771444446407259 16.6249352 0.0670938 0
2454888.7781050927005708 16.5553677958974 99 1
2454888.7790119214914739 16.5553677958974 99 1
2454888.7799465279094875 16.5553677958974 99 1
2454888.7809378472156823 16.5294991 0.0210146 0
2454888.7818875000812113 16.5236912 0.0210249 0
2454888.7828354164958000 16.5553677958974 99 1
2454888.7837873841635883 16.5553677958974 99 1
2454888.7847306714393198 16.5403137 0.0210106 0
2454888.7856895835138857 16.6005421 0.0230076 0
2454888.7866369211114943 16.5860558 0.0210081 0
2454888.7875900464132428 16.5312672 0.0200160 0
2454888.7885396992787719 16.5570145 0.0210101 0
2454888.7894795136526227 16.5567474 0.0210161 0
