0.985365853658537
2454887.7398140048608184 13.2488422 0.0030414 0
2454887.7406988427974284 13.2486906 0.0030530 0
2454887.7416172455996275 13.2363749 0.0030922 0
2454887.7425315971486270 13.2474823 0.0030746 0
2454887.7434355323202908 13.2456388 0.0030548 0
2454887.7444280092604458 13.2355576 0.0030713 0
2454887.7453365740366280 13.2457409 0.0030582 0
2454887.7462584492750466 13.2431870 0.0030581 0
2454887.7471716436557472 13.2445431 0.0030502 0
2454887.7480946760624647 13.2545452 0.0030343 0
2454887.7490032408386469 13.2512608 0.0030387 0
2454887.7499204860068858 13.2445946 0.0030772 0
2454887.7508365740068257 13.2434120 0.0030399 0
2454887.7517543979920447 13.2555590 0.0030386 0
2454887.7526531252078712 13.2712479 0.0030408 0
2454887.7535726851783693 13.2505312 0.0030272 0
2454887.7544905091635883 13.2572727 0.0030437 0
2454887.7554083331488073 13.2529545 0.0030498 0
2454887.7563325231894851 13.2564678 0.0030822 0
2454887.7572474535554647 13.2497330 0.0030932 0
2454887.7581785880029202 13.2520447 0.0030449 0
2454887.7590917823836207 13.2567825 0.0030683 0
2454887.7600171295925975 13.2543240 0.0030410 0
2454887.7618961804546416 13.2455664 0.0030373 0
2454887.7627902776002884 13.2532368 0.0031417 0
2454887.7637017359957099 13.2558107 0.0030385 0
2454887.7646328704431653 13.2715425 0.0030654 0
2454887.7655541668646038 13.2495565 0.0030483 0
2454887.7664656247943640 13.2538233 0.0030421 0
2454887.7674204860813916 13.2392836 0.0030437 0
2454887.7683498840779066 13.2495298 0.0030328 0
2454887.7693741898983717 13.2525387 0.0030382 0
2454887.7705530091188848 13.2482910 0.0030543 0
2454887.7714465279132128 13.2425556 0.0030566 0
2454887.7723736111074686 13.2442551 0.0030348 0
2454887.7732908562757075 13.2560835 0.0030473 0
2454887.7742555555887520 13.2556820 0.0030354 0
2454887.7751803239807487 13.2416201 0.0030369 0
2454887.7761074071750045 13.2463455 0.0030403 0
2454887.7770414352416992 13.2461710 0.0030608 0
2454887.7779604168608785 13.2565746 0.0030457 0
2454887.7788863424211740 13.2537203 0.0030636 0
2454887.7798122684471309 13.2662554 0.0030375 0
2454887.7807370368391275 13.2447462 0.0030639 0
2454887.7817167825996876 13.2504292 0.0030485 0
2454887.7835888890549541 13.2386284 0.0031156 0
2454887.7844922454096377 13.2352839 0.0031402 0
2454887.7854181714355946 13.2522945 0.0030396 0
2454887.7863481482490897 13.2484131 0.0030404 0
2454887.7872862266376615 13.2499990 0.0030550 0
2454887.7882127314805984 13.2536631 0.0030451 0
2454887.7891357638873160 13.2399349 0.0030547 0
2454887.7900576386600733 13.2339087 0.0030934 0
2454887.7909748842939734 13.2428617 0.0030674 0
2454887.7919089118950069 13.2484512 0.0030757 0
2454887.7928527779877186 13.2613907 0.0030626 0
2454887.7937896992079914 13.2374544 0.0030554 0
2454887.7947162035852671 13.2402868 0.0030520 0
2454887.7956571760587394 13.2431192 0.0030508 0
2454887.7965848380699754 13.2604885 0.0030724 0
2454887.7975275460630655 13.2430048 0.0030902 0
2454887.7985703703016043 13.2475157 0.0030666 0
2454887.7997063659131527 13.2439508 0.0030695 0
2454887.8006496527232230 13.2118597 0.0032555 0
2454887.8016322916373610 13.2568913 0.0030632 0
2454887.8026537038385868 13.2422380 0.0030491 0
2454887.8036947916261852 13.2328682 0.0030755 0
2454887.8047144678421319 13.2401676 0.0030826 0
2454887.8056924766860902 13.2435284 0.0030779 0
2454887.8066947916522622 13.2557478 0.0030745 0
2454887.8085750001482666 13.2279043 0.0030767 0
2454887.8095032409764826 13.2506485 0.0030610 0
2454887.8114725695922971 13.2652569 0.0031140 0
2454887.8123961803503335 13.2376080 0.0030754 0
2454887.8133319444023073 13.2423496 0.0031041 0
2454887.8142671296373010 13.2429399 0.0030931 0
2454887.8152069444768131 13.2499266 0.0031044 0
2454887.8161473381333053 13.2443724 0.0031029 0
2454887.8170964121818542 13.2174253 0.0031516 0
2454887.8191074072383344 13.2494202 0.0030820 0
2454887.8200408564880490 13.2236242 0.0032944 0
2454887.8209934029728174 13.2367144 0.0032483 0
2454887.8219609954394400 13.2523642 0.0030990 0
2454887.8229123842902482 13.2244673 0.0031193 0
2454887.8238782407715917 13.2006321 0.0031568 0
2454887.8248504628427327 13.2666683 0.0032717 0
2454887.8258990738540888 13.2069235 0.0041786 0
2454887.8268562499433756 13.1961012 0.0043203 0
2454887.8278082176111639 13.2149029 0.0031425 0
2454887.8287613424472511 13.2263603 0.0042475 0
2454887.8297381945885718 13.2173414 0.0031726 0
2454887.8306537037715316 13.1924477 0.0035774 0
2454887.8315848377533257 13.2164621 0.0041583 0
2454887.8325101854279637 13.2090654 0.0042501 0
2454887.8334546294063330 13.2088537 0.0040336 0
2454888.6674447916448116 13.2391891 0.0030729 0
2454888.6683608796447515 13.2420549 0.0031043 0
2454888.6692607640288770 13.2424374 0.0030857 0
2454888.6701681711710989 13.2439928 0.0031187 0
2454888.6710802083835006 13.2548704 0.0031442 0
2454888.6719829859212041 13.2448902 0.0030517 0
2454888.6729060183279216 13.2407656 0.0030725 0
2454888.6738012731075287 13.2410679 0.0031057 0
2454888.6747040511108935 13.2496672 0.0031477 0
2454888.6756184026598930 13.2516727 0.0020886 0
2454888.6765431715175509 13.2442007 0.0030702 0
2454888.6774395834654570 13.2457647 0.0030694 0
2454888.6895935186184943 13.2465067 0.0030303 0
2454888.6905084489844739 13.2433023 0.0020508 0
2454888.6914349538274109 13.2385464 0.0030403 0
2454888.6923412038013339 13.2388449 0.0030575 0
2454888.6932462961412966 13.2366562 0.0030370 0
2454888.6941357636824250 13.2394772 0.0030371 0
2454888.6950402776710689 13.2343044 0.0030345 0
2454888.6959453704766929 13.2401581 0.0030407 0
2454888.6968608796596527 13.2337542 0.0030345 0
2454888.7025194442830980 13.2197418 0.0040671 0
2454888.7034413195215166 13.2258635 0.0040565 0
2454888.7043498842976987 13.2320595 0.0040564 0
2454888.7072759261354804 13.2323227 0.0040502 0
2454888.7081872685812414 13.2307434 0.0030961 0
2454888.7090981481596828 13.2305717 0.0040723 0
2454888.7100136573426425 13.2325306 0.0040809 0
2454888.7109413193538785 13.2259398 0.0040880 0
2454888.7118799770250916 13.2379513 0.0040829 0
2454888.7128006946295500 13.2193775 0.0041096 0
2454888.7137162038125098 13.2210588 0.0040730 0
2454888.7146427081897855 13.2201042 0.0041295 0
2454888.7155553242191672 13.2099600 0.0042152 0
2454888.7165379631333053 13.2305288 0.0040608 0
2454888.7174476850777864 13.2363186 0.0041064 0
2454888.7183736111037433 13.2507448 0.0050661 0
2454888.7193006942979991 13.2393970 0.0040981 0
2454888.7211502315476537 13.2458525 0.0051568 0
2454888.7220478011295199 13.2461157 0.0061529 0
2454888.7229563659057021 13.2270813 0.0071628 0
2454888.7238770835101604 13.2498322 0.0112437 0
2454888.7247787038795650 13.2324991 0.0081995 0
2454888.7256785877980292 13.2226295 0.0061499 0
2454888.7266351850703359 13.2349558 0.0040576 0
2454888.7275616899132729 13.2342482 0.0040555 0
2454888.7284939815290272 13.2338047 0.0040515 0
2454888.7294222223572433 13.2417984 0.0040492 0
2454888.7312717591412365 13.2453070 0.0040797 0
2454888.7321843751706183 13.2319841 0.0030896 0
2454888.7331114583648741 13.2327032 0.0030543 0
2454888.7340130787342787 13.2381735 0.0030435 0
2454888.7349737267941236 13.2345505 0.0030447 0
2454888.7358950232155621 13.2278004 0.0030683 0
2454888.7368302084505558 13.2404032 0.0031234 0
2454888.7377503472380340 13.2379341 0.0030583 0
2454888.7386693288572133 13.2196836 0.0030774 0
2454888.7395883100107312 13.2368269 0.0030843 0
2454888.7405211804434657 13.2211742 0.0030362 0
2454888.7414523148909211 13.2372465 0.0030503 0
2454888.7423770832829177 13.2260866 0.0030625 0
2454888.7433151621371508 13.2415314 0.0030517 0
2454888.7442549769766629 13.2309113 0.0030381 0
2454888.7451936341822147 13.2095423 0.0030642 0
2454888.7461322918534279 13.2061386 0.0030625 0
2454888.7470535878092051 13.2429771 0.0030588 0
2454888.7479812498204410 13.1835012 0.0031043 0
2454888.7489129630848765 13.2301044 0.0030305 0
2454888.7498718751594424 13.2134209 0.0030487 0
2454888.7507966435514390 13.2349110 0.0030429 0
2454888.7517289351671934 13.2397079 0.0030418 0
2454888.7526432871818542 13.1915941 0.0030987 0
2454888.7535784724168479 13.2279472 0.0030477 0
2454888.7545165508054197 13.2088614 0.0030645 0
2454888.7554476852528751 13.2478905 0.0030532 0
2454888.7563805556856096 13.2362442 0.0030552 0
2454888.7573082176968455 13.2364845 0.0030430 0
2454888.7582358797080815 13.2388830 0.0030657 0
2454888.7591681713238358 13.2313700 0.0030386 0
2454888.7600981481373310 13.2351608 0.0030484 0
2454888.7610315973870456 13.2446747 0.0030448 0
2454888.7619598377496004 13.2340832 0.0030589 0
2454888.7628956018015742 13.2360115 0.0030703 0
2454888.7638631942681968 13.2298698 0.0030497 0
2454888.7647983795031905 13.2433167 0.0030694 0
2454888.7657763888128102 13.2523289 0.0030660 0
2454888.7667086804285645 13.2416821 0.0030596 0
2454888.7676403936930001 13.2467480 0.0031653 0
2454888.7685732636600733 13.2490883 0.0030636 0
2454888.7696270835585892 13.2236290 0.0030714 0
2454888.7705732639878988 13.2201176 0.0030643 0
2454888.7715084492228925 13.2176552 0.0030686 0
2454888.7724303239956498 13.2086411 0.0030755 0
2454888.7733620372600853 13.2045221 0.0031176 0
2454888.7743105324916542 13.2200079 0.0030760 0
2454888.7761843749321997 13.2504320 0.0041182 0
2454888.7771444446407259 13.2689352 0.0061299 0
2454888.7781050927005708 13.2533760 0.0076484 0
2454888.7790119214914739 13.2548437 0.0140787 0
2454888.7799465279094875 13.2391308945545 99 1
2454888.7809378472156823 13.2615004 0.0031007 0
2454888.7818875000812113 13.2606897 0.0031694 0
2454888.7828354164958000 13.2391308945545 99 1
2454888.7837873841635883 13.2391308945545 99 1
2454888.7847306714393198 13.2283134 0.0030732 0
2454888.7856895835138857 13.2505407 0.0030577 0
2454888.7866369211114943 13.2490559 0.0030559 0
2454888.7875900464132428 13.2672682 0.0031051 0
2454888.7885396992787719 13.2640142 0.0030701 0
2454888.7894795136526227 13.2547483 0.0031105 0
