0.985365853658537
2454887.7398140048608184 15.0408421 0.0060208 0
2454887.7406988427974284 15.0166903 0.0060267 0
2454887.7416172455996275 15.0043755 0.0060466 0
2454887.7425315971486270 15.0094824 0.0060377 0
2454887.7434355323202908 15.0236397 0.0060276 0
2454887.7444280092604458 15.0095577 0.0060360 0
2454887.7453365740366280 15.0187416 0.0060293 0
2454887.7462584492750466 15.0261869 0.0060292 0
2454887.7471716436557472 15.0235434 0.0060253 0
2454887.7480946760624647 15.0185452 0.0060172 0
2454887.7490032408386469 15.0142612 0.0060194 0
2454887.7499204860068858 15.0175943 0.0060390 0
2454887.7508365740068257 15.0274115 0.0060201 0
2454887.7517543979920447 15.0305586 0.0060194 0
2454887.7526531252078712 15.0232477 0.0060205 0
2454887.7535726851783693 15.0235310 0.0060137 0
2454887.7544905091635883 15.0222731 0.0060220 0
2454887.7554083331488073 15.0039549 0.0070215 0
2454887.7563325231894851 15.0164680 0.0060415 0
2454887.7572474535554647 15.0247326 0.0070405 0
2454887.7581785880029202 15.0190449 0.0070193 0
2454887.7590917823836207 15.0127821 0.0070295 0
2454887.7600171295925975 15.0033236 0.0060206 0
2454887.7618961804546416 15.0235662 0.0060187 0
2454887.7627902776002884 15.0202360 0.0060721 0
2454887.7637017359957099 15.0098104 0.0060193 0
2454887.7646328704431653 15.0205431 0.0060330 0
2454887.7655541668646038 15.0075560 0.0070208 0
2454887.7664656247943640 15.0128231 0.0070181 0
2454887.7674204860813916 15.0092840 0.0070189 0
2454887.7683498840779066 15.0255299 0.0060165 0
2454887.7693741898983717 15.0215387 0.0070165 0
2454887.7705530091188848 15.0212908 0.0070234 0
2454887.7714465279132128 15.0275555 0.0070244 0
2454887.7723736111074686 15.0192547 0.0070150 0
2454887.7732908562757075 15.0260839 0.0070204 0
2454887.7742555555887520 15.0176821 0.0060178 0
2454887.7751803239807487 15.0126200 0.0070159 0
2454887.7761074071750045 15.0153456 0.0070174 0
2454887.7770414352416992 15.0211706 0.0070263 0
2454887.7779604168608785 15.0165749 0.0070197 0
2454887.7788863424211740 15.0177202 0.0070275 0
2454887.7798122684471309 15.0042553 0.0070161 0
2454887.7807370368391275 15.0287466 0.0070276 0
2454887.7817167825996876 15.0114288 0.0070209 0
2454887.7835888890549541 15.0146294 0.0070503 0
2454887.7844922454096377 14.9992838 0.0070612 0
2454887.7854181714355946 15.0222940 0.0070171 0
2454887.7863481482490897 15.0054131 0.0070174 0
2454887.7872862266376615 15.0249987 0.0070238 0
2454887.7882127314805984 15.0196619 0.0070194 0
2454887.7891357638873160 15.0099344 0.0080207 0
2454887.7900576386600733 15.0059090 0.0090316 0
2454887.7909748842939734 15.0028610 0.0070292 0
2454887.7919089118950069 14.9974518 0.0070328 0
2454887.7928527779877186 15.0053911 0.0070270 0
2454887.7937896992079914 15.0144548 0.0070239 0
2454887.7947162035852671 15.0002871 0.0070224 0
2454887.7956571760587394 15.0031195 0.0080192 0
2454887.7965848380699754 15.0064888 0.0080274 0
2454887.7975275460630655 15.0140057 0.0070391 0
2454887.7985703703016043 15.0105152 0.0080252 0
2454887.7997063659131527 15.0249510 0.0080263 0
2454887.8006496527232230 14.9998598 0.0080993 0
2454887.8016322916373610 14.9938908 0.0080239 0
2454887.8026537038385868 15.0002384 0.0080185 0
2454887.8036947916261852 14.9948683 0.0080286 0
2454887.8047144678421319 15.0031681 0.0080313 0
2454887.8056924766860902 15.0185280 0.0080295 0
2454887.8066947916522622 14.9957476 0.0080282 0
2454887.8085750001482666 14.9999037 0.0080291 0
2454887.8095032409764826 14.9976482 0.0080231 0
2454887.8114725695922971 15.0252562 0.0080435 0
2454887.8123961803503335 15.0246077 0.0080286 0
2454887.8133319444023073 15.0103493 0.0080396 0
2454887.8142671296373010 15.0229397 0.0090315 0
2454887.8152069444768131 14.9959269 0.0080397 0
2454887.8161473381333053 14.9963722 0.0080391 0
2454887.8170964121818542 15.0144253 0.0090517 0
2454887.8191074072383344 14.9814205 0.0090277 0
2454887.8200408564880490 15.0236235 0.0091024 0
2454887.8209934029728174 15.0057144 0.0090858 0
2454887.8219609954394400 14.9943628 0.0090335 0
2454887.8229123842902482 15.0184669 0.0090405 0
2454887.8238782407715917 14.9976320 0.0090535 0
2454887.8248504628427327 14.9946680 0.0100849 0
2454887.8258990738540888 14.9699240 0.0120607 0
2454887.8268562499433756 14.9911013 0.0111205 0
2454887.8278082176111639 15.0059032 0.0100437 0
2454887.8287613424472511 15.0213604 0.0120847 0
2454887.8297381945885718 14.9923420 0.0110483 0
2454887.8306537037715316 15.0014477 0.0111713 0
2454887.8315848377533257 15.0374622 0.0130496 0
2454887.8325101854279637 14.9930649 0.0130791 0
2454887.8334546294063330 15.0128536 0.0122992 0
2454888.6674447916448116 15.0051889 0.0060368 0
2454888.6683608796447515 15.0110550 0.0060528 0
2454888.6692607640288770 15.0224371 0.0060433 0
2454888.6701681711710989 15.0109930 0.0060602 0
2454888.6710802083835006 15.0278702 0.0060734 0
2454888.6719829859212041 15.0128899 0.0060260 0
2454888.6729060183279216 15.0147648 0.0060366 0
2454888.6738012731075287 15.0120678 0.0060536 0
2454888.6747040511108935 15.0226669 0.0060752 0
2454888.6756184026598930 15.0176725 0.0060301 0
2454888.6765431715175509 15.0201998 0.0060354 0
2454888.6774395834654570 15.0237656 0.0060350 0
2454888.6895935186184943 15.0205069 0.0060152 0
2454888.6905084489844739 15.0173025 0.0060171 0
2454888.6914349538274109 15.0205460 0.0060202 0
2454888.6923412038013339 15.0198450 0.0070249 0
2454888.6932462961412966 15.0186567 0.0070159 0
2454888.6941357636824250 15.0124779 0.0070160 0
2454888.6950402776710689 15.0203047 0.0070149 0
2454888.6959453704766929 15.0091581 0.0070175 0
2454888.6968608796596527 15.0147543 0.0070149 0
2454888.7025194442830980 15.0207424 0.0100270 0
2454888.7034413195215166 15.0408640 0.0100227 0
2454888.7043498842976987 15.0360594 0.0110206 0
2454888.7072759261354804 15.0063229 0.0090224 0
2454888.7081872685812414 15.0107441 0.0100292 0
2454888.7090981481596828 15.0155716 0.0110265 0
2454888.7100136573426425 15.0065298 0.0130251 0
2454888.7109413193538785 15.0419397 0.0130273 0
2454888.7118799770250916 15.0389509 0.0120279 0
2454888.7128006946295500 15.0293779 0.0140317 0
2454888.7137162038125098 15.0260592 0.0120245 0
2454888.7146427081897855 15.0161047 0.0120438 0
2454888.7155553242191672 15.0239601 0.0130678 0
2454888.7165379631333053 15.0255289 0.0120204 0
2454888.7174476850777864 15.0103188 0.0120359 0
2454888.7183736111037433 15.0337448 0.0150222 0
2454888.7193006942979991 15.0083971 0.0130305 0
2454888.7211502315476537 14.9878521 0.0170468 0
2454888.7220478011295199 14.9961157 0.0220422 0
2454888.7229563659057021 15.0300808 0.0280411 0
2454888.7238770835101604 14.9808321 0.0480564 0
2454888.7247787038795650 15.0184984 0.0330489 0
2454888.7256785877980292 15.0226297 0.0190479 0
2454888.7266351850703359 15.0269556 0.0130179 0
2454888.7275616899132729 15.0332479 0.0110203 0
2454888.7284939815290272 15.0268049 0.0100207 0
2454888.7294222223572433 15.0157986 0.0100198 0
2454888.7312717591412365 15.0283070 0.0110292 0
2454888.7321843751706183 15.0159845 0.0100272 0
2454888.7331114583648741 15.0017033 0.0090182 0
2454888.7340130787342787 15.0131731 0.0090146 0
2454888.7349737267941236 15.0065498 0.0080169 0
2454888.7358950232155621 15.0098000 0.0090230 0
2454888.7368302084505558 15.0214033 0.0080471 0
2454888.7377503472380340 15.0179338 0.0080220 0
2454888.7386693288572133 14.9986830 0.0080293 0
2454888.7395883100107312 15.0138264 0.0080320 0
2454888.7405211804434657 15.0041742 0.0070156 0
2454888.7414523148909211 15.0112467 0.0080190 0
2454888.7423770832829177 14.9910860 0.0070270 0
2454888.7433151621371508 15.0025320 0.0070223 0
2454888.7442549769766629 15.0019112 0.0070164 0
2454888.7451936341822147 14.9955425 0.0080243 0
2454888.7461322918534279 14.9921389 0.0080236 0
2454888.7470535878092051 14.9899769 0.0070254 0
2454888.7479812498204410 14.9925003 0.0090353 0
2454888.7489129630848765 15.0061045 0.0070131 0
2454888.7498718751594424 14.9894209 0.0070210 0
2454888.7507966435514390 15.0069113 0.0080162 0
2454888.7517289351671934 14.9937077 0.0080158 0
2454888.7526432871818542 14.9815941 0.0090334 0
2454888.7535784724168479 14.9839468 0.0080180 0
2454888.7545165508054197 14.9888611 0.0080244 0
2454888.7554476852528751 14.9988899 0.0070230 0
2454888.7563805556856096 14.9982443 0.0070238 0
2454888.7573082176968455 14.9994841 0.0080162 0
2454888.7582358797080815 15.0018826 0.0080249 0
2454888.7591681713238358 15.0063696 0.0070166 0
2454888.7600981481373310 15.0011606 0.0080183 0
2454888.7610315973870456 15.0066748 0.0070193 0
2454888.7619598377496004 15.0020838 0.0080223 0
2454888.7628956018015742 15.0030107 0.0080266 0
2454888.7638631942681968 14.9958696 0.0080188 0
2454888.7647983795031905 15.0113163 0.0080263 0
2454888.7657763888128102 15.0103283 0.0080250 0
2454888.7667086804285645 15.0096827 0.0080226 0
2454888.7676403936930001 15.0017481 0.0080634 0
2454888.7685732636600733 15.0060883 0.0070275 0
2454888.7696270835585892 14.9926300 0.0080270 0
2454888.7705732639878988 14.9931173 0.0080243 0
2454888.7715084492228925 14.9886551 0.0080260 0
2454888.7724303239956498 14.9906416 0.0090254 0
2454888.7733620372600853 14.9925222 0.0100359 0
2454888.7743105324916542 14.9960079 0.0080288 0
2454888.7761843749321997 15.0154324 0.0120399 0
2454888.7771444446407259 15.0199356 0.0173659 0
2454888.7781050927005708 15.1013765 0.0301579 0
2454888.7790119214914739 15.0158434 0.0532748 0
2454888.7799465279094875 15.0114625460396 99 1
2454888.7809378472156823 15.0054998 0.0080383 0
2454888.7818875000812113 15.0166893 0.0080651 0
2454888.7828354164958000 15.0114625460396 99 1
2454888.7837873841635883 15.0114625460396 99 1
2454888.7847306714393198 15.0073137 0.0080278 0
2454888.7856895835138857 15.0135412 0.0080218 0
2454888.7866369211114943 15.0160561 0.0070241 0
2454888.7875900464132428 15.0002680 0.0070457 0
2454888.7885396992787719 15.0040150 0.0070303 0
2454888.7894795136526227 15.0107479 0.0080421 0
