0.882926829268293
2454887.7398140048608184 17.1758404 0.0210060 0
2454887.7406988427974284 17.2226887 0.0220073 0
2454887.7416172455996275 17.2003765 0.0220128 0
2454887.7425315971486270 17.1944828 0.0220103 0
2454887.7434355323202908 17.2166386 0.0220075 0
2454887.7444280092604458 17.1895599 0.0220098 0
2454887.7453365740366280 17.1777420 0.0220080 0
2454887.7462584492750466 17.1911869 0.0210084 0
2454887.7471716436557472 17.2175446 0.0220069 0
2454887.7480946760624647 17.2175446 0.0220047 0
2454887.7490032408386469 17.2212620 0.0230051 0
2454887.7499204860068858 17.2055950 0.0220107 0
2454887.7508365740068257 17.2034111 0.0220055 0
2454887.7517543979920447 17.1785603 0.0220053 0
2454887.7526531252078712 17.2172489 0.0230054 0
2454887.7535726851783693 17.2475300 0.0240034 0
2454887.7544905091635883 17.1812725 0.0220060 0
2454887.7554083331488073 17.2169552 0.0240063 0
2454887.7563325231894851 17.2004681 0.0230109 0
2454887.7572474535554647 17.2287331 0.0250114 0
2454887.7581785880029202 17.1920452 0.0250054 0
2454887.7590917823836207 17.2377834 0.0250083 0
2454887.7600171295925975 17.2203236 0.0240052 0
2454887.7618961804546416 17.2125664 0.0240047 0
2454887.7627902776002884 17.2392349 0.0230189 0
2454887.7637017359957099 17.1738091 0.0230050 0
2454887.7646328704431653 17.2315445 0.0240083 0
2454887.7655541668646038 17.1735592 0.0250058 0
2454887.7664656247943640 17.1938229 0.0260049 0
2454887.7674204860813916 17.1832829 0.0260051 0
2454887.7683498840779066 17.2215271 0.0250040 0
2454887.7693741898983717 17.1725388 0.0270043 0
2454887.7705530091188848 17.1682911 0.0260063 0
2454887.7714465279132128 17.2215538 0.0260066 0
2454887.7723736111074686 17.1732540 0.0280037 0
2454887.7732908562757075 17.2240849 0.0260055 0
2454887.7742555555887520 17.1826820 0.0260041 0
2454887.7751803239807487 17.2366199 0.0280040 0
2454887.7761074071750045 17.2013454 0.0260047 0
2454887.7770414352416992 17.1631718 0.0270068 0
2454887.7779604168608785 17.2105732 0.0260053 0
2454887.7788863424211740 17.2527199 0.0270071 0
2454887.7798122684471309 17.1852551 0.0250045 0
2454887.7807370368391275 17.1647472 0.0260074 0
2454887.7817167825996876 17.2214298 0.0270054 0
2454887.7835888890549541 17.1766300 0.0300118 0
2454887.7844922454096377 17.1982841 0.0310139 0
2454887.7854181714355946 17.1852951 0.0280043 0
2454887.7863481482490897 17.1804142 0.0280044 0
2454887.7872862266376615 17.1969986 0.0290057 0
2454887.7882127314805984 17.2246628 0.0310044 0
2454887.7891357638873160 17.2189331 0.0400041 0
2454887.7900576386600733 17.2569084 0.0440065 0
2454887.7909748842939734 17.1498623 0.0300068 0
2454887.7919089118950069 17.2674541 0.0330070 0
2454887.7928527779877186 17.2403908 0.0320059 0
2454887.7937896992079914 17.2104568 0.0320052 0
2454887.7947162035852671 17.2192879 0.0330048 0
2454887.7956571760587394 17.1871185 0.0390039 0
2454887.7965848380699754 17.1884880 0.0340065 0
2454887.7975275460630655 17.2430058 0.0330083 0
2454887.7985703703016043 17.2055149 0.0350058 0
2454887.7997063659131527 17.2299519 0.0370057 0
2454887.8006496527232230 17.2108574 0.0360222 0
2454887.8016322916373610 17.1688900 0.0330058 0
2454887.8026537038385868 17.1922398 0.0350042 0
2454887.8036947916261852 17.2398682 0.0390059 0
2454887.8047144678421319 17.2581673 0.0390064 0
2454887.8056924766860902 17.1965294 0.0370064 0
2454887.8066947916522622 17.2017479 0.0390058 0
2454887.8085750001482666 17.1749039 0.0400058 0
2454887.8095032409764826 17.3316479 0.0400046 0
2454887.8114725695922971 17.2432575 0.0440079 0
2454887.8123961803503335 17.2306080 0.0430053 0
2454887.8133319444023073 17.2533493 0.0410077 0
2454887.8142671296373010 17.2189407 0.0440064 0
2454887.8152069444768131 17.1909275 0.0420076 0
2454887.8161473381333053 17.2183743 0.0440071 0
2454887.8170964121818542 17.2234268 0.0470099 0
2454887.8191074072383344 17.1884193 0.0460054 0
2454887.8200408564880490 17.2446251 0.0510182 0
2454887.8209934029728174 17.2517128 0.0500155 0
2454887.8219609954394400 17.2223644 0.0470064 0
2454887.8229123842902482 17.1424675 0.0450081 0
2454887.8238782407715917 17.2291360966851 99 1
2454887.8248504628427327 17.2146702 0.0570149 0
2454887.8258990738540888 17.2291360966851 99 1
2454887.8268562499433756 17.1840992 0.0620215 0
2454887.8278082176111639 17.1199036 0.0520084 0
2454887.8287613424472511 17.2291360966851 99 1
2454887.8297381945885718 17.1063423 0.0580092 0
2454887.8306537037715316 17.2854462 0.0690275 0
2454887.8315848377533257 17.1934605 0.0710091 0
2454887.8325101854279637 17.2291360966851 99 1
2454887.8334546294063330 17.2291360966851 99 1
2454888.6674447916448116 17.2021904 0.0240092 0
2454888.6683608796447515 17.1900539 0.0230138 0
2454888.6692607640288770 17.1964378 0.0230113 0
2454888.6701681711710989 17.2139931 0.0230158 0
2454888.6710802083835006 17.2178726 0.0240184 0
2454888.6719829859212041 17.1988888 0.0220071 0
2454888.6729060183279216 17.2447643 0.0250088 0
2454888.6738012731075287 17.2490692 0.0230140 0
2454888.6747040511108935 17.1936684 0.0230197 0
2454888.6756184026598930 17.2316723 0.0220082 0
2454888.6765431715175509 17.2181988 0.0230093 0
2454888.6774395834654570 17.1927643 0.0210100 0
2454888.6895935186184943 17.2035065 0.0240038 0
2454888.6905084489844739 17.2253036 0.0220047 0
2454888.6914349538274109 17.1945477 0.0230053 0
2454888.6923412038013339 17.1898441 0.0250070 0
2454888.6932462961412966 17.2556572 0.0260043 0
2454888.6941357636824250 17.2164783 0.0270042 0
2454888.6950402776710689 17.2583046 0.0280037 0
2454888.6959453704766929 17.2731590 0.0280044 0
2454888.6968608796596527 17.2337532 0.0270039 0
2454888.7025194442830980 17.2227421 0.0480056 0
2454888.7034413195215166 17.2118645 0.0540042 0
2454888.7043498842976987 17.2080593 0.0560041 0
2454888.7072759261354804 17.2083244 0.0510040 0
2454888.7081872685812414 17.2291360966851 99 1
2454888.7090981481596828 17.3425694 0.0680043 0
2454888.7100136573426425 17.2291360966851 99 1
2454888.7109413193538785 17.2291360966851 99 1
2454888.7118799770250916 17.2329521 0.0650052 0
2454888.7128006946295500 17.2291360966851 99 1
2454888.7137162038125098 17.0780582 0.0600049 0
2454888.7146427081897855 17.2821045 0.0700075 0
2454888.7155553242191672 17.2189598 0.0740119 0
2454888.7165379631333053 17.2715302 0.0710035 0
2454888.7174476850777864 17.1873169 0.0670064 0
2454888.7183736111037433 17.2291360966851 99 1
2454888.7193006942979991 17.1463966 0.0680058 0
2454888.7211502315476537 17.2291360966851 99 1
2454888.7220478011295199 17.2291360966851 99 1
2454888.7229563659057021 17.2291360966851 99 1
2454888.7238770835101604 17.2291360966851 99 1
2454888.7247787038795650 17.2291360966851 99 1
2454888.7256785877980292 17.2291360966851 99 1
2454888.7266351850703359 17.2009544 0.0670035 0
2454888.7275616899132729 17.2882481 0.0660034 0
2454888.7284939815290272 17.2608051 0.0550038 0
2454888.7294222223572433 17.2291360966851 99 1
2454888.7312717591412365 17.1893063 0.0560057 0
2454888.7321843751706183 17.2819843 0.0560049 0
2454888.7331114583648741 17.2647038 0.0450037 0
2454888.7340130787342787 17.1951733 0.0410032 0
2454888.7349737267941236 17.2685509 0.0420032 0
2454888.7358950232155621 17.2997990 0.0480043 0
2454888.7368302084505558 17.2174015 0.0380099 0
2454888.7377503472380340 17.3139324 0.0410043 0
2454888.7386693288572133 17.2291360966851 99 1
2454888.7395883100107312 17.2388268 0.0350073 0
2454888.7405211804434657 17.2101727 0.0360030 0
2454888.7414523148909211 17.2402477 0.0340045 0
2454888.7423770832829177 17.2360859 0.0340056 0
2454888.7433151621371508 17.1935310 0.0330047 0
2454888.7442549769766629 17.2779102 0.0340034 0
2454888.7451936341822147 17.2335434 0.0380051 0
2454888.7461322918534279 17.1961365 0.0400047 0
2454888.7470535878092051 17.1709785 0.0300059 0
2454888.7479812498204410 17.1805000 0.0450071 0
2454888.7489129630848765 17.2261066 0.0330028 0
2454888.7498718751594424 17.2314205 0.0370040 0
2454888.7507966435514390 17.2589111 0.0360036 0
2454888.7517289351671934 17.2717056 0.0340037 0
2454888.7526432871818542 17.3485947 0.0470064 0
2454888.7535784724168479 17.2259464 0.0350041 0
2454888.7545165508054197 17.3028622 0.0420047 0
2454888.7554476852528751 17.2498913 0.0330049 0
2454888.7563805556856096 17.2832432 0.0330051 0
2454888.7573082176968455 17.2334824 0.0340038 0
2454888.7582358797080815 17.2448845 0.0360055 0
2454888.7591681713238358 17.2163696 0.0330035 0
2454888.7600981481373310 17.2701607 0.0350042 0
2454888.7610315973870456 17.2766743 0.0330041 0
2454888.7619598377496004 17.2400837 0.0350051 0
2454888.7628956018015742 17.2900124 0.0370058 0
2454888.7638631942681968 17.1988697 0.0340044 0
2454888.7647983795031905 17.2463169 0.0340062 0
2454888.7657763888128102 17.1863270 0.0340059 0
2454888.7667086804285645 17.2646809 0.0390046 0
2454888.7676403936930001 17.3207493 0.0380134 0
2454888.7685732636600733 17.2890873 0.0350055 0
2454888.7696270835585892 17.3356304 0.0450048 0
2454888.7705732639878988 17.4341183 0.0500039 0
2454888.7715084492228925 17.3406544 0.0470044 0
2454888.7724303239956498 17.2836418 0.0460050 0
2454888.7733620372600853 17.3035221 0.0500072 0
2454888.7743105324916542 17.4310093 0.0480048 0
2454888.7761843749321997 17.4614334 0.0920052 0
2454888.7771444446407259 17.2291360966851 99 1
2454888.7781050927005708 17.2291360966851 99 1
2454888.7790119214914739 17.2291360966851 99 1
2454888.7799465279094875 17.2291360966851 99 1
2454888.7809378472156823 17.2975006 0.0390079 0
2454888.7818875000812113 17.2796917 0.0360145 0
2454888.7828354164958000 17.2291360966851 99 1
2454888.7837873841635883 17.2291360966851 99 1
2454888.7847306714393198 17.3253136 0.0390057 0
2454888.7856895835138857 17.3195419 0.0370047 0
2454888.7866369211114943 17.2750568 0.0340050 0
2454888.7875900464132428 17.3192673 0.0360089 0
2454888.7885396992787719 17.2770138 0.0350061 0
2454888.7894795136526227 17.2947483 0.0350096 0
