0.624390243902439
2454887.7398140048608184 17.8898411 0.0360035 0
2454887.7406988427974284 17.9216900 0.0370043 0
2454887.7416172455996275 17.8913765 0.0370076 0
2454887.7425315971486270 17.9434834 0.0390058 0
2454887.7434355323202908 18.0226383 0.0410040 0
2454887.7444280092604458 17.9075603 0.0370058 0
2454887.7453365740366280 17.9207420 0.0380046 0
2454887.7462584492750466 17.9491863 0.0380046 0
2454887.7471716436557472 17.9315434 0.0370041 0
2454887.7480946760624647 17.9095440 0.0380027 0
2454887.7490032408386469 17.9212608 0.0380031 0
2454887.7499204860068858 17.9125957 0.0390060 0
2454887.7508365740068257 17.9014111 0.0380032 0
2454887.7517543979920447 17.9345608 0.0380031 0
2454887.7526531252078712 17.8702488 0.0370033 0
2454887.7535726851783693 17.8855286 0.0370022 0
2454887.7544905091635883 17.8792725 0.0370036 0
2454887.7554083331488073 17.9069557 0.0420036 0
2454887.7563325231894851 17.9364681 0.0400063 0
2454887.7572474535554647 17.9707336 0.0440065 0
2454887.7581785880029202 17.9240456 0.0430032 0
2454887.7590917823836207 17.9377842 0.0450046 0
2454887.7600171295925975 17.9393234 0.0410030 0
2454887.7618961804546416 17.9115677 0.0410027 0
2454887.7627902776002884 17.8822346 0.0390112 0
2454887.7637017359957099 17.9008102 0.0400029 0
2454887.7646328704431653 17.9105434 0.0400050 0
2454887.7655541668646038 17.8965588 0.0410036 0
2454887.7664656247943640 17.8888226 0.0440029 0
2454887.7674204860813916 17.9292831 0.0480028 0
2454887.7683498840779066 17.9135284 0.0450022 0
2454887.7693741898983717 17.9055386 0.0490023 0
2454887.7705530091188848 17.9412918 0.0460036 0
2454887.7714465279132128 17.9535542 0.0450038 0
2454887.7723736111074686 17.9212551 0.0520020 0
2454887.7732908562757075 17.9400845 0.0450032 0
2454887.7742555555887520 18.0036812 0.0490022 0
2454887.7751803239807487 17.9626198 0.0500022 0
2454887.7761074071750045 17.8903446 0.0450027 0
2454887.7770414352416992 17.9461689 0.0510036 0
2454887.7779604168608785 17.8885727 0.0440031 0
2454887.7788863424211740 17.8867207 0.0430045 0
2454887.7798122684471309 17.9462547 0.0450025 0
2454887.7807370368391275 17.9287472 0.0450043 0
2454887.7817167825996876 17.9684296 0.0470031 0
2454887.7835888890549541 17.9576283 0.0570062 0
2454887.7844922454096377 17.9682846 0.0580074 0
2454887.7854181714355946 17.9312935 0.0490024 0
2454887.7863481482490897 18.0294151 0.0530023 0
2454887.7872862266376615 17.9299984 0.0520032 0
2454887.7882127314805984 17.7426643 0.0470029 0
2454887.7891357638873160 17.9249777078125 99 1
2454887.7900576386600733 17.9249777078125 99 1
2454887.7909748842939734 17.8918610 0.0550037 0
2454887.7919089118950069 17.9204540 0.0600038 0
2454887.7928527779877186 17.8693905 0.0530036 0
2454887.7937896992079914 17.9704552 0.0600028 0
2454887.7947162035852671 17.8912888 0.0580027 0
2454887.7956571760587394 17.8811188 0.0720021 0
2454887.7965848380699754 17.9374886 0.0630035 0
2454887.7975275460630655 17.9550056 0.0640043 0
2454887.7985703703016043 17.8775158 0.0610033 0
2454887.7997063659131527 17.9249777078125 99 1
2454887.8006496527232230 17.9398575 0.0650123 0
2454887.8016322916373610 17.9249777078125 99 1
2454887.8026537038385868 17.9249777078125 99 1
2454887.8036947916261852 17.9249777078125 99 1
2454887.8047144678421319 17.9101677 0.0680037 0
2454887.8056924766860902 18.0635281 0.0830029 0
2454887.8066947916522622 17.8767471 0.0730031 0
2454887.8085750001482666 18.0409031 0.0900026 0
2454887.8095032409764826 17.9249777078125 99 1
2454887.8114725695922971 17.9249777078125 99 1
2454887.8123961803503335 18.1276073 0.0910025 0
2454887.8133319444023073 17.9249777078125 99 1
2454887.8142671296373010 17.9249777078125 99 1
2454887.8152069444768131 17.9249777078125 99 1
2454887.8161473381333053 17.9249777078125 99 1
2454887.8170964121818542 17.9249777078125 99 1
2454887.8191074072383344 17.9249777078125 99 1
2454887.8200408564880490 17.9249777078125 99 1
2454887.8209934029728174 17.9249777078125 99 1
2454887.8219609954394400 17.9249777078125 99 1
2454887.8229123842902482 17.9249777078125 99 1
2454887.8238782407715917 17.9249777078125 99 1
2454887.8248504628427327 17.9249777078125 99 1
2454887.8258990738540888 17.9249777078125 99 1
2454887.8268562499433756 17.9249777078125 99 1
2454887.8278082176111639 17.9249777078125 99 1
2454887.8287613424472511 17.9249777078125 99 1
2454887.8297381945885718 18.2753410 0.1750030 0
2454887.8306537037715316 17.9249777078125 99 1
2454887.8315848377533257 17.9249777078125 99 1
2454887.8325101854279637 17.7710648 0.1210085 0
2454887.8334546294063330 17.9249777078125 99 1
2454888.6674447916448116 17.8501892 0.0410054 0
2454888.6683608796447515 17.8810539 0.0390082 0
2454888.6692607640288770 17.8754387 0.0380069 0
2454888.6701681711710989 17.8309937 0.0380096 0
2454888.6710802083835006 17.8368721 0.0370120 0
2454888.6719829859212041 17.9138889 0.0390040 0
2454888.6729060183279216 17.8977642 0.0420052 0
2454888.6738012731075287 17.9070683 0.0390083 0
2454888.6747040511108935 17.8956680 0.0400113 0
2454888.6756184026598930 17.8526726 0.0350052 0
2454888.6765431715175509 17.9412003 0.0410052 0
2454888.6774395834654570 17.9517651 0.0390054 0
2454888.6895935186184943 17.9285069 0.0420022 0
2454888.6905084489844739 17.8483028 0.0360029 0
2454888.6914349538274109 17.9275475 0.0400030 0
2454888.6923412038013339 17.8508434 0.0400044 0
2454888.6932462961412966 17.9166565 0.0450025 0
2454888.6941357636824250 17.9104786 0.0460024 0
2454888.6950402776710689 17.9293041 0.0490021 0
2454888.6959453704766929 17.9701595 0.0490025 0
2454888.6968608796596527 17.9367523 0.0470022 0
2454888.7025194442830980 17.9249777078125 99 1
2454888.7034413195215166 17.9249777078125 99 1
2454888.7043498842976987 17.9249777078125 99 1
2454888.7072759261354804 17.9249777078125 99 1
2454888.7081872685812414 17.9249777078125 99 1
2454888.7090981481596828 17.9249777078125 99 1
2454888.7100136573426425 17.9249777078125 99 1
2454888.7109413193538785 17.9249777078125 99 1
2454888.7118799770250916 17.9249777078125 99 1
2454888.7128006946295500 17.9249777078125 99 1
2454888.7137162038125098 17.7580585 0.1080027 0
2454888.7146427081897855 17.9249777078125 99 1
2454888.7155553242191672 17.9249777078125 99 1
2454888.7165379631333053 17.9249777078125 99 1
2454888.7174476850777864 17.9249777078125 99 1
2454888.7183736111037433 17.9249777078125 99 1
2454888.7193006942979991 17.9249777078125 99 1
2454888.7211502315476537 17.9249777078125 99 1
2454888.7220478011295199 17.9249777078125 99 1
2454888.7229563659057021 17.9249777078125 99 1
2454888.7238770835101604 17.9249777078125 99 1
2454888.7247787038795650 17.9249777078125 99 1
2454888.7256785877980292 17.9249777078125 99 1
2454888.7266351850703359 17.9249777078125 99 1
2454888.7275616899132729 17.9249777078125 99 1
2454888.7284939815290272 17.9249777078125 99 1
2454888.7294222223572433 17.8837986 0.0890022 0
2454888.7312717591412365 17.9249777078125 99 1
2454888.7321843751706183 17.9249777078125 99 1
2454888.7331114583648741 17.9249777078125 99 1
2454888.7340130787342787 17.9221725 0.0740018 0
2454888.7349737267941236 17.9249777078125 99 1
2454888.7358950232155621 17.9249777078125 99 1
2454888.7368302084505558 17.9564018 0.0740051 0
2454888.7377503472380340 17.9969330 0.0720024 0
2454888.7386693288572133 17.8146839 0.0660036 0
2454888.7395883100107312 17.9098282 0.0610042 0
2454888.7405211804434657 17.9121742 0.0640017 0
2454888.7414523148909211 17.9942474 0.0630024 0
2454888.7423770832829177 17.9860859 0.0620031 0
2454888.7433151621371508 17.8785324 0.0590026 0
2454888.7442549769766629 17.8949108 0.0580020 0
2454888.7451936341822147 17.9675426 0.0730027 0
2454888.7461322918534279 18.0121365 0.0820023 0
2454888.7470535878092051 17.9249777078125 99 1
2454888.7479812498204410 17.9249777078125 99 1
2454888.7489129630848765 17.9591064 0.0620015 0
2454888.7498718751594424 17.9244194 0.0670022 0
2454888.7507966435514390 17.9339104 0.0610021 0
2454888.7517289351671934 17.9249777078125 99 1
2454888.7526432871818542 17.9249777078125 99 1
2454888.7535784724168479 17.9949455 0.0640023 0
2454888.7545165508054197 18.0378609 0.0780025 0
2454888.7554476852528751 17.9818916 0.0610026 0
2454888.7563805556856096 17.8692436 0.0550030 0
2454888.7573082176968455 17.9249777078125 99 1
2454888.7582358797080815 17.9249777078125 99 1
2454888.7591681713238358 17.9713688 0.0630019 0
2454888.7600981481373310 17.9481621 0.0650022 0
2454888.7610315973870456 17.8606739 0.0540025 0
2454888.7619598377496004 17.8870831 0.0580031 0
2454888.7628956018015742 17.9249777078125 99 1
2454888.7638631942681968 17.9249777078125 99 1
2454888.7647983795031905 17.9853172 0.0650032 0
2454888.7657763888128102 17.9033279 0.0620032 0
2454888.7667086804285645 17.9249777078125 99 1
2454888.7676403936930001 17.9249777078125 99 1
2454888.7685732636600733 17.8470879 0.0570034 0
2454888.7696270835585892 17.9446297 0.0780028 0
2454888.7705732639878988 17.9571171 0.0800024 0
2454888.7715084492228925 17.9806538 0.0780027 0
2454888.7724303239956498 18.0156403 0.0900025 0
2454888.7733620372600853 17.9249777078125 99 1
2454888.7743105324916542 17.9249777078125 99 1
2454888.7761843749321997 17.9249777078125 99 1
2454888.7771444446407259 17.9249777078125 99 1
2454888.7781050927005708 17.9249777078125 99 1
2454888.7790119214914739 17.9249777078125 99 1
2454888.7799465279094875 17.9249777078125 99 1
2454888.7809378472156823 17.8845005 0.0600051 0
2454888.7818875000812113 17.8296909 0.0560093 0
2454888.7828354164958000 17.9249777078125 99 1
2454888.7837873841635883 17.9249777078125 99 1
2454888.7847306714393198 17.9523125 0.0670033 0
2454888.7856895835138857 17.9249777078125 99 1
2454888.7866369211114943 17.9060555 0.0600028 0
2454888.7875900464132428 17.9652672 0.0590054 0
2454888.7885396992787719 17.8980141 0.0610035 0
2454888.7894795136526227 17.9347477 0.0640053 0
