0.985365853658537
2454887.7398140048608184 13.6098423 0.0030414 0
2454887.7406988427974284 13.6106901 0.0030530 0
2454887.7416172455996275 13.6263752 0.0030922 0
2454887.7425315971486270 13.6144819 0.0030746 0
2454887.7434355323202908 13.6146393 0.0030548 0
2454887.7444280092604458 13.6155577 0.0030713 0
2454887.7453365740366280 13.6007414 0.0030582 0
2454887.7462584492750466 13.6181870 0.0030581 0
2454887.7471716436557472 13.6205435 0.0030502 0
2454887.7480946760624647 13.6085453 0.0030343 0
2454887.7490032408386469 13.5992613 0.0030387 0
2454887.7499204860068858 13.6115942 0.0030772 0
2454887.7508365740068257 13.6074114 0.0030399 0
2454887.7517543979920447 13.5995588 0.0030386 0
2454887.7526531252078712 13.6032476 0.0030408 0
2454887.7535726851783693 13.6045313 0.0030272 0
2454887.7544905091635883 13.5952730 0.0030437 0
2454887.7554083331488073 13.5989552 0.0030498 0
2454887.7563325231894851 13.6094675 0.0030822 0
2454887.7572474535554647 13.6177330 0.0030932 0
2454887.7581785880029202 13.6090450 0.0030449 0
2454887.7590917823836207 13.6047821 0.0030683 0
2454887.7600171295925975 13.6053238 0.0030410 0
2454887.7618961804546416 13.6015673 0.0030373 0
2454887.7627902776002884 13.6172361 0.0031417 0
2454887.7637017359957099 13.6008101 0.0030385 0
2454887.7646328704431653 13.6065426 0.0030654 0
2454887.7655541668646038 13.6055565 0.0030483 0
2454887.7664656247943640 13.6018229 0.0030421 0
2454887.7674204860813916 13.6152840 0.0030437 0
2454887.7683498840779066 13.5955296 0.0030328 0
2454887.7693741898983717 13.5925388 0.0030382 0
2454887.7705530091188848 13.5992908 0.0030543 0
2454887.7714465279132128 13.5965557 0.0030566 0
2454887.7723736111074686 13.6022549 0.0030348 0
2454887.7732908562757075 13.6070833 0.0030473 0
2454887.7742555555887520 13.5936823 0.0030354 0
2454887.7751803239807487 13.5976200 0.0030369 0
2454887.7761074071750045 13.6033449 0.0030403 0
2454887.7770414352416992 13.6001701 0.0030608 0
2454887.7779604168608785 13.6195745 0.0030457 0
2454887.7788863424211740 13.6117201 0.0030636 0
2454887.7798122684471309 13.6062555 0.0030375 0
2454887.7807370368391275 13.6197462 0.0030639 0
2454887.7817167825996876 13.6144295 0.0030485 0
2454887.7835888890549541 13.6526279 0.0031156 0
2454887.7844922454096377 13.6372843 0.0031402 0
2454887.7854181714355946 13.5972948 0.0030396 0
2454887.7863481482490897 13.5954132 0.0030404 0
2454887.7872862266376615 13.6259995 0.0030550 0
2454887.7882127314805984 13.6146612 0.0030451 0
2454887.7891357638873160 13.5969353 0.0040412 0
2454887.7900576386600733 13.5979090 0.0040705 0
2454887.7909748842939734 13.6028614 0.0030674 0
2454887.7919089118950069 13.6064510 0.0030757 0
2454887.7928527779877186 13.6093912 0.0030626 0
2454887.7937896992079914 13.6004553 0.0030554 0
2454887.7947162035852671 13.5892868 0.0030520 0
2454887.7956571760587394 13.5881195 0.0040382 0
2454887.7965848380699754 13.5934887 0.0030724 0
2454887.7975275460630655 13.5890055 0.0030902 0
2454887.7985703703016043 13.6205158 0.0040502 0
2454887.7997063659131527 13.5819511 0.0040524 0
2454887.8006496527232230 13.6118603 0.0041950 0
2454887.8016322916373610 13.5978909 0.0030632 0
2454887.8026537038385868 13.6022377 0.0040369 0
2454887.8036947916261852 13.6218681 0.0040569 0
2454887.8047144678421319 13.6191673 0.0040623 0
2454887.8056924766860902 13.6015282 0.0040587 0
2454887.8066947916522622 13.5687475 0.0030745 0
2454887.8085750001482666 13.5989037 0.0040578 0
2454887.8095032409764826 13.6226482 0.0040460 0
2454887.8114725695922971 13.5882568 0.0040862 0
2454887.8123961803503335 13.5896082 0.0040568 0
2454887.8133319444023073 13.5943489 0.0040787 0
2454887.8142671296373010 13.6189404 0.0040703 0
2454887.8152069444768131 13.5779266 0.0040789 0
2454887.8161473381333053 13.5723724 0.0040777 0
2454887.8170964121818542 13.5774260 0.0041149 0
2454887.8191074072383344 13.6174202 0.0040619 0
2454887.8200408564880490 13.5836239 0.0042253 0
2454887.8209934029728174 13.6417141 0.0041895 0
2454887.8219609954394400 13.5933638 0.0040748 0
2454887.8229123842902482 13.6284666 0.0040903 0
2454887.8238782407715917 13.6586323 0.0041189 0
2454887.8248504628427327 13.5866680 0.0042076 0
2454887.8258990738540888 13.6569233 0.0051440 0
2454887.8268562499433756 13.5621014 0.0043203 0
2454887.8278082176111639 13.6209030 0.0041080 0
2454887.8287613424472511 13.5923605 0.0042475 0
2454887.8297381945885718 13.6133413 0.0041310 0
2454887.8306537037715316 13.7584476 0.0053664 0
2454887.8315848377533257 13.6224623 0.0051275 0
2454887.8325101854279637 13.6340647 0.0052023 0
2454887.8334546294063330 13.6658545 0.0056807 0
2454888.6674447916448116 13.5551891 0.0030729 0
2454888.6683608796447515 13.5740547 0.0031043 0
2454888.6692607640288770 13.5614376 0.0030857 0
2454888.6701681711710989 13.5619936 0.0031187 0
2454888.6710802083835006 13.5528708 0.0031442 0
2454888.6719829859212041 13.5508900 0.0030517 0
2454888.6729060183279216 13.5647650 0.0030725 0
2454888.6738012731075287 13.5570679 0.0031057 0
2454888.6747040511108935 13.5546675 0.0031477 0
2454888.6756184026598930 13.5656729 0.0030598 0
2454888.6765431715175509 13.5632010 0.0030702 0
2454888.6774395834654570 13.5627651 0.0030694 0
2454888.6895935186184943 13.5635071 0.0030303 0
2454888.6905084489844739 13.5833025 0.0030341 0
2454888.6914349538274109 13.5795460 0.0030403 0
2454888.6923412038013339 13.5768442 0.0030575 0
2454888.6932462961412966 13.5796566 0.0030370 0
2454888.6941357636824250 13.5824776 0.0030371 0
2454888.6950402776710689 13.5843048 0.0030345 0
2454888.6959453704766929 13.5861578 0.0030407 0
2454888.6968608796596527 13.5857544 0.0030345 0
2454888.7025194442830980 13.5917416 0.0040671 0
2454888.7034413195215166 13.5688639 0.0040565 0
2454888.7043498842976987 13.5690594 0.0040564 0
2454888.7072759261354804 13.5803232 0.0040502 0
2454888.7081872685812414 13.5867434 0.0040725 0
2454888.7090981481596828 13.5865717 0.0040723 0
2454888.7100136573426425 13.5795307 0.0050649 0
2454888.7109413193538785 13.5809393 0.0050707 0
2454888.7118799770250916 13.5959511 0.0050666 0
2454888.7128006946295500 13.5823774 0.0050881 0
2454888.7137162038125098 13.5850592 0.0050586 0
2454888.7146427081897855 13.5831051 0.0051042 0
2454888.7155553242191672 13.6159601 0.0051737 0
2454888.7165379631333053 13.5825291 0.0050488 0
2454888.7174476850777864 13.5853186 0.0050855 0
2454888.7183736111037433 13.5737448 0.0050661 0
2454888.7193006942979991 13.6063967 0.0050789 0
2454888.7211502315476537 13.5538521 0.0061313 0
2454888.7220478011295199 13.6071157 0.0081153 0
2454888.7229563659057021 13.6400814 0.0101146 0
2454888.7238770835101604 13.6458330 0.0161685 0
2454888.7247787038795650 13.5814981 0.0111459 0
2454888.7256785877980292 13.5866299 0.0071289 0
2454888.7266351850703359 13.5889559 0.0050462 0
2454888.7275616899132729 13.5842485 0.0050445 0
2454888.7284939815290272 13.5948048 0.0040515 0
2454888.7294222223572433 13.5937986 0.0040492 0
2454888.7312717591412365 13.5743065 0.0050640 0
2454888.7321843751706183 13.5759840 0.0040676 0
2454888.7331114583648741 13.5907030 0.0040409 0
2454888.7340130787342787 13.5891733 0.0040328 0
2454888.7349737267941236 13.5845499 0.0040337 0
2454888.7358950232155621 13.5897999 0.0040515 0
2454888.7368302084505558 13.5444031 0.0040934 0
2454888.7377503472380340 13.5739346 0.0040439 0
2454888.7386693288572133 13.5646830 0.0030774 0
2454888.7395883100107312 13.5638266 0.0030843 0
2454888.7405211804434657 13.5741749 0.0030362 0
2454888.7414523148909211 13.5782471 0.0030503 0
2454888.7423770832829177 13.6030865 0.0030625 0
2454888.7433151621371508 13.5745316 0.0030517 0
2454888.7442549769766629 13.5839109 0.0030381 0
2454888.7451936341822147 13.5705423 0.0030642 0
2454888.7461322918534279 13.5721388 0.0040471 0
2454888.7470535878092051 13.5729771 0.0030588 0
2454888.7479812498204410 13.5525007 0.0040788 0
2454888.7489129630848765 13.5771046 0.0030305 0
2454888.7498718751594424 13.5854206 0.0030487 0
2454888.7507966435514390 13.5729113 0.0030429 0
2454888.7517289351671934 13.5837078 0.0030418 0
2454888.7526432871818542 13.5435944 0.0040746 0
2454888.7535784724168479 13.5889473 0.0040359 0
2454888.7545165508054197 13.5768614 0.0030645 0
2454888.7554476852528751 13.5698900 0.0030532 0
2454888.7563805556856096 13.5812445 0.0030552 0
2454888.7573082176968455 13.5734844 0.0030430 0
2454888.7582358797080815 13.5728827 0.0040495 0
2454888.7591681713238358 13.5813704 0.0030386 0
2454888.7600981481373310 13.5771608 0.0030484 0
2454888.7610315973870456 13.5746746 0.0030448 0
2454888.7619598377496004 13.5660830 0.0030589 0
2454888.7628956018015742 13.5790110 0.0030703 0
2454888.7638631942681968 13.5918694 0.0040374 0
2454888.7647983795031905 13.5713167 0.0030694 0
2454888.7657763888128102 13.5673275 0.0030660 0
2454888.7667086804285645 13.5826826 0.0040449 0
2454888.7676403936930001 13.5727482 0.0031653 0
2454888.7685732636600733 13.5750885 0.0030636 0
2454888.7696270835585892 13.5816288 0.0030714 0
2454888.7705732639878988 13.5711174 0.0030643 0
2454888.7715084492228925 13.5666552 0.0030686 0
2454888.7724303239956498 13.5736408 0.0040569 0
2454888.7733620372600853 13.5685215 0.0040890 0
2454888.7743105324916542 13.5740080 0.0030760 0
2454888.7761843749321997 13.6504326 0.0050951 0
2454888.7771444446407259 13.5299358 0.0069696 0
2454888.7781050927005708 13.5683765 0.0085731 0
2454888.7790119214914739 13.5398436 0.0159439 0
2454888.7799465279094875 13.5925021787129 99 1
2454888.7809378472156823 13.5805006 0.0040761 0
2454888.7818875000812113 13.5786896 0.0031694 0
2454888.7828354164958000 13.5925021787129 99 1
2454888.7837873841635883 13.5925021787129 99 1
2454888.7847306714393198 13.6013136 0.0040552 0
2454888.7856895835138857 13.5795412 0.0030577 0
2454888.7866369211114943 13.5840559 0.0030559 0
2454888.7875900464132428 13.5732679 0.0031051 0
2454888.7885396992787719 13.5930147 0.0030701 0
2454888.7894795136526227 13.5807476 0.0031105 0
