0.902439024390244
2454887.7398140048608184 17.2198410 0.0220057 0
2454887.7406988427974284 17.2146893 0.0220073 0
2454887.7416172455996275 17.2323761 0.0240117 0
2454887.7425315971486270 17.2344837 0.0230099 0
2454887.7434355323202908 17.2236385 0.0220075 0
2454887.7444280092604458 17.1685600 0.0230094 0
2454887.7453365740366280 17.2317410 0.0220080 0
2454887.7462584492750466 17.2151871 0.0230076 0
2454887.7471716436557472 17.1815434 0.0220069 0
2454887.7480946760624647 17.1745453 0.0220047 0
2454887.7490032408386469 17.2352619 0.0230051 0
2454887.7499204860068858 17.2225952 0.0230102 0
2454887.7508365740068257 17.2454109 0.0230052 0
2454887.7517543979920447 17.2135601 0.0230051 0
2454887.7526531252078712 17.2452488 0.0230054 0
2454887.7535726851783693 17.1955299 0.0230036 0
2454887.7544905091635883 17.2142735 0.0230057 0
2454887.7554083331488073 17.1829548 0.0240063 0
2454887.7563325231894851 17.2124672 0.0230109 0
2454887.7572474535554647 17.2497330 0.0250114 0
2454887.7581785880029202 17.2100449 0.0250054 0
2454887.7590917823836207 17.2217827 0.0250083 0
2454887.7600171295925975 17.1913223 0.0230054 0
2454887.7618961804546416 17.2185669 0.0240047 0
2454887.7627902776002884 17.2132359 0.0240181 0
2454887.7637017359957099 17.2418098 0.0250046 0
2454887.7646328704431653 17.2355442 0.0240083 0
2454887.7655541668646038 17.2455578 0.0260056 0
2454887.7664656247943640 17.2238216 0.0270047 0
2454887.7674204860813916 17.2152843 0.0270049 0
2454887.7683498840779066 17.2355270 0.0260038 0
2454887.7693741898983717 17.2335377 0.0280041 0
2454887.7705530091188848 17.2152901 0.0260063 0
2454887.7714465279132128 17.2565536 0.0270063 0
2454887.7723736111074686 17.2792549 0.0310034 0
2454887.7732908562757075 17.2390842 0.0270053 0
2454887.7742555555887520 17.2436810 0.0280038 0
2454887.7751803239807487 17.1956196 0.0270041 0
2454887.7761074071750045 17.2303448 0.0280043 0
2454887.7770414352416992 17.2441692 0.0300061 0
2454887.7779604168608785 17.1735744 0.0250055 0
2454887.7788863424211740 17.1627197 0.0260074 0
2454887.7798122684471309 17.2152557 0.0260044 0
2454887.7807370368391275 17.2707462 0.0280069 0
2454887.7817167825996876 17.2174301 0.0270054 0
2454887.7835888890549541 17.1806297 0.0300118 0
2454887.7844922454096377 17.2632847 0.0340127 0
2454887.7854181714355946 17.2052956 0.0290041 0
2454887.7863481482490897 17.2064152 0.0290042 0
2454887.7872862266376615 17.2069988 0.0290057 0
2454887.7882127314805984 17.2176628 0.0310044 0
2454887.7891357638873160 17.2389336 0.0400041 0
2454887.7900576386600733 17.1619091 0.0400071 0
2454887.7909748842939734 17.2448616 0.0320064 0
2454887.7919089118950069 17.2874527 0.0360064 0
2454887.7928527779877186 17.1993904 0.0310061 0
2454887.7937896992079914 17.2484570 0.0330051 0
2454887.7947162035852671 17.2512875 0.0340046 0
2454887.7956571760587394 17.2881184 0.0420037 0
2454887.7965848380699754 17.2264881 0.0350063 0
2454887.7975275460630655 17.1690044 0.0320086 0
2454887.7985703703016043 17.2645149 0.0380053 0
2454887.7997063659131527 17.2179527 0.0360059 0
2454887.8006496527232230 17.2258587 0.0370216 0
2454887.8016322916373610 17.3008900 0.0390049 0
2454887.8026537038385868 17.3052387 0.0380039 0
2454887.8036947916261852 17.2708683 0.0410056 0
2454887.8047144678421319 17.2281685 0.0400063 0
2454887.8056924766860902 17.2465286 0.0390061 0
2454887.8066947916522622 17.2127476 0.0390058 0
2454887.8085750001482666 17.2869034 0.0450052 0
2454887.8095032409764826 17.2386475 0.0380049 0
2454887.8114725695922971 17.3212566 0.0450077 0
2454887.8123961803503335 17.2876072 0.0460050 0
2454887.8133319444023073 17.2253494 0.0390081 0
2454887.8142671296373010 17.2649403 0.0440064 0
2454887.8152069444768131 17.2979259 0.0460069 0
2454887.8161473381333053 17.2813740 0.0480065 0
2454887.8170964121818542 17.3384285 0.0540086 0
2454887.8191074072383344 17.2434196 0.0480052 0
2454887.8200408564880490 17.2846241 0.0530175 0
2454887.8209934029728174 17.3487129 0.0560139 0
2454887.8219609954394400 17.2823639 0.0490062 0
2454887.8229123842902482 17.2364674 0.0490074 0
2454887.8238782407715917 17.2496319 0.0520093 0
2454887.8248504628427327 17.3116684 0.0600142 0
2454887.8258990738540888 17.2498056702703 99 1
2454887.8268562499433756 17.2511005 0.0660202 0
2454887.8278082176111639 17.3169041 0.0640068 0
2454887.8287613424472511 17.4233608 0.0860119 0
2454887.8297381945885718 17.3453426 0.0750071 0
2454887.8306537037715316 17.4214458 0.0800237 0
2454887.8315848377533257 17.2684593 0.0770084 0
2454887.8325101854279637 17.2498056702703 99 1
2454887.8334546294063330 17.1448536 0.0670542 0
2454888.6674447916448116 17.2191906 0.0260085 0
2454888.6683608796447515 17.2340546 0.0240133 0
2454888.6692607640288770 17.2394390 0.0240109 0
2454888.6701681711710989 17.2109928 0.0240151 0
2454888.6710802083835006 17.2278728 0.0240184 0
2454888.6719829859212041 17.2408886 0.0240065 0
2454888.6729060183279216 17.2537651 0.0260085 0
2454888.6738012731075287 17.2050686 0.0230140 0
2454888.6747040511108935 17.2146683 0.0240189 0
2454888.6756184026598930 17.2276726 0.0230079 0
2454888.6765431715175509 17.2021999 0.0230093 0
2454888.6774395834654570 17.2237644 0.0220096 0
2454888.6895935186184943 17.2325058 0.0250037 0
2454888.6905084489844739 17.2373028 0.0240043 0
2454888.6914349538274109 17.2445469 0.0240051 0
2454888.6923412038013339 17.1928444 0.0260067 0
2454888.6932462961412966 17.2116547 0.0260043 0
2454888.6941357636824250 17.2644787 0.0290039 0
2454888.6950402776710689 17.2373047 0.0290036 0
2454888.6959453704766929 17.2331581 0.0290042 0
2454888.6968608796596527 17.2167530 0.0260040 0
2454888.7025194442830980 17.2297421 0.0480056 0
2454888.7034413195215166 17.3398647 0.0590039 0
2454888.7043498842976987 17.2120590 0.0530043 0
2454888.7072759261354804 17.2903252 0.0530038 0
2454888.7081872685812414 17.3117447 0.0540054 0
2454888.7090981481596828 17.1215725 0.0510057 0
2454888.7100136573426425 17.2498056702703 99 1
2454888.7109413193538785 17.2498056702703 99 1
2454888.7118799770250916 17.2279530 0.0630053 0
2454888.7128006946295500 17.2498056702703 99 1
2454888.7137162038125098 17.2498056702703 99 1
2454888.7146427081897855 17.2521038 0.0690076 0
2454888.7155553242191672 17.3279610 0.0740119 0
2454888.7165379631333053 17.1755295 0.0610040 0
2454888.7174476850777864 17.2498056702703 99 1
2454888.7183736111037433 17.1827450 0.0800042 0
2454888.7193006942979991 17.2303963 0.0730054 0
2454888.7211502315476537 17.2498056702703 99 1
2454888.7220478011295199 17.2498056702703 99 1
2454888.7229563659057021 17.2498056702703 99 1
2454888.7238770835101604 17.2498056702703 99 1
2454888.7247787038795650 17.2498056702703 99 1
2454888.7256785877980292 17.2498056702703 99 1
2454888.7266351850703359 17.4009552 0.0830028 0
2454888.7275616899132729 17.2142487 0.0600037 0
2454888.7284939815290272 17.2748051 0.0540038 0
2454888.7294222223572433 17.2297974 0.0540037 0
2454888.7312717591412365 17.3083076 0.0620052 0
2454888.7321843751706183 17.3269825 0.0600045 0
2454888.7331114583648741 17.2897053 0.0470035 0
2454888.7340130787342787 17.2031727 0.0420031 0
2454888.7349737267941236 17.2985497 0.0420032 0
2454888.7358950232155621 17.2417984 0.0450046 0
2454888.7368302084505558 17.2474022 0.0400094 0
2454888.7377503472380340 17.3059330 0.0410043 0
2454888.7386693288572133 17.2326832 0.0390060 0
2454888.7395883100107312 17.2688274 0.0360071 0
2454888.7405211804434657 17.2101727 0.0370030 0
2454888.7414523148909211 17.2372475 0.0330046 0
2454888.7423770832829177 17.2290859 0.0340056 0
2454888.7433151621371508 17.2375317 0.0340046 0
2454888.7442549769766629 17.2379093 0.0350033 0
2454888.7451936341822147 17.2905426 0.0430045 0
2454888.7461322918534279 17.2901363 0.0420045 0
2454888.7470535878092051 17.2779770 0.0330054 0
2454888.7479812498204410 17.2455006 0.0470068 0
2454888.7489129630848765 17.2381058 0.0340027 0
2454888.7498718751594424 17.2544193 0.0370040 0
2454888.7507966435514390 17.2329102 0.0360036 0
2454888.7517289351671934 17.2347069 0.0340037 0
2454888.7526432871818542 17.2915955 0.0470064 0
2454888.7535784724168479 17.2319450 0.0350041 0
2454888.7545165508054197 17.2088623 0.0390050 0
2454888.7554476852528751 17.2878914 0.0340047 0
2454888.7563805556856096 17.2122440 0.0320052 0
2454888.7573082176968455 17.2224827 0.0360036 0
2454888.7582358797080815 17.2448845 0.0370054 0
2454888.7591681713238358 17.2143688 0.0320036 0
2454888.7600981481373310 17.2321625 0.0360041 0
2454888.7610315973870456 17.2436733 0.0340040 0
2454888.7619598377496004 17.2370834 0.0340053 0
2454888.7628956018015742 17.3070126 0.0390055 0
2454888.7638631942681968 17.3138695 0.0400038 0
2454888.7647983795031905 17.3203163 0.0380055 0
2454888.7657763888128102 17.2353287 0.0370054 0
2454888.7667086804285645 17.2876797 0.0400045 0
2454888.7676403936930001 17.2707481 0.0370138 0
2454888.7685732636600733 17.2880878 0.0390049 0
2454888.7696270835585892 17.2626305 0.0430050 0
2454888.7705732639878988 17.2561169 0.0430045 0
2454888.7715084492228925 17.2656536 0.0440047 0
2454888.7724303239956498 17.3896408 0.0510045 0
2454888.7733620372600853 17.3435211 0.0540067 0
2454888.7743105324916542 17.2498056702703 99 1
2454888.7761843749321997 17.4474335 0.0850056 0
2454888.7771444446407259 17.2498056702703 99 1
2454888.7781050927005708 17.2498056702703 99 1
2454888.7790119214914739 17.2498056702703 99 1
2454888.7799465279094875 17.2498056702703 99 1
2454888.7809378472156823 17.2934990 0.0370083 0
2454888.7818875000812113 17.2866917 0.0360145 0
2454888.7828354164958000 17.2498056702703 99 1
2454888.7837873841635883 17.2498056702703 99 1
2454888.7847306714393198 17.2483139 0.0350064 0
2454888.7856895835138857 17.3525429 0.0410043 0
2454888.7866369211114943 17.2830563 0.0360047 0
2454888.7875900464132428 17.3512669 0.0360089 0
2454888.7885396992787719 17.2750149 0.0360059 0
2454888.7894795136526227 17.2937489 0.0380089 0
