0.931707317073171
2454887.7398140048608184 16.7788410 0.0170074 0
2454887.7406988427974284 16.7496891 0.0160100 0
2454887.7416172455996275 16.7583752 0.0170165 0
2454887.7425315971486270 16.7604828 0.0170133 0
2454887.7434355323202908 16.7726383 0.0160104 0
2454887.7444280092604458 16.7585583 0.0160135 0
2454887.7453365740366280 16.7617416 0.0170104 0
2454887.7462584492750466 16.7731876 0.0160110 0
2454887.7471716436557472 16.7685432 0.0160095 0
2454887.7480946760624647 16.7815437 0.0170061 0
2454887.7490032408386469 16.7562618 0.0170069 0
2454887.7499204860068858 16.7725945 0.0170138 0
2454887.7508365740068257 16.7604103 0.0170071 0
2454887.7517543979920447 16.7885590 0.0170069 0
2454887.7526531252078712 16.7552471 0.0170073 0
2454887.7535726851783693 16.7705288 0.0170048 0
2454887.7544905091635883 16.7672729 0.0170078 0
2454887.7554083331488073 16.7769547 0.0190079 0
2454887.7563325231894851 16.7294674 0.0170147 0
2454887.7572474535554647 16.7787323 0.0190149 0
2454887.7581785880029202 16.7700443 0.0180075 0
2454887.7590917823836207 16.7637825 0.0190109 0
2454887.7600171295925975 16.7773228 0.0170073 0
2454887.7618961804546416 16.7945671 0.0180063 0
2454887.7627902776002884 16.7582359 0.0170256 0
2454887.7637017359957099 16.7978096 0.0180065 0
2454887.7646328704431653 16.7505436 0.0170117 0
2454887.7655541668646038 16.7675591 0.0190077 0
2454887.7664656247943640 16.8008213 0.0190067 0
2454887.7674204860813916 16.7582836 0.0190070 0
2454887.7683498840779066 16.7735271 0.0190052 0
2454887.7693741898983717 16.7805386 0.0200058 0
2454887.7705530091188848 16.7612915 0.0190086 0
2454887.7714465279132128 16.7675552 0.0190090 0
2454887.7723736111074686 16.7842541 0.0210050 0
2454887.7732908562757075 16.7740841 0.0190075 0
2454887.7742555555887520 16.7806816 0.0190056 0
2454887.7751803239807487 16.7366199 0.0200056 0
2454887.7761074071750045 16.7463455 0.0190064 0
2454887.7770414352416992 16.7421703 0.0200092 0
2454887.7779604168608785 16.7635727 0.0190073 0
2454887.7788863424211740 16.7597198 0.0190101 0
2454887.7798122684471309 16.7872543 0.0190060 0
2454887.7807370368391275 16.7807465 0.0190102 0
2454887.7817167825996876 16.7474289 0.0200073 0
2454887.7835888890549541 16.7366295 0.0210168 0
2454887.7844922454096377 16.7642841 0.0230187 0
2454887.7854181714355946 16.7802944 0.0210057 0
2454887.7863481482490897 16.7434139 0.0200061 0
2454887.7872862266376615 16.7719994 0.0210079 0
2454887.7882127314805984 16.7616634 0.0210065 0
2454887.7891357638873160 16.7689342 0.0270061 0
2454887.7900576386600733 16.8069096 0.0290098 0
2454887.7909748842939734 16.7698612 0.0220093 0
2454887.7919089118950069 16.7844524 0.0240096 0
2454887.7928527779877186 16.7733917 0.0230082 0
2454887.7937896992079914 16.7894554 0.0220076 0
2454887.7947162035852671 16.8442879 0.0240066 0
2454887.7956571760587394 16.8491173 0.0300051 0
2454887.7965848380699754 16.7674885 0.0240092 0
2454887.7975275460630655 16.7580051 0.0230119 0
2454887.7985703703016043 16.8255157 0.0260078 0
2454887.7997063659131527 16.7519512 0.0250084 0
2454887.8006496527232230 16.7618580 0.0260307 0
2454887.8016322916373610 16.8128910 0.0260074 0
2454887.8026537038385868 16.7952385 0.0250059 0
2454887.8036947916261852 16.7978687 0.0270085 0
2454887.8047144678421319 16.7661686 0.0280090 0
2454887.8056924766860902 16.8145275 0.0280084 0
2454887.8066947916522622 16.8007469 0.0280081 0
2454887.8085750001482666 16.7829037 0.0300078 0
2454887.8095032409764826 16.7836475 0.0250074 0
2454887.8114725695922971 16.7372570 0.0280124 0
2454887.8123961803503335 16.8046074 0.0310074 0
2454887.8133319444023073 16.8143501 0.0280113 0
2454887.8142671296373010 16.7849407 0.0300095 0
2454887.8152069444768131 16.8289261 0.0320100 0
2454887.8161473381333053 16.7623730 0.0300105 0
2454887.8170964121818542 16.7924271 0.0320146 0
2454887.8191074072383344 16.7794189 0.0330076 0
2454887.8200408564880490 16.7016239 0.0320289 0
2454887.8209934029728174 16.7817135 0.0350222 0
2454887.8219609954394400 16.8273640 0.0330091 0
2454887.8229123842902482 16.8144665 0.0340107 0
2454887.8238782407715917 16.8006325 0.0360134 0
2454887.8248504628427327 16.8046684 0.0390218 0
2454887.8258990738540888 16.8009262 0.0520140 0
2454887.8268562499433756 16.7891006 0.0440303 0
2454887.8278082176111639 16.7759037 0.0410107 0
2454887.8287613424472511 16.7864183104712 99 1
2454887.8297381945885718 16.8403416 0.0470113 0
2454887.8306537037715316 16.7244473 0.0430441 0
2454887.8315848377533257 16.7554607 0.0490132 0
2454887.8325101854279637 16.7590637 0.0500206 0
2454887.8334546294063330 16.8328533 0.0500726 0
2454888.6674447916448116 16.8331890 0.0200111 0
2454888.6683608796447515 16.8070545 0.0180177 0
2454888.6692607640288770 16.7544384 0.0170153 0
2454888.6701681711710989 16.7809925 0.0180202 0
2454888.6710802083835006 16.8078728 0.0180246 0
2454888.6719829859212041 16.7698898 0.0170092 0
2454888.6729060183279216 16.7967644 0.0180122 0
2454888.6738012731075287 16.8110676 0.0180179 0
2454888.6747040511108935 16.8036671 0.0170267 0
2454888.6756184026598930 16.8276730 0.0170106 0
2454888.6765431715175509 16.8132000 0.0170125 0
2454888.6774395834654570 16.7867641 0.0170124 0
2454888.6895935186184943 16.8105068 0.0190048 0
2454888.6905084489844739 16.7733021 0.0170060 0
2454888.6914349538274109 16.7865486 0.0170072 0
2454888.6923412038013339 16.8018436 0.0190092 0
2454888.6932462961412966 16.7886562 0.0190059 0
2454888.6941357636824250 16.7824783 0.0200056 0
2454888.6950402776710689 16.7763042 0.0210050 0
2454888.6959453704766929 16.7811584 0.0210059 0
2454888.6968608796596527 16.8017540 0.0200052 0
2454888.7025194442830980 16.7537422 0.0320085 0
2454888.7034413195215166 16.7698650 0.0360063 0
2454888.7043498842976987 16.7390594 0.0370061 0
2454888.7072759261354804 16.8553257 0.0360056 0
2454888.7081872685812414 16.8437443 0.0370079 0
2454888.7090981481596828 16.7615719 0.0380077 0
2454888.7100136573426425 16.8425293 0.0510064 0
2454888.7109413193538785 16.8839378 0.0480074 0
2454888.7118799770250916 16.7609520 0.0430078 0
2454888.7128006946295500 16.9163761 0.0580077 0
2454888.7137162038125098 16.8020573 0.0470063 0
2454888.7146427081897855 16.8081055 0.0440120 0
2454888.7155553242191672 16.7629604 0.0460192 0
2454888.7165379631333053 16.7855301 0.0450054 0
2454888.7174476850777864 16.8453178 0.0510085 0
2454888.7183736111037433 16.7737446 0.0560059 0
2454888.7193006942979991 16.7913971 0.0490081 0
2454888.7211502315476537 16.7864183104712 99 1
2454888.7220478011295199 16.7864183104712 99 1
2454888.7229563659057021 16.7864183104712 99 1
2454888.7238770835101604 16.7864183104712 99 1
2454888.7247787038795650 16.7864183104712 99 1
2454888.7256785877980292 16.7864183104712 99 1
2454888.7266351850703359 16.8789558 0.0510046 0
2454888.7275616899132729 16.8282490 0.0420053 0
2454888.7284939815290272 16.8838062 0.0390053 0
2454888.7294222223572433 16.8307991 0.0380052 0
2454888.7312717591412365 16.8303070 0.0420077 0
2454888.7321843751706183 16.8529835 0.0390070 0
2454888.7331114583648741 16.7877045 0.0320051 0
2454888.7340130787342787 16.7961731 0.0300044 0
2454888.7349737267941236 16.7865505 0.0280048 0
2454888.7358950232155621 16.7287979 0.0290071 0
2454888.7368302084505558 16.7724018 0.0270140 0
2454888.7377503472380340 16.8239326 0.0270065 0
2454888.7386693288572133 16.8126850 0.0290081 0
2454888.7395883100107312 16.7798271 0.0240107 0
2454888.7405211804434657 16.7741737 0.0250044 0
2454888.7414523148909211 16.7902470 0.0240063 0
2454888.7423770832829177 16.7660866 0.0250076 0
2454888.7433151621371508 16.7925320 0.0250063 0
2454888.7442549769766629 16.7609100 0.0230050 0
2454888.7451936341822147 16.8015423 0.0290067 0
2454888.7461322918534279 16.7991371 0.0290065 0
2454888.7470535878092051 16.7769775 0.0230077 0
2454888.7479812498204410 16.7905006 0.0320099 0
2454888.7489129630848765 16.7851067 0.0230040 0
2454888.7498718751594424 16.7704201 0.0250059 0
2454888.7507966435514390 16.8109112 0.0250052 0
2454888.7517289351671934 16.7807083 0.0240053 0
2454888.7526432871818542 16.7985954 0.0310097 0
2454888.7535784724168479 16.7749462 0.0250058 0
2454888.7545165508054197 16.8548622 0.0300065 0
2454888.7554476852528751 16.7578926 0.0230070 0
2454888.7563805556856096 16.8012447 0.0230073 0
2454888.7573082176968455 16.7764835 0.0240054 0
2454888.7582358797080815 16.8368855 0.0260077 0
2454888.7591681713238358 16.7793694 0.0230051 0
2454888.7600981481373310 16.7911625 0.0260056 0
2454888.7610315973870456 16.7316742 0.0220062 0
2454888.7619598377496004 16.7590828 0.0240074 0
2454888.7628956018015742 16.8130131 0.0260082 0
2454888.7638631942681968 16.7998695 0.0270056 0
2454888.7647983795031905 16.7903156 0.0240088 0
2454888.7657763888128102 16.7483273 0.0250080 0
2454888.7667086804285645 16.7776794 0.0280065 0
2454888.7676403936930001 16.8057480 0.0250204 0
2454888.7685732636600733 16.8200874 0.0250077 0
2454888.7696270835585892 16.7546291 0.0280077 0
2454888.7705732639878988 16.7661171 0.0290067 0
2454888.7715084492228925 16.8136539 0.0300069 0
2454888.7724303239956498 16.8076420 0.0310074 0
2454888.7733620372600853 16.7425213 0.0330109 0
2454888.7743105324916542 16.7864183104712 99 1
2454888.7761843749321997 16.7984333 0.0490098 0
2454888.7771444446407259 16.7864183104712 99 1
2454888.7781050927005708 16.7864183104712 99 1
2454888.7790119214914739 16.7864183104712 99 1
2454888.7799465279094875 16.7864183104712 99 1
2454888.7809378472156823 16.8015003 0.0250123 0
2454888.7818875000812113 16.8176918 0.0260201 0
2454888.7828354164958000 16.7864183104712 99 1
2454888.7837873841635883 16.7864183104712 99 1
2454888.7847306714393198 16.8093128 0.0250089 0
2454888.7856895835138857 16.7465420 0.0240073 0
2454888.7866369211114943 16.7790565 0.0230074 0
2454888.7875900464132428 16.7812672 0.0220146 0
2454888.7885396992787719 16.8070145 0.0240089 0
2454888.7894795136526227 16.7587471 0.0250135 0
