0.590243902439024
2454887.7398140048608184 18.0098419 0.0400031 0
2454887.7406988427974284 17.9576893 0.0380042 0
2454887.7416172455996275 17.9643764 0.0390072 0
2454887.7425315971486270 17.9544830 0.0400057 0
2454887.7434355323202908 18.0066376 0.0410040 0
2454887.7444280092604458 18.0035591 0.0410053 0
2454887.7453365740366280 17.9807415 0.0390045 0
2454887.7462584492750466 17.9981880 0.0390045 0
2454887.7471716436557472 17.9405441 0.0390039 0
2454887.7480946760624647 17.9675446 0.0390027 0
2454887.7490032408386469 18.0142612 0.0420028 0
2454887.7499204860068858 17.9725952 0.0400059 0
2454887.7508365740068257 17.9564114 0.0390031 0
2454887.7517543979920447 17.9535599 0.0400029 0
2454887.7526531252078712 17.9142475 0.0390032 0
2454887.7535726851783693 18.0065289 0.0420020 0
2454887.7544905091635883 17.9412727 0.0390034 0
2454887.7554083331488073 17.9379559 0.0420036 0
2454887.7563325231894851 18.0264683 0.0420060 0
2454887.7572474535554647 17.9517326 0.0440065 0
2454887.7581785880029202 17.9270439 0.0440031 0
2454887.7590917823836207 17.8857841 0.0430048 0
2454887.7600171295925975 18.0053234 0.0450028 0
2454887.7618961804546416 17.9585667 0.0430026 0
2454887.7627902776002884 17.9642353 0.0420104 0
2454887.7637017359957099 17.9568100 0.0410028 0
2454887.7646328704431653 17.8775444 0.0400050 0
2454887.7655541668646038 18.0145588 0.0480030 0
2454887.7664656247943640 17.9418221 0.0470027 0
2454887.7674204860813916 18.0152836 0.0520025 0
2454887.7683498840779066 17.9125271 0.0450022 0
2454887.7693741898983717 17.9845390 0.0510023 0
2454887.7705530091188848 18.0092907 0.0500033 0
2454887.7714465279132128 17.9955540 0.0470036 0
2454887.7723736111074686 17.9582558 0.0510021 0
2454887.7732908562757075 17.9800854 0.0480030 0
2454887.7742555555887520 17.9356804 0.0460023 0
2454887.7751803239807487 18.0106201 0.0510022 0
2454887.7761074071750045 17.9843445 0.0480025 0
2454887.7770414352416992 18.0341702 0.0540034 0
2454887.7779604168608785 18.0065727 0.0490028 0
2454887.7788863424211740 18.0017204 0.0480040 0
2454887.7798122684471309 17.9882565 0.0460025 0
2454887.7807370368391275 17.9807472 0.0500039 0
2454887.7817167825996876 17.9624290 0.0480031 0
2454887.7835888890549541 17.9546299 0.0550064 0
2454887.7844922454096377 18.0802841 0.0670064 0
2454887.7854181714355946 17.9162941 0.0520023 0
2454887.7863481482490897 17.9734135 0.0540023 0
2454887.7872862266376615 18.0169983 0.0580029 0
2454887.7882127314805984 18.0006638 0.0580023 0
2454887.7891357638873160 17.9879341 0.0780021 0
2454887.7900576386600733 17.9779091 0.0800036 0
2454887.7909748842939734 17.9838619 0.0580035 0
2454887.7919089118950069 17.9874535 0.0620037 0
2454887.7928527779877186 18.0933914 0.0670028 0
2454887.7937896992079914 18.0194569 0.0630027 0
2454887.7947162035852671 18.0612888 0.0700022 0
2454887.7956571760587394 18.0281181 0.0820019 0
2454887.7965848380699754 17.9944878 0.0650034 0
2454887.7975275460630655 17.9670048 0.0590047 0
2454887.7985703703016043 17.9935150 0.0670030 0
2454887.7997063659131527 18.0009007603306 99 1
2454887.8006496527232230 17.9748573 0.0700114 0
2454887.8016322916373610 18.0228901 0.0690028 0
2454887.8026537038385868 17.9612389 0.0670022 0
2454887.8036947916261852 18.0009007603306 99 1
2454887.8047144678421319 17.9441681 0.0700036 0
2454887.8056924766860902 17.9315281 0.0730032 0
2454887.8066947916522622 18.0009007603306 99 1
2454887.8085750001482666 18.0009007603306 99 1
2454887.8095032409764826 17.9066467 0.0640029 0
2454887.8114725695922971 18.0009007603306 99 1
2454887.8123961803503335 18.0009007603306 99 1
2454887.8133319444023073 18.0009007603306 99 1
2454887.8142671296373010 18.0009007603306 99 1
2454887.8152069444768131 18.0009007603306 99 1
2454887.8161473381333053 18.0009007603306 99 1
2454887.8170964121818542 18.0009007603306 99 1
2454887.8191074072383344 18.0009007603306 99 1
2454887.8200408564880490 18.0009007603306 99 1
2454887.8209934029728174 18.0009007603306 99 1
2454887.8219609954394400 18.0009007603306 99 1
2454887.8229123842902482 18.0009007603306 99 1
2454887.8238782407715917 18.0009007603306 99 1
2454887.8248504628427327 18.0009007603306 99 1
2454887.8258990738540888 18.0009007603306 99 1
2454887.8268562499433756 18.0009007603306 99 1
2454887.8278082176111639 18.0009007603306 99 1
2454887.8287613424472511 18.0009007603306 99 1
2454887.8297381945885718 18.0009007603306 99 1
2454887.8306537037715316 18.0009007603306 99 1
2454887.8315848377533257 18.0009007603306 99 1
2454887.8325101854279637 18.0009007603306 99 1
2454887.8334546294063330 18.0009007603306 99 1
2454888.6674447916448116 17.9231892 0.0460048 0
2454888.6683608796447515 18.0410538 0.0430074 0
2454888.6692607640288770 17.9964390 0.0430061 0
2454888.6701681711710989 18.0259933 0.0450081 0
2454888.6710802083835006 18.0188732 0.0420105 0
2454888.6719829859212041 17.9878883 0.0410038 0
2454888.6729060183279216 18.0217648 0.0470047 0
2454888.6738012731075287 18.0300694 0.0430075 0
2454888.6747040511108935 17.9626675 0.0430106 0
2454888.6756184026598930 18.0176716 0.0410044 0
2454888.6765431715175509 17.9832001 0.0420051 0
2454888.6774395834654570 18.0357647 0.0410051 0
2454888.6895935186184943 17.9645061 0.0450020 0
2454888.6905084489844739 17.9143028 0.0400026 0
2454888.6914349538274109 17.9985466 0.0430028 0
2454888.6923412038013339 17.9858437 0.0450039 0
2454888.6932462961412966 17.9476547 0.0450025 0
2454888.6941357636824250 18.0084782 0.0510022 0
2454888.6950402776710689 18.0603046 0.0570018 0
2454888.6959453704766929 18.0051594 0.0520024 0
2454888.6968608796596527 17.9337540 0.0460023 0
2454888.7025194442830980 17.9577427 0.0880031 0
2454888.7034413195215166 18.0798645 0.1150020 0
2454888.7043498842976987 18.0009007603306 99 1
2454888.7072759261354804 18.0009007603306 99 1
2454888.7081872685812414 18.0009007603306 99 1
2454888.7090981481596828 18.0009007603306 99 1
2454888.7100136573426425 18.0009007603306 99 1
2454888.7109413193538785 18.0009007603306 99 1
2454888.7118799770250916 18.0009007603306 99 1
2454888.7128006946295500 18.0009007603306 99 1
2454888.7137162038125098 18.0009007603306 99 1
2454888.7146427081897855 18.0009007603306 99 1
2454888.7155553242191672 18.0009007603306 99 1
2454888.7165379631333053 18.0009007603306 99 1
2454888.7174476850777864 18.0009007603306 99 1
2454888.7183736111037433 18.0009007603306 99 1
2454888.7193006942979991 18.0009007603306 99 1
2454888.7211502315476537 18.0009007603306 99 1
2454888.7220478011295199 18.0009007603306 99 1
2454888.7229563659057021 18.0009007603306 99 1
2454888.7238770835101604 18.0009007603306 99 1
2454888.7247787038795650 18.0009007603306 99 1
2454888.7256785877980292 18.0009007603306 99 1
2454888.7266351850703359 18.0009007603306 99 1
2454888.7275616899132729 18.0009007603306 99 1
2454888.7284939815290272 18.0009007603306 99 1
2454888.7294222223572433 18.0009007603306 99 1
2454888.7312717591412365 18.0009007603306 99 1
2454888.7321843751706183 18.0009007603306 99 1
2454888.7331114583648741 18.1597042 0.1010016 0
2454888.7340130787342787 18.0009007603306 99 1
2454888.7349737267941236 18.1645508 0.0900015 0
2454888.7358950232155621 17.9007988 0.0780027 0
2454888.7368302084505558 18.0009007603306 99 1
2454888.7377503472380340 18.0229340 0.0740024 0
2454888.7386693288572133 18.0426846 0.0800029 0
2454888.7395883100107312 18.0009007603306 99 1
2454888.7405211804434657 17.9811726 0.0690016 0
2454888.7414523148909211 18.0009007603306 99 1
2454888.7423770832829177 18.0009007603306 99 1
2454888.7433151621371508 18.0325317 0.0660024 0
2454888.7442549769766629 18.0359097 0.0670017 0
2454888.7451936341822147 18.1925430 0.0910021 0
2454888.7461322918534279 18.1021366 0.0910021 0
2454888.7470535878092051 18.0929775 0.0650027 0
2454888.7479812498204410 18.0009007603306 99 1
2454888.7489129630848765 18.0131054 0.0640014 0
2454888.7498718751594424 18.1044197 0.0830018 0
2454888.7507966435514390 17.9469109 0.0640020 0
2454888.7517289351671934 18.0009007603306 99 1
2454888.7526432871818542 18.0009007603306 99 1
2454888.7535784724168479 18.0009007603306 99 1
2454888.7545165508054197 18.1168613 0.0870022 0
2454888.7554476852528751 18.0009007603306 99 1
2454888.7563805556856096 18.0922432 0.0680025 0
2454888.7573082176968455 18.0009007603306 99 1
2454888.7582358797080815 18.0009007603306 99 1
2454888.7591681713238358 17.9723682 0.0640018 0
2454888.7600981481373310 18.0051613 0.0700021 0
2454888.7610315973870456 18.0656738 0.0650021 0
2454888.7619598377496004 18.1020832 0.0680026 0
2454888.7628956018015742 18.0009007603306 99 1
2454888.7638631942681968 18.1538696 0.0780019 0
2454888.7647983795031905 18.1373158 0.0750028 0
2454888.7657763888128102 18.0353279 0.0690029 0
2454888.7667086804285645 18.0796795 0.0800023 0
2454888.7676403936930001 18.0009007603306 99 1
2454888.7685732636600733 17.9870872 0.0680028 0
2454888.7696270835585892 18.0009007603306 99 1
2454888.7705732639878988 18.0171185 0.0870022 0
2454888.7715084492228925 18.0009007603306 99 1
2454888.7724303239956498 18.0009007603306 99 1
2454888.7733620372600853 18.0009007603306 99 1
2454888.7743105324916542 18.0009007603306 99 1
2454888.7761843749321997 18.0009007603306 99 1
2454888.7771444446407259 18.0009007603306 99 1
2454888.7781050927005708 18.0009007603306 99 1
2454888.7790119214914739 18.0009007603306 99 1
2454888.7799465279094875 18.0009007603306 99 1
2454888.7809378472156823 18.0009007603306 99 1
2454888.7818875000812113 18.0009007603306 99 1
2454888.7828354164958000 18.0009007603306 99 1
2454888.7837873841635883 18.0009007603306 99 1
2454888.7847306714393198 17.9993134 0.0670033 0
2454888.7856895835138857 18.0009007603306 99 1
2454888.7866369211114943 17.9830570 0.0630027 0
2454888.7875900464132428 18.0692673 0.0670048 0
2454888.7885396992787719 18.0710144 0.0690031 0
2454888.7894795136526227 18.0009007603306 99 1
