0.692682926829268
2454887.7398140048608184 17.7788410 0.0330038 0
2454887.7406988427974284 17.7856884 0.0320050 0
2454887.7416172455996275 17.7493763 0.0330085 0
2454887.7425315971486270 17.7754841 0.0330069 0
2454887.7434355323202908 17.8216381 0.0340049 0
2454887.7444280092604458 17.7245598 0.0330066 0
2454887.7453365740366280 17.8057404 0.0350050 0
2454887.7462584492750466 17.7581863 0.0320055 0
2454887.7471716436557472 17.7575436 0.0330046 0
2454887.7480946760624647 17.7895451 0.0350030 0
2454887.7490032408386469 17.7542610 0.0330035 0
2454887.7499204860068858 17.8155956 0.0350067 0
2454887.7508365740068257 17.7774124 0.0340035 0
2454887.7517543979920447 17.7855606 0.0350033 0
2454887.7526531252078712 17.7752476 0.0340036 0
2454887.7535726851783693 17.8195286 0.0360023 0
2454887.7544905091635883 17.7782726 0.0360037 0
2454887.7554083331488073 17.8269558 0.0390039 0
2454887.7563325231894851 17.7154675 0.0350071 0
2454887.7572474535554647 17.8137321 0.0400071 0
2454887.7581785880029202 17.7710438 0.0380036 0
2454887.7590917823836207 17.7507839 0.0360058 0
2454887.7600171295925975 17.7533226 0.0360034 0
2454887.7618961804546416 17.8245678 0.0390029 0
2454887.7627902776002884 17.8302345 0.0360121 0
2454887.7637017359957099 17.7918091 0.0360032 0
2454887.7646328704431653 17.7575436 0.0360055 0
2454887.7655541668646038 17.7925587 0.0390037 0
2454887.7664656247943640 17.8328228 0.0430030 0
2454887.7674204860813916 17.8442841 0.0440030 0
2454887.7683498840779066 17.7285271 0.0380026 0
2454887.7693741898983717 17.7345390 0.0410028 0
2454887.7705530091188848 17.8862915 0.0460036 0
2454887.7714465279132128 17.7985554 0.0400043 0
2454887.7723736111074686 17.7082558 0.0420025 0
2454887.7732908562757075 17.7640839 0.0400036 0
2454887.7742555555887520 17.7776814 0.0420025 0
2454887.7751803239807487 17.7996197 0.0430026 0
2454887.7761074071750045 17.8333454 0.0440028 0
2454887.7770414352416992 17.7861691 0.0440042 0
2454887.7779604168608785 17.7365742 0.0390035 0
2454887.7788863424211740 17.7437210 0.0390049 0
2454887.7798122684471309 17.7462559 0.0370031 0
2454887.7807370368391275 17.6847477 0.0380051 0
2454887.7817167825996876 17.7674294 0.0390038 0
2454887.7835888890549541 17.7866287 0.0490072 0
2454887.7844922454096377 17.8002853 0.0510084 0
2454887.7854181714355946 17.8012962 0.0460026 0
2454887.7863481482490897 17.7614136 0.0410030 0
2454887.7872862266376615 17.7729988 0.0460036 0
2454887.7882127314805984 17.7626629 0.0470029 0
2454887.7891357638873160 17.7880246633803 99 1
2454887.7900576386600733 17.7329082 0.0650044 0
2454887.7909748842939734 17.7958622 0.0480043 0
2454887.7919089118950069 17.8234539 0.0550042 0
2454887.7928527779877186 17.7943916 0.0520036 0
2454887.7937896992079914 17.8554554 0.0540031 0
2454887.7947162035852671 17.7652874 0.0540029 0
2454887.7956571760587394 17.7331181 0.0620025 0
2454887.7965848380699754 17.7104893 0.0520042 0
2454887.7975275460630655 17.7600060 0.0520053 0
2454887.7985703703016043 17.8465157 0.0630032 0
2454887.7997063659131527 17.8409519 0.0620034 0
2454887.8006496527232230 17.8018570 0.0560143 0
2454887.8016322916373610 17.8068905 0.0560034 0
2454887.8026537038385868 17.8412399 0.0620024 0
2454887.8036947916261852 17.9198685 0.0690033 0
2454887.8047144678421319 17.7641678 0.0610041 0
2454887.8056924766860902 17.7585278 0.0620038 0
2454887.8066947916522622 17.7977486 0.0670034 0
2454887.8085750001482666 17.8459034 0.0720032 0
2454887.8095032409764826 17.7880246633803 99 1
2454887.8114725695922971 17.7880246633803 99 1
2454887.8123961803503335 17.7880246633803 99 1
2454887.8133319444023073 17.7880246633803 99 1
2454887.8142671296373010 17.7880246633803 99 1
2454887.8152069444768131 17.7880246633803 99 1
2454887.8161473381333053 17.7880246633803 99 1
2454887.8170964121818542 17.7880246633803 99 1
2454887.8191074072383344 17.9254189 0.0870029 0
2454887.8200408564880490 17.6746254 0.0740125 0
2454887.8209934029728174 17.7880246633803 99 1
2454887.8219609954394400 17.7880246633803 99 1
2454887.8229123842902482 17.7154675 0.0730050 0
2454887.8238782407715917 17.9486313 0.1020047 0
2454887.8248504628427327 17.7880246633803 99 1
2454887.8258990738540888 17.7880246633803 99 1
2454887.8268562499433756 17.7880246633803 99 1
2454887.8278082176111639 17.9709034 0.1110039 0
2454887.8287613424472511 17.7880246633803 99 1
2454887.8297381945885718 17.7880246633803 99 1
2454887.8306537037715316 17.7880246633803 99 1
2454887.8315848377533257 17.9614601 0.1430045 0
2454887.8325101854279637 17.7880246633803 99 1
2454887.8334546294063330 17.7880246633803 99 1
2454888.6674447916448116 17.7941895 0.0410054 0
2454888.6683608796447515 17.8190536 0.0370086 0
2454888.6692607640288770 17.8004379 0.0360072 0
2454888.6701681711710989 17.7619934 0.0360101 0
2454888.6710802083835006 17.8148727 0.0370120 0
2454888.6719829859212041 17.8158894 0.0370042 0
2454888.6729060183279216 17.8077641 0.0400055 0
2454888.6738012731075287 17.7740688 0.0350092 0
2454888.6747040511108935 17.7776680 0.0360126 0
2454888.6756184026598930 17.7436714 0.0340053 0
2454888.6765431715175509 17.7052002 0.0340063 0
2454888.6774395834654570 17.7877636 0.0330064 0
2454888.6895935186184943 17.7665062 0.0370025 0
2454888.6905084489844739 17.7443027 0.0330031 0
2454888.6914349538274109 17.7815475 0.0360034 0
2454888.6923412038013339 17.7768440 0.0390045 0
2454888.6932462961412966 17.7686577 0.0410027 0
2454888.6941357636824250 17.7664776 0.0420027 0
2454888.6950402776710689 17.7593040 0.0430024 0
2454888.6959453704766929 17.7911587 0.0430029 0
2454888.6968608796596527 17.8377533 0.0410025 0
2454888.7025194442830980 17.7847424 0.0760036 0
2454888.7034413195215166 17.7880246633803 99 1
2454888.7043498842976987 17.7880246633803 99 1
2454888.7072759261354804 17.7880246633803 99 1
2454888.7081872685812414 17.7880246633803 99 1
2454888.7090981481596828 17.7880246633803 99 1
2454888.7100136573426425 17.7880246633803 99 1
2454888.7109413193538785 17.7880246633803 99 1
2454888.7118799770250916 17.7880246633803 99 1
2454888.7128006946295500 17.7880246633803 99 1
2454888.7137162038125098 17.7880246633803 99 1
2454888.7146427081897855 17.7880246633803 99 1
2454888.7155553242191672 17.7880246633803 99 1
2454888.7165379631333053 17.7880246633803 99 1
2454888.7174476850777864 17.7880246633803 99 1
2454888.7183736111037433 17.7880246633803 99 1
2454888.7193006942979991 17.7880246633803 99 1
2454888.7211502315476537 17.7880246633803 99 1
2454888.7220478011295199 17.7880246633803 99 1
2454888.7229563659057021 17.7880246633803 99 1
2454888.7238770835101604 17.7880246633803 99 1
2454888.7247787038795650 17.7880246633803 99 1
2454888.7256785877980292 17.7880246633803 99 1
2454888.7266351850703359 17.7880246633803 99 1
2454888.7275616899132729 17.7880246633803 99 1
2454888.7284939815290272 17.6008053 0.0720029 0
2454888.7294222223572433 17.7880246633803 99 1
2454888.7312717591412365 17.6253071 0.0820039 0
2454888.7321843751706183 17.7880246633803 99 1
2454888.7331114583648741 17.7857037 0.0740022 0
2454888.7340130787342787 17.7880246633803 99 1
2454888.7349737267941236 17.7955494 0.0640021 0
2454888.7358950232155621 17.7880246633803 99 1
2454888.7368302084505558 17.7880246633803 99 1
2454888.7377503472380340 17.7880246633803 99 1
2454888.7386693288572133 17.7686825 0.0640037 0
2454888.7395883100107312 17.7998276 0.0550047 0
2454888.7405211804434657 17.8461742 0.0610018 0
2454888.7414523148909211 17.8802471 0.0590026 0
2454888.7423770832829177 17.7760868 0.0540035 0
2454888.7433151621371508 17.7485313 0.0530029 0
2454888.7442549769766629 17.7719097 0.0520022 0
2454888.7451936341822147 17.7775421 0.0620031 0
2454888.7461322918534279 17.8091373 0.0660029 0
2454888.7470535878092051 17.7119770 0.0480037 0
2454888.7479812498204410 17.7735004 0.0760042 0
2454888.7489129630848765 17.8301067 0.0540017 0
2454888.7498718751594424 17.7454205 0.0590025 0
2454888.7507966435514390 17.7789116 0.0530024 0
2454888.7517289351671934 17.8277054 0.0560023 0
2454888.7526432871818542 17.9005947 0.0800038 0
2454888.7535784724168479 17.7899456 0.0560026 0
2454888.7545165508054197 17.7880246633803 99 1
2454888.7554476852528751 17.8018913 0.0520031 0
2454888.7563805556856096 17.8052444 0.0510033 0
2454888.7573082176968455 17.7804832 0.0550024 0
2454888.7582358797080815 17.7880246633803 99 1
2454888.7591681713238358 17.9023685 0.0600019 0
2454888.7600981481373310 17.7411613 0.0520028 0
2454888.7610315973870456 17.8336735 0.0540025 0
2454888.7619598377496004 17.8050842 0.0530034 0
2454888.7628956018015742 17.8160114 0.0580037 0
2454888.7638631942681968 17.8408699 0.0620024 0
2454888.7647983795031905 17.7913170 0.0530040 0
2454888.7657763888128102 17.8623276 0.0580034 0
2454888.7667086804285645 17.7880246633803 99 1
2454888.7676403936930001 17.6677494 0.0510100 0
2454888.7685732636600733 17.7880246633803 99 1
2454888.7696270835585892 17.7880246633803 99 1
2454888.7705732639878988 17.7880246633803 99 1
2454888.7715084492228925 17.6656532 0.0590035 0
2454888.7724303239956498 17.7826405 0.0730031 0
2454888.7733620372600853 17.8035221 0.0780046 0
2454888.7743105324916542 17.7880246633803 99 1
2454888.7761843749321997 17.7880246633803 99 1
2454888.7771444446407259 17.7880246633803 99 1
2454888.7781050927005708 17.7880246633803 99 1
2454888.7790119214914739 17.7880246633803 99 1
2454888.7799465279094875 17.7880246633803 99 1
2454888.7809378472156823 17.8004990 0.0550056 0
2454888.7818875000812113 17.7516918 0.0520101 0
2454888.7828354164958000 17.7880246633803 99 1
2454888.7837873841635883 17.7880246633803 99 1
2454888.7847306714393198 17.7433128 0.0530042 0
2454888.7856895835138857 17.7655430 0.0540032 0
2454888.7866369211114943 17.8400555 0.0560030 0
2454888.7875900464132428 17.8002663 0.0530060 0
2454888.7885396992787719 17.8370152 0.0570037 0
2454888.7894795136526227 17.8077488 0.0560060 0
